  5.636    1.317e-19
  5.687    1.207e-19
  5.740    1.317e-19
  5.794    1.317e-19
  5.848    1.317e-19
  5.904    1.317e-19
  5.961    1.317e-19
  6.019    1.317e-19
  6.078    1.317e-19
  6.138    1.427e-19
  6.199    1.427e-19
  6.262    1.427e-19
  6.326    1.427e-19
  6.391    1.427e-19
  6.458    1.427e-19
  6.525    1.537e-19
  6.595    1.537e-19
  6.666    1.537e-19
  6.738    1.537e-19
  6.812    1.537e-19
  6.888    1.646e-19
  6.965    1.646e-19
  7.045    1.646e-19
  7.126    1.646e-19
  7.208    1.646e-19
  7.293    1.756e-19
  7.380    1.756e-19
  7.469    1.756e-19
  7.560    1.866e-19
  7.653    1.866e-19
  7.749    1.976e-19
  7.847    1.976e-19
  7.948    2.085e-19
  8.051    2.085e-19
  8.157    2.085e-19
  8.266    2.195e-19
  8.377    2.195e-19
  8.492    2.195e-19
  8.610    2.305e-19
  8.731    2.415e-19
  8.856    2.415e-19
  8.984    2.524e-19
  9.116    2.524e-19
  9.253    2.744e-19
  9.393    2.854e-19
  9.537    2.854e-19
  9.686    2.963e-19
  9.840    3.073e-19
  9.999    3.293e-19
 10.16     3.293e-19
 10.33     3.402e-19
 10.51     3.622e-19
 10.69     3.732e-19
 10.88     3.841e-19
 11.07     3.951e-19
 11.27     4.171e-19
 11.48     4.390e-19
 11.70     4.610e-19
 11.92     4.719e-19
 12.16     5.049e-19
 12.40     5.158e-19
 12.7      5.488e-19
 12.9      5.707e-19
 13.2      6.146e-19
 13.5      6.365e-19
 13.8      6.805e-19
 14.1      7.244e-19
 14.4      7.682e-19
 14.8      8.122e-19
 15.1      8.890e-19
 15.5      9.329e-19
 15.7      9.768e-19
 15.9      1.010e-18
 16.1      1.032e-18
 16.3      1.076e-18
 16.5      1.108e-18
 16.8      1.163e-18
 17.0      1.196e-18
 17.2      1.251e-18
 17.5      1.372e-18
 17.7      1.383e-18
 18.0      1.416e-18
 18.2      1.438e-18
 18.5      1.547e-18
 18.8      1.613e-18
 19.1      1.635e-18
 19.4      1.745e-18
 19.7      1.855e-18
 20.0      1.910e-18
 20.3      2.008e-18
 20.7      2.030e-18
 21.0      2.162e-18
 21.4      2.305e-18
 21.8      2.393e-18
 22.1      2.480e-18
 22.5      2.656e-18
 23.0      2.875e-18
 23.4      2.985e-18
 23.8      3.161e-18
 24.3      3.314e-18
 24.8      3.490e-18
 25.3      3.808e-18
 25.8      3.907e-18
 26.4      4.149e-18
 27.0      4.357e-18
 27.6      4.664e-18
 28.2      4.895e-18
 28.8      5.202e-18
 29.5      5.685e-18
 30.2      6.025e-18
 31.0      6.409e-18
 31.4      6.640e-18
 31.8      6.980e-18
 32.2      6.947e-18
 32.6      7.408e-18
 33.1      7.661e-18
 33.5      7.913e-18
 34.0      8.132e-18
 34.4      8.440e-18
 34.9      8.879e-18
 35.4      9.065e-18
 35.9      9.537e-18
 36.5      1.005e-17
 37.0      1.028e-17
 37.6      1.073e-17
 38.1      1.090e-17
 38.7      1.140e-17
 39.4      1.223e-17
 40.0      1.325e-17
 40.7      1.364e-17
 41.3      1.429e-17
 42.0      1.493e-17
 42.8      1.541e-17
 43.5      1.590e-17
 44.3      1.688e-17
 45.1      1.770e-17
 45.9      1.855e-17
 46.8      1.921e-17
 47.7      2.026e-17
 48.6      2.166e-17
 49.6      2.209e-17
 50.6      2.310e-17
 51.7      2.408e-17
 52.8      2.532e-17
 53.9      2.610e-17
 55.1      2.701e-17
 56.4      2.805e-17
 57.7      2.968e-17
 59.0      3.051e-17
 60.5      3.209e-17
 62.0      3.356e-17
 63.6      3.454e-17
 65.3      3.758e-17
 67.0      3.847e-17
 68.9      3.932e-17
 70.8      4.180e-17
 72.9      4.189e-17
 75.1      4.367e-17
 77.5      4.581e-17
 80.0      4.673e-17
 82.7      4.719e-17
 85.5      4.744e-17
 88.6      4.836e-17
 91.8      4.714e-17
 95.4      4.471e-17
 99.2      3.947e-17
103        3.200e-17
108        2.826e-17
113        2.222e-17
118        1.933e-17
124        1.806e-17
131        1.385e-17
138        7.606e-18
146        2.480e-18
155        3.183e-19
165        3.293e-19

