182.00294    3.277E-19
182.00913    3.246E-19
182.01533    3.206E-19
182.02153    3.220E-19
182.02772    3.185E-19
182.03392    3.202E-19
182.04011    3.247E-19
182.04631    3.205E-19
182.05251    3.162E-19
182.05870    3.208E-19
182.06490    3.171E-19
182.07110    3.123E-19
182.07729    3.140E-19
182.08349    3.113E-19
182.08969    3.175E-19
182.09588    3.167E-19
182.10208    3.177E-19
182.10828    3.110E-19
182.11448    3.054E-19
182.12067    3.023E-19
182.12687    3.040E-19
182.13307    3.019E-19
182.13927    3.034E-19
182.14546    3.025E-19
182.15166    3.051E-19
182.15786    3.028E-19
182.16406    3.054E-19
182.17026    3.043E-19
182.17645    2.982E-19
182.18265    2.991E-19
182.18885    2.966E-19
182.19505    2.988E-19
182.20125    3.074E-19
182.20745    2.874E-19
182.21364    2.918E-19
182.21984    2.876E-19
182.22604    2.846E-19
182.23224    2.872E-19
182.23844    2.841E-19
182.24464    2.922E-19
182.25084    2.930E-19
182.25704    2.837E-19
182.26324    2.894E-19
182.26944    2.867E-19
182.27563    2.876E-19
182.28183    2.819E-19
182.28803    2.754E-19
182.29423    2.800E-19
182.30043    2.836E-19
182.30663    2.826E-19
182.31283    2.813E-19
182.31903    2.787E-19
182.32523    2.778E-19
182.33143    2.682E-19
182.33763    2.723E-19
182.34383    2.735E-19
182.35004    2.771E-19
182.35624    2.726E-19
182.36244    2.792E-19
182.36864    2.666E-19
182.37484    2.697E-19
182.38104    2.690E-19
182.38724    2.605E-19
182.39344    2.693E-19
182.39964    2.616E-19
182.40584    2.583E-19
182.41204    2.598E-19
182.41825    2.641E-19
182.42445    2.640E-19
182.43065    2.632E-19
182.43685    2.567E-19
182.44305    2.540E-19
182.44925    2.657E-19
182.45546    2.556E-19
182.46166    2.537E-19
182.46786    2.529E-19
182.47406    2.623E-19
182.48026    2.498E-19
182.48647    2.543E-19
182.49267    2.589E-19
182.49887    2.448E-19
182.50507    2.506E-19
182.51128    2.627E-19
182.51748    2.533E-19
182.52368    2.449E-19
182.52989    2.465E-19
182.53609    2.564E-19
182.54229    2.548E-19
182.54849    2.370E-19
182.55470    2.458E-19
182.56090    2.413E-19
182.56710    2.383E-19
182.57331    2.433E-19
182.57951    2.384E-19
182.58572    2.378E-19
182.59192    2.386E-19
182.59812    2.423E-19
182.60433    2.428E-19
182.61053    2.427E-19
182.61674    2.334E-19
182.62294    2.419E-19
182.62914    2.328E-19
182.63535    2.466E-19
182.64155    2.306E-19
182.64776    2.330E-19
182.65396    2.321E-19
182.66017    2.292E-19
182.66637    2.333E-19
182.67258    2.333E-19
182.67878    2.322E-19
182.68499    2.280E-19
182.69119    2.206E-19
182.69740    2.305E-19
182.70360    2.272E-19
182.70981    2.271E-19
182.71601    2.243E-19
182.72222    2.267E-19
182.72842    2.284E-19
182.73463    2.218E-19
182.74083    2.341E-19
182.74704    2.189E-19
182.75325    2.205E-19
182.75945    2.275E-19
182.76566    2.282E-19
182.77186    2.190E-19
182.77807    2.146E-19
182.78428    2.184E-19
182.79048    2.217E-19
182.79669    2.183E-19
182.80290    2.170E-19
182.80910    2.243E-19
182.81531    2.126E-19
182.82152    2.034E-19
182.82772    2.231E-19
182.83393    2.096E-19
182.84014    2.118E-19
182.84635    2.101E-19
182.85255    2.111E-19
182.85876    2.191E-19
182.86497    2.205E-19
182.87118    2.094E-19
182.87738    2.087E-19
182.88359    2.093E-19
182.88980    2.079E-19
182.89601    2.141E-19
182.90221    2.042E-19
182.90842    2.099E-19
182.91463    2.030E-19
182.92084    2.075E-19
182.92705    2.041E-19
182.93326    2.096E-19
182.93946    2.025E-19
182.94567    2.020E-19
182.95188    2.019E-19
182.95809    2.075E-19
182.96430    2.033E-19
182.97051    1.995E-19
182.97672    2.006E-19
182.98293    1.932E-19
182.98913    2.001E-19
182.99534    1.997E-19
183.00155    1.957E-19
183.00776    1.943E-19
183.01397    2.051E-19
183.02018    1.962E-19
183.02639    1.942E-19
183.03260    2.004E-19
183.03881    1.941E-19
183.04502    1.851E-19
183.05123    1.935E-19
183.05744    1.985E-19
183.06365    1.934E-19
183.06986    1.925E-19
183.07607    1.990E-19
183.08228    1.841E-19
183.08849    1.808E-19
183.09470    1.921E-19
183.10091    1.880E-19
183.10712    1.805E-19
183.11333    1.816E-19
183.11955    1.865E-19
183.12576    1.841E-19
183.13197    1.799E-19
183.13818    1.792E-19
183.14439    1.821E-19
183.15060    1.879E-19
183.15681    1.812E-19
183.16302    1.852E-19
183.16924    1.866E-19
183.17545    1.850E-19
183.18166    1.809E-19
183.18787    1.812E-19
183.19408    1.823E-19
183.20029    1.794E-19
183.20651    1.809E-19
183.21272    1.764E-19
183.21893    1.730E-19
183.22514    1.724E-19
183.23136    1.746E-19
183.23757    1.704E-19
183.24378    1.693E-19
183.24999    1.741E-19
183.25621    1.800E-19
183.26242    1.781E-19
183.26863    1.817E-19
183.27485    1.754E-19
183.28106    1.689E-19
183.28727    1.722E-19
183.29348    1.686E-19
183.29970    1.720E-19
183.30591    1.700E-19
183.31213    1.692E-19
183.31834    1.628E-19
183.32455    1.659E-19
183.33077    1.653E-19
183.33698    1.680E-19
183.34319    1.605E-19
183.34941    1.666E-19
183.35562    1.639E-19
183.36184    1.569E-19
183.36805    1.652E-19
183.37426    1.611E-19
183.38048    1.637E-19
183.38669    1.633E-19
183.39291    1.635E-19
183.39912    1.491E-19
183.40534    1.506E-19
183.41155    1.584E-19
183.41777    1.671E-19
183.42398    1.622E-19
183.43020    1.617E-19
183.43641    1.559E-19
183.44263    1.565E-19
183.44884    1.590E-19
183.45506    1.533E-19
183.46127    1.514E-19
183.46749    1.520E-19
183.47371    1.587E-19
183.47992    1.579E-19
183.48614    1.506E-19
183.49235    1.585E-19
183.49857    1.494E-19
183.50479    1.526E-19
183.51100    1.480E-19
183.51722    1.554E-19
183.52343    1.529E-19
183.52965    1.509E-19
183.53587    1.544E-19
183.54208    1.555E-19
183.54830    1.524E-19
183.55452    1.408E-19
183.56073    1.554E-19
183.56695    1.417E-19
183.57317    1.506E-19
183.57939    1.414E-19
183.58560    1.446E-19
183.59182    1.517E-19
183.59804    1.525E-19
183.60425    1.407E-19
183.61047    1.540E-19
183.61669    1.464E-19
183.62291    1.456E-19
183.62913    1.476E-19
183.63534    1.438E-19
183.64156    1.410E-19
183.64778    1.455E-19
183.65400    1.484E-19
183.66022    1.468E-19
183.66643    1.515E-19
183.67265    1.452E-19
183.67887    1.365E-19
183.68509    1.396E-19
183.69131    1.388E-19
183.69753    1.381E-19
183.70375    1.434E-19
183.70996    1.420E-19
183.71618    1.341E-19
183.72240    1.386E-19
183.72862    1.340E-19
183.73484    1.382E-19
183.74106    1.345E-19
183.74728    1.389E-19
183.75350    1.329E-19
183.75972    1.291E-19
183.76594    1.313E-19
183.77216    1.326E-19
183.77838    1.367E-19
183.78460    1.349E-19
183.79082    1.317E-19
183.79704    1.378E-19
183.80326    1.341E-19
183.80948    1.364E-19
183.81570    1.409E-19
183.82192    1.260E-19
183.82814    1.297E-19
183.83436    1.274E-19
183.84058    1.339E-19
183.84680    1.348E-19
183.85302    1.301E-19
183.85924    1.223E-19
183.86546    1.281E-19
183.87168    1.293E-19
183.87791    1.310E-19
183.88413    1.198E-19
183.88735    1.259E-19
183.89355    1.220E-19
183.89974    1.234E-19
183.90594    1.247E-19
183.91214    1.224E-19
183.91833    1.223E-19
183.92453    1.216E-19
183.93072    1.200E-19
183.93692    1.204E-19
183.94311    1.165E-19
183.94931    1.211E-19
183.95550    1.172E-19
183.96170    1.212E-19
183.96789    1.188E-19
183.97409    1.187E-19
183.98028    1.163E-19
183.98648    1.176E-19
183.99267    1.176E-19
183.99887    1.154E-19
184.00506    1.163E-19
184.01126    1.129E-19
184.01745    1.144E-19
184.02365    1.139E-19
184.02984    1.146E-19
184.03603    1.118E-19
184.04223    1.157E-19
184.04842    1.117E-19
184.05462    1.133E-19
184.06081    1.114E-19
184.06701    1.113E-19
184.07320    1.134E-19
184.07939    1.104E-19
184.08559    1.110E-19
184.09178    1.101E-19
184.09797    1.104E-19
184.10417    1.081E-19
184.11036    1.101E-19
184.11656    1.085E-19
184.12275    1.064E-19
184.12894    1.087E-19
184.13514    1.087E-19
184.14133    1.069E-19
184.14752    1.073E-19
184.15372    1.079E-19
184.15991    1.069E-19
184.16610    1.073E-19
184.17230    1.048E-19
184.17849    1.042E-19
184.18468    1.054E-19
184.19088    1.070E-19
184.19707    1.049E-19
184.20326    1.047E-19
184.20945    1.028E-19
184.21565    1.053E-19
184.22184    0.993E-19
184.22803    1.017E-19
184.23423    1.027E-19
184.24042    1.008E-19
184.24661    1.011E-19
184.25280    1.012E-19
184.25899    0.998E-19
184.26519    1.002E-19
184.27138    1.014E-19
184.27757    1.020E-19
184.28376    1.026E-19
184.28996    0.979E-19
184.29615    0.995E-19
184.30234    0.985E-19
184.30853    0.988E-19
184.31472    0.992E-19
184.32092    0.969E-19
184.32711    0.958E-19
184.33330    0.956E-19
184.33949    0.958E-19
184.34568    0.977E-19
184.35187    0.959E-19
184.35807    0.955E-19
184.36426    0.942E-19
184.37045    0.980E-19
184.37664    0.970E-19
184.38283    0.966E-19
184.38902    0.970E-19
184.39521    0.940E-19
184.40140    0.962E-19
184.40760    0.931E-19
184.41379    0.925E-19
184.41998    0.933E-19
184.42617    0.926E-19
184.43236    0.923E-19
184.43855    0.912E-19
184.44474    0.902E-19
184.45093    0.906E-19
184.45712    0.914E-19
184.46331    0.909E-19
184.46950    0.900E-19
184.47569    0.908E-19
184.48188    0.906E-19
184.48807    0.907E-19
184.49426    0.880E-19
184.50045    0.887E-19
184.50664    0.890E-19
184.51283    0.880E-19
184.51902    0.864E-19
184.52521    0.864E-19
184.53140    0.885E-19
184.53759    0.883E-19
184.54378    0.844E-19
184.54997    0.855E-19
184.55616    0.865E-19
184.56235    0.871E-19
184.56854    0.866E-19
184.57473    0.858E-19
184.58092    0.855E-19
184.58711    0.853E-19
184.59330    0.834E-19
184.59949    0.875E-19
184.60568    0.838E-19
184.61187    0.859E-19
184.61806    0.829E-19
184.62425    0.854E-19
184.63043    0.835E-19
184.63662    0.796E-19
184.64281    0.830E-19
184.64900    0.835E-19
184.65519    0.828E-19
184.66138    0.819E-19
184.66757    0.791E-19
184.67376    0.813E-19
184.67994    0.809E-19
184.68613    0.801E-19
184.69232    0.816E-19
184.69851    0.809E-19
184.70470    0.780E-19
184.71089    0.826E-19
184.71707    0.801E-19
184.72326    0.779E-19
184.72945    0.777E-19
184.73564    0.775E-19
184.74183    0.791E-19
184.74801    0.797E-19
184.75420    0.779E-19
184.76039    0.779E-19
184.76658    0.777E-19
184.77277    0.793E-19
184.77895    0.764E-19
184.78514    0.770E-19
184.79133    0.761E-19
184.79752    0.755E-19
184.80370    0.757E-19
184.80989    0.771E-19
184.81608    0.764E-19
184.82227    0.756E-19
184.82845    0.749E-19
184.83464    0.767E-19
184.84083    0.745E-19
184.84701    0.751E-19
184.85320    0.735E-19
184.85939    0.756E-19
184.86557    0.723E-19
184.87176    0.718E-19
184.87795    0.726E-19
184.88413    0.741E-19
184.89032    0.707E-19
184.89651    0.741E-19
184.90269    0.726E-19
184.90888    0.712E-19
184.91507    0.722E-19
184.92125    0.714E-19
184.92744    0.709E-19
184.93363    0.706E-19
184.93981    0.718E-19
184.94600    0.708E-19
184.95218    0.703E-19
184.95837    0.727E-19
184.96456    0.745E-19
184.97074    0.709E-19
184.97693    0.694E-19
184.98311    0.689E-19
184.98930    0.694E-19
184.99549    0.685E-19
185.00167    0.680E-19
185.00786    0.688E-19
185.01404    0.696E-19
185.02023    0.691E-19
185.02641    0.683E-19
185.03260    0.699E-19
185.03878    0.685E-19
185.04497    0.670E-19
185.05115    0.669E-19
185.05734    0.696E-19
185.06352    0.649E-19
185.06971    0.639E-19
185.07589    0.658E-19
185.08208    0.668E-19
185.08826    0.636E-19
185.09445    0.678E-19
185.10063    0.674E-19
185.10682    0.657E-19
185.11300    0.646E-19
185.11919    0.648E-19
185.12537    0.663E-19
185.13156    0.626E-19
185.13774    0.638E-19
185.14393    0.632E-19
185.15011    0.620E-19
185.15629    0.634E-19
185.16248    0.640E-19
185.16866    0.617E-19
185.17485    0.630E-19
185.18103    0.623E-19
185.18721    0.609E-19
185.19340    0.630E-19
185.19958    0.630E-19
185.20577    0.612E-19
185.21195    0.595E-19
185.21813    0.613E-19
185.22432    0.613E-19
185.23050    0.617E-19
185.23668    0.605E-19
185.24287    0.608E-19
185.24905    0.619E-19
185.25523    0.597E-19
185.26142    0.605E-19
185.26760    0.596E-19
185.27378    0.585E-19
185.27997    0.583E-19
185.28615    0.580E-19
185.29233    0.602E-19
185.29852    0.592E-19
185.30470    0.587E-19
185.31088    0.583E-19
185.31706    0.594E-19
185.32325    0.594E-19
185.32943    0.589E-19
185.33561    0.586E-19
185.34179    0.600E-19
185.34798    0.595E-19
185.35416    0.573E-19
185.36034    0.570E-19
185.36652    0.554E-19
185.37271    0.566E-19
185.37889    0.557E-19
185.38507    0.560E-19
185.39125    0.562E-19
185.39743    0.557E-19
185.40362    0.567E-19
185.40980    0.561E-19
185.41598    0.561E-19
185.42216    0.539E-19
185.42834    0.541E-19
185.43453    0.545E-19
185.44071    0.542E-19
185.44689    0.561E-19
185.45307    0.540E-19
185.45925    0.552E-19
185.46543    0.533E-19
185.47161    0.537E-19
185.47780    0.528E-19
185.48398    0.521E-19
185.49016    0.533E-19
185.49634    0.538E-19
185.50252    0.536E-19
185.50870    0.552E-19
185.51488    0.528E-19
185.52106    0.525E-19
185.52724    0.529E-19
185.53342    0.536E-19
185.53961    0.531E-19
185.54579    0.529E-19
185.55197    0.522E-19
185.55815    0.523E-19
185.56433    0.530E-19
185.57051    0.526E-19
185.57669    0.524E-19
185.58287    0.498E-19
185.58905    0.493E-19
185.59523    0.518E-19
185.60141    0.508E-19
185.60759    0.499E-19
185.61377    0.513E-19
185.61995    0.492E-19
185.62613    0.497E-19
185.63231    0.504E-19
185.63849    0.495E-19
185.64462    0.489E-19
185.65079    0.484E-19
185.65695    0.484E-19
185.66311    0.482E-19
185.66927    0.483E-19
185.67544    0.489E-19
185.68160    0.480E-19
185.68776    0.477E-19
185.69393    0.474E-19
185.70009    0.473E-19
185.70625    0.471E-19
185.71242    0.481E-19
185.71858    0.467E-19
185.72474    0.463E-19
185.73091    0.453E-19
185.73707    0.470E-19
185.74323    0.469E-19
185.74940    0.469E-19
185.75556    0.463E-19
185.76172    0.460E-19
185.76789    0.465E-19
185.77405    0.454E-19
185.78022    0.452E-19
185.78638    0.459E-19
185.79254    0.448E-19
185.79871    0.450E-19
185.80487    0.447E-19
185.81104    0.441E-19
185.81720    0.452E-19
185.82337    0.444E-19
185.82953    0.444E-19
185.83569    0.444E-19
185.84186    0.437E-19
185.84802    0.443E-19
185.85419    0.433E-19
185.86035    0.434E-19
185.86652    0.439E-19
185.87268    0.427E-19
185.87885    0.437E-19
185.88501    0.431E-19
185.89118    0.423E-19
185.89734    0.428E-19
185.90351    0.422E-19
185.90967    0.423E-19
185.91584    0.414E-19
185.92200    0.417E-19
185.92817    0.416E-19
185.93434    0.418E-19
185.94050    0.428E-19
185.94667    0.417E-19
185.95283    0.413E-19
185.95900    0.405E-19
185.96516    0.404E-19
185.97133    0.412E-19
185.97750    0.405E-19
185.98366    0.399E-19
185.98983    0.408E-19
185.99599    0.406E-19
186.00216    0.391E-19
186.00833    0.404E-19
186.01449    0.392E-19
186.02066    0.407E-19
186.02683    0.401E-19
186.03299    0.388E-19
186.03916    0.391E-19
186.04533    0.391E-19
186.05149    0.391E-19
186.05766    0.398E-19
186.06383    0.392E-19
186.06999    0.393E-19
186.07616    0.388E-19
186.08233    0.386E-19
186.08849    0.384E-19
186.09466    0.387E-19
186.10083    0.377E-19
186.10700    0.375E-19
186.11316    0.374E-19
186.11933    0.374E-19
186.12550    0.377E-19
186.13167    0.371E-19
186.13783    0.382E-19
186.14400    0.381E-19
186.15017    0.378E-19
186.15634    0.377E-19
186.16251    0.369E-19
186.16867    0.369E-19
186.17484    0.368E-19
186.18101    0.365E-19
186.18718    0.365E-19
186.19335    0.372E-19
186.19951    0.380E-19
186.20568    0.361E-19
186.21185    0.365E-19
186.21802    0.369E-19
186.22419    0.363E-19
186.23036    0.359E-19
186.23653    0.357E-19
186.24269    0.359E-19
186.24886    0.359E-19
186.25503    0.363E-19
186.26120    0.347E-19
186.26737    0.365E-19
186.27354    0.361E-19
186.27971    0.343E-19
186.28588    0.349E-19
186.29205    0.355E-19
186.29822    0.351E-19
186.30438    0.344E-19
186.31055    0.345E-19
186.31672    0.346E-19
186.32289    0.347E-19
186.32906    0.353E-19
186.33523    0.342E-19
186.34140    0.343E-19
186.34757    0.337E-19
186.35374    0.345E-19
186.35991    0.337E-19
186.36608    0.332E-19
186.37225    0.337E-19
186.37842    0.333E-19
186.38459    0.335E-19
186.39076    0.332E-19
186.39693    0.335E-19
186.40310    0.328E-19
186.40927    0.329E-19
186.41544    0.329E-19
186.42161    0.324E-19
186.42779    0.326E-19
186.43396    0.331E-19
186.44013    0.320E-19
186.44630    0.327E-19
186.45247    0.323E-19
186.45864    0.318E-19
186.46481    0.322E-19
186.47098    0.323E-19
186.47715    0.317E-19
186.48332    0.306E-19
186.48950    0.315E-19
186.49567    0.311E-19
186.50184    0.313E-19
186.50801    0.307E-19
186.51418    0.307E-19
186.52035    0.303E-19
186.52652    0.306E-19
186.53270    0.297E-19
186.53887    0.300E-19
186.54504    0.306E-19
186.55121    0.310E-19
186.55738    0.300E-19
186.56356    0.299E-19
186.56973    0.303E-19
186.57590    0.308E-19
186.58207    0.306E-19
186.58824    0.296E-19
186.59442    0.300E-19
186.60059    0.306E-19
186.60676    0.293E-19
186.61293    0.285E-19
186.61911    0.297E-19
186.62528    0.290E-19
186.63145    0.295E-19
186.63763    0.287E-19
186.64380    0.301E-19
186.64997    0.288E-19
186.65614    0.288E-19
186.66232    0.299E-19
186.66849    0.287E-19
186.67466    0.288E-19
186.68084    0.287E-19
186.68701    0.288E-19
186.69318    0.290E-19
186.69936    0.287E-19
186.70553    0.290E-19
186.71170    0.278E-19
186.71788    0.286E-19
186.72405    0.283E-19
186.73023    0.286E-19
186.73640    0.283E-19
186.74257    0.277E-19
186.74875    0.281E-19
186.75492    0.279E-19
186.76109    0.275E-19
186.76727    0.279E-19
186.77344    0.278E-19
186.77962    0.280E-19
186.78579    0.272E-19
186.79197    0.276E-19
186.79814    0.277E-19
186.80432    0.270E-19
186.81049    0.273E-19
186.81666    0.264E-19
186.82284    0.269E-19
186.82901    0.267E-19
186.83519    0.267E-19
186.84136    0.264E-19
186.84754    0.266E-19
186.85371    0.261E-19
186.85989    0.261E-19
186.86606    0.255E-19
186.87224    0.254E-19
186.87841    0.259E-19
186.88459    0.262E-19
186.89077    0.261E-19
186.89694    0.250E-19
186.90312    0.254E-19
186.90929    0.254E-19
186.91547    0.255E-19
186.92164    0.262E-19
186.92782    0.245E-19
186.93399    0.254E-19
186.94017    0.254E-19
186.94635    0.253E-19
186.95252    0.240E-19
186.95870    0.255E-19
186.96488    0.244E-19
186.97105    0.243E-19
186.97723    0.240E-19
186.98340    0.253E-19
186.98958    0.236E-19
186.99576    0.242E-19
187.00193    0.243E-19
187.00811    0.244E-19
187.01429    0.249E-19
187.02046    0.243E-19
187.02664    0.237E-19
187.03282    0.243E-19
187.03899    0.237E-19
187.04517    0.243E-19
187.05135    0.247E-19
187.05753    0.244E-19
187.06370    0.244E-19
187.06988    0.236E-19
187.07606    0.237E-19
187.08223    0.231E-19
187.08841    0.234E-19
187.09459    0.239E-19
187.10077    0.234E-19
187.10694    0.229E-19
187.11312    0.237E-19
187.11930    0.232E-19
187.12548    0.236E-19
187.13166    0.235E-19
187.13783    0.229E-19
187.14401    0.228E-19
187.15019    0.233E-19
187.15637    0.227E-19
187.16255    0.225E-19
187.16872    0.228E-19
187.17490    0.236E-19
187.18108    0.226E-19
187.18726    0.227E-19
187.19344    0.224E-19
187.19962    0.230E-19
187.20580    0.227E-19
187.21197    0.221E-19
187.21815    0.225E-19
187.22433    0.225E-19
187.23051    0.227E-19
187.23669    0.224E-19
187.24287    0.228E-19
187.24905    0.223E-19
187.25523    0.219E-19
187.26141    0.220E-19
187.26759    0.223E-19
187.27377    0.218E-19
187.27994    0.215E-19
187.28612    0.218E-19
187.29230    0.222E-19
187.29848    0.221E-19
187.30466    0.207E-19
187.31084    0.212E-19
187.31702    0.208E-19
187.32320    0.217E-19
187.32938    0.221E-19
187.33556    0.216E-19
187.34174    0.210E-19
187.34792    0.214E-19
187.35410    0.211E-19
187.36028    0.209E-19
187.36646    0.213E-19
187.37264    0.209E-19
187.37882    0.210E-19
187.38500    0.207E-19
187.39119    0.207E-19
187.39737    0.209E-19
187.40355    0.203E-19
187.40973    0.199E-19
187.41591    0.199E-19
187.42209    0.208E-19
187.42827    0.207E-19
187.43445    0.206E-19
187.44063    0.207E-19
187.44681    0.206E-19
187.45299    0.206E-19
187.45918    0.205E-19
187.46536    0.205E-19
187.47154    0.205E-19
187.47772    0.203E-19
187.48390    0.198E-19
187.49008    0.200E-19
187.49626    0.202E-19
187.50245    0.198E-19
187.50863    0.194E-19
187.51481    0.201E-19
187.52099    0.198E-19
187.52717    0.190E-19
187.53336    0.195E-19
187.53954    0.195E-19
187.54572    0.196E-19
187.55190    0.193E-19
187.55808    0.196E-19
187.56427    0.188E-19
187.57045    0.189E-19
187.57663    0.181E-19
187.58281    0.181E-19
187.58900    0.182E-19
187.59518    0.182E-19
187.60136    0.186E-19
187.60755    0.187E-19
187.61373    0.191E-19
187.61991    0.181E-19
187.62609    0.180E-19
187.63228    0.181E-19
187.63846    0.181E-19
187.64464    0.178E-19
187.65083    0.183E-19
187.65701    0.184E-19
187.66319    0.178E-19
187.66938    0.178E-19
187.67556    0.178E-19
187.68174    0.172E-19
187.68793    0.184E-19
187.69411    0.181E-19
187.70029    0.182E-19
187.70648    0.181E-19
187.71266    0.175E-19
187.71885    0.179E-19
187.72503    0.177E-19
187.73121    0.176E-19
187.73740    0.170E-19
187.74358    0.175E-19
187.74977    0.173E-19
187.75595    0.173E-19
187.76214    0.174E-19
187.76832    0.171E-19
187.77450    0.169E-19
187.78069    0.166E-19
187.78687    0.162E-19
187.79306    0.168E-19
187.79924    0.169E-19
187.80543    0.167E-19
187.81161    0.170E-19
187.81780    0.175E-19
187.82398    0.167E-19
187.83017    0.165E-19
187.83635    0.164E-19
187.84254    0.168E-19
187.84872    0.164E-19
187.85491    0.168E-19
187.86109    0.168E-19
187.86728    0.161E-19
187.87347    0.168E-19
187.87965    0.172E-19
187.88584    0.158E-19
187.89202    0.155E-19
187.89821    0.163E-19
187.90439    0.160E-19
187.91058    0.157E-19
187.91677    0.154E-19
187.92295    0.158E-19
187.92914    0.162E-19
187.93532    0.159E-19
187.94151    0.156E-19
187.94770    0.152E-19
187.95388    0.164E-19
187.96007    0.153E-19
187.96626    0.158E-19
187.97244    0.151E-19
187.97863    0.158E-19
187.98482    0.152E-19
187.99100    0.152E-19
187.99719    0.155E-19
188.00338    0.150E-19
188.00956    0.154E-19
188.01575    0.153E-19
188.02194    0.159E-19
188.02812    0.153E-19
188.03431    0.158E-19
188.04050    0.154E-19
188.04669    0.152E-19
188.05287    0.146E-19
188.05906    0.149E-19
188.06525    0.154E-19
188.07144    0.157E-19
188.07762    0.154E-19
188.08381    0.148E-19
188.09000    0.147E-19
188.09619    0.144E-19
188.10238    0.148E-19
188.10856    0.150E-19
188.11475    0.146E-19
188.12094    0.145E-19
188.12713    0.140E-19
188.13332    0.147E-19
188.13950    0.141E-19
188.14569    0.140E-19
188.15188    0.142E-19
188.15807    0.145E-19
188.16426    0.144E-19
188.17045    0.145E-19
188.17663    0.140E-19
188.18282    0.140E-19
188.18901    0.143E-19
188.19520    0.140E-19
188.20139    0.142E-19
188.20758    0.141E-19
188.21281    0.1407E-19
188.21897    0.1402E-19
188.22513    0.1401E-19
188.23130    0.1355E-19
188.23746    0.1394E-19
188.24362    0.1363E-19
188.24979    0.1383E-19
188.25595    0.1387E-19
188.26211    0.1362E-19
188.26828    0.1331E-19
188.27444    0.1394E-19
188.28060    0.1362E-19
188.28677    0.1377E-19
188.29293    0.1346E-19
188.29909    0.1385E-19
188.30526    0.1344E-19
188.31142    0.1356E-19
188.31758    0.1343E-19
188.32375    0.1352E-19
188.32991    0.1310E-19
188.33608    0.1355E-19
188.34224    0.1338E-19
188.34840    0.1311E-19
188.35457    0.1305E-19
188.36073    0.1306E-19
188.36689    0.1319E-19
188.37306    0.1309E-19
188.37922    0.1352E-19
188.38539    0.1312E-19
188.39155    0.1314E-19
188.39771    0.1282E-19
188.40388    0.1273E-19
188.41004    0.1282E-19
188.41621    0.1271E-19
188.42237    0.1290E-19
188.42853    0.1280E-19
188.43470    0.1254E-19
188.44086    0.1253E-19
188.44703    0.1259E-19
188.45319    0.1262E-19
188.45936    0.1251E-19
188.46552    0.1261E-19
188.47168    0.1249E-19
188.47785    0.1250E-19
188.48401    0.1233E-19
188.49018    0.1226E-19
188.49634    0.1242E-19
188.50251    0.1242E-19
188.50867    0.1234E-19
188.51484    0.1215E-19
188.52100    0.1247E-19
188.52717    0.1209E-19
188.53333    0.1211E-19
188.53950    0.1199E-19
188.54566    0.1211E-19
188.55182    0.1163E-19
188.55799    0.1175E-19
188.56415    0.1203E-19
188.57032    0.1216E-19
188.57648    0.1185E-19
188.58265    0.1169E-19
188.58881    0.1195E-19
188.59498    0.1196E-19
188.60114    0.1168E-19
188.60731    0.1171E-19
188.61347    0.1178E-19
188.61964    0.1177E-19
188.62580    0.1183E-19
188.63197    0.1132E-19
188.63813    0.1159E-19
188.64430    0.1132E-19
188.65046    0.1139E-19
188.65663    0.1141E-19
188.66280    0.1116E-19
188.66896    0.1153E-19
188.67513    0.1118E-19
188.68129    0.1118E-19
188.68746    0.1100E-19
188.69362    0.1123E-19
188.69979    0.1117E-19
188.70595    0.1104E-19
188.71212    0.1085E-19
188.71828    0.1136E-19
188.72445    0.1101E-19
188.73062    0.1120E-19
188.73678    0.1094E-19
188.74295    0.1119E-19
188.74911    0.1090E-19
188.75528    0.1108E-19
188.76144    0.1108E-19
188.76761    0.1045E-19
188.77378    0.1060E-19
188.77994    0.1083E-19
188.78611    0.1086E-19
188.79227    0.1089E-19
188.79844    0.1087E-19
188.80461    0.1104E-19
188.81077    0.1085E-19
188.81694    0.1073E-19
188.82310    0.1059E-19
188.82927    0.1036E-19
188.83544    0.1062E-19
188.84160    0.1085E-19
188.84777    0.1062E-19
188.85393    0.1023E-19
188.86010    0.1054E-19
188.86627    0.1046E-19
188.87243    0.1063E-19
188.87860    0.1020E-19
188.88477    0.1032E-19
188.89093    0.0991E-19
188.89710    0.1023E-19
188.90326    0.1020E-19
188.90943    0.1000E-19
188.91560    0.1015E-19
188.92176    0.1024E-19
188.92793    0.0988E-19
188.93410    0.1008E-19
188.94026    0.0960E-19
188.94643    0.1009E-19
188.95260    0.0999E-19
188.95876    0.1004E-19
188.96493    0.1006E-19
188.97110    0.0959E-19
188.97726    0.0991E-19
188.98343    0.0962E-19
188.98960    0.0995E-19
188.99577    0.0981E-19
189.00193    0.0947E-19
189.00810    0.0994E-19
189.01427    0.0965E-19
189.02043    0.0953E-19
189.02660    0.0974E-19
189.03277    0.0964E-19
189.03893    0.0952E-19
189.04510    0.0963E-19
189.05127    0.0990E-19
189.05744    0.0966E-19
189.06360    0.0920E-19
189.06977    0.0955E-19
189.07594    0.0951E-19
189.08210    0.0931E-19
189.08827    0.0943E-19
189.09444    0.0940E-19
189.10061    0.0910E-19
189.10677    0.0912E-19
189.11294    0.0922E-19
189.11911    0.0919E-19
189.12528    0.0909E-19
189.13144    0.0936E-19
189.13761    0.0908E-19
189.14378    0.0908E-19
189.14995    0.0929E-19
189.15611    0.0921E-19
189.16228    0.0910E-19
189.16845    0.0926E-19
189.17462    0.0889E-19
189.18079    0.0896E-19
189.18695    0.0915E-19
189.19312    0.0902E-19
189.19929    0.0875E-19
189.20546    0.0868E-19
189.21162    0.0888E-19
189.21779    0.0862E-19
189.22396    0.0901E-19
189.23013    0.0877E-19
189.23630    0.0876E-19
189.24246    0.0868E-19
189.24863    0.0882E-19
189.25480    0.0838E-19
189.26097    0.0867E-19
189.26714    0.0837E-19
189.27331    0.0866E-19
189.27947    0.0847E-19
189.28564    0.0855E-19
189.29181    0.0851E-19
189.29798    0.0834E-19
189.30415    0.0832E-19
189.31032    0.0855E-19
189.31648    0.0841E-19
189.32265    0.0867E-19
189.32882    0.0864E-19
189.33499    0.0850E-19
189.34116    0.0844E-19
189.34733    0.0819E-19
189.35349    0.0831E-19
189.35966    0.0821E-19
189.36583    0.0829E-19
189.37200    0.0824E-19
189.37817    0.0825E-19
189.38434    0.0820E-19
189.39051    0.0819E-19
189.39668    0.0811E-19
189.40284    0.0821E-19
189.40901    0.0832E-19
189.41518    0.0788E-19
189.42135    0.0815E-19
189.42752    0.0798E-19
189.43369    0.0793E-19
189.43986    0.0782E-19
189.44603    0.0786E-19
189.45220    0.0810E-19
189.45837    0.0780E-19
189.46453    0.0809E-19
189.47070    0.0774E-19
189.47687    0.0771E-19
189.48304    0.0759E-19
189.48921    0.0776E-19
189.49538    0.0758E-19
189.50155    0.0755E-19
189.50772    0.0752E-19
189.51389    0.0767E-19
189.52006    0.0752E-19
189.52623    0.0746E-19
189.53240    0.0770E-19
189.53857    0.0764E-19
189.54474    0.0729E-19
189.55091    0.0751E-19
189.55708    0.0735E-19
189.56324    0.0771E-19
189.56941    0.0759E-19
189.57558    0.0762E-19
189.58175    0.0731E-19
189.58792    0.0737E-19
189.59409    0.0744E-19
189.60026    0.0724E-19
189.60643    0.0743E-19
189.61260    0.0725E-19
189.61877    0.0751E-19
189.62494    0.0757E-19
189.63111    0.0724E-19
189.63728    0.0721E-19
189.64345    0.0741E-19
189.64962    0.0740E-19
189.65579    0.0728E-19
189.66196    0.0718E-19
189.66813    0.0715E-19
189.67430    0.0679E-19
189.68047    0.0699E-19
189.68664    0.0719E-19
189.69281    0.0699E-19
189.69898    0.0736E-19
189.70515    0.0704E-19
189.71132    0.0711E-19
189.71749    0.0696E-19
189.72366    0.0688E-19
189.72984    0.0680E-19
189.73601    0.0699E-19
189.74218    0.0691E-19
189.74835    0.0707E-19
189.75452    0.0692E-19
189.76069    0.0681E-19
189.76686    0.0664E-19
189.77303    0.0697E-19
189.77920    0.0682E-19
189.78537    0.0682E-19
189.79154    0.0675E-19
189.79771    0.0719E-19
189.80388    0.0696E-19
189.81005    0.0693E-19
189.81622    0.0674E-19
189.82239    0.0682E-19
189.82857    0.0678E-19
189.83474    0.0656E-19
189.84091    0.0659E-19
189.84708    0.0664E-19
189.85325    0.0657E-19
189.85942    0.0645E-19
189.86559    0.0636E-19
189.87176    0.0664E-19
189.87793    0.0643E-19
189.88410    0.0662E-19
189.89028    0.0655E-19
189.89645    0.0659E-19
189.90262    0.0653E-19
189.90879    0.0670E-19
189.91496    0.0622E-19
189.92113    0.0643E-19
189.92730    0.0624E-19
189.93347    0.0626E-19
189.93965    0.0642E-19
189.94582    0.0635E-19
189.95199    0.0631E-19
189.95816    0.0624E-19
189.96433    0.0641E-19
189.97050    0.0653E-19
189.97667    0.0639E-19
189.98285    0.0636E-19
189.98902    0.0649E-19
189.99519    0.0626E-19
190.00136    0.0626E-19
190.00753    0.0640E-19
190.01370    0.0614E-19
190.01988    0.0622E-19
190.02605    0.0626E-19
190.03222    0.0640E-19
190.03839    0.0615E-19
190.04456    0.0627E-19
190.05074    0.0646E-19
190.05691    0.0612E-19
190.06308    0.0590E-19
190.06925    0.0598E-19
190.07542    0.0632E-19
190.08160    0.0608E-19
190.08777    0.0639E-19
190.09394    0.0610E-19
190.10011    0.0598E-19
190.10628    0.0601E-19
190.11246    0.0575E-19
190.11863    0.0609E-19
190.12480    0.0586E-19
190.13097    0.0584E-19
190.13715    0.0570E-19
190.14332    0.0591E-19
190.14949    0.0589E-19
190.15566    0.0605E-19
190.16184    0.0578E-19
190.16801    0.0598E-19
190.17418    0.0620E-19
190.18035    0.0593E-19
190.18653    0.0582E-19
190.19270    0.0568E-19
190.19887    0.0573E-19
190.20504    0.0567E-19
190.21122    0.0593E-19
190.21739    0.0580E-19
190.22356    0.0578E-19
190.22973    0.0584E-19
190.23591    0.0589E-19
190.24208    0.0567E-19
190.24825    0.0578E-19
190.25443    0.0573E-19
190.26060    0.0539E-19
190.26677    0.0561E-19
190.27294    0.0590E-19
190.27912    0.0559E-19
190.28529    0.0575E-19
190.29146    0.0555E-19
190.29764    0.0558E-19
190.30381    0.0570E-19
190.30998    0.0562E-19
190.31616    0.0542E-19
190.32233    0.0568E-19
190.32850    0.0544E-19
190.33468    0.0544E-19
190.34085    0.0542E-19
190.34702    0.0536E-19
190.35320    0.0570E-19
190.35937    0.0546E-19
190.36554    0.0536E-19
190.37172    0.0550E-19
190.37789    0.0538E-19
190.38406    0.0547E-19
190.39024    0.0563E-19
190.39641    0.0541E-19
190.40258    0.0530E-19
190.40876    0.0550E-19
190.41493    0.0547E-19
190.42111    0.0539E-19
190.42728    0.0531E-19
190.43345    0.0549E-19
190.43963    0.0525E-19
190.44580    0.0542E-19
190.45197    0.0510E-19
190.45815    0.0537E-19
190.46432    0.0542E-19
190.47050    0.0520E-19
190.47667    0.0547E-19
190.48284    0.0535E-19
190.48902    0.0539E-19
190.49519    0.0524E-19
190.50137    0.0536E-19
190.50754    0.0506E-19
190.51371    0.0523E-19
190.51989    0.0535E-19
190.52606    0.0503E-19
190.53224    0.0507E-19
190.53841    0.0525E-19
190.54459    0.0515E-19
190.55076    0.0491E-19
190.55693    0.0497E-19
190.56311    0.0512E-19
190.56928    0.0496E-19
190.57546    0.0479E-19
190.58163    0.0500E-19
190.58781    0.0465E-19
190.59398    0.0488E-19
190.60016    0.0484E-19
190.60633    0.0486E-19
190.61250    0.0507E-19
190.61868    0.0494E-19
190.62485    0.0527E-19
190.63103    0.0479E-19
190.63720    0.0473E-19
190.64338    0.0481E-19
190.64955    0.0508E-19
190.65573    0.0489E-19
190.66190    0.0475E-19
190.66808    0.0474E-19
190.67079    0.0482E-19
190.67696    0.0489E-19
190.68312    0.0475E-19
190.68929    0.0475E-19
190.69545    0.0492E-19
190.70162    0.0479E-19
190.70778    0.0480E-19
190.71395    0.0467E-19
190.72011    0.0486E-19
190.72628    0.0482E-19
190.73244    0.0472E-19
190.73861    0.0475E-19
190.74477    0.0468E-19
190.75094    0.0466E-19
190.75710    0.0473E-19
190.76327    0.0461E-19
190.76943    0.0471E-19
190.77560    0.0464E-19
190.78176    0.0466E-19
190.78793    0.0473E-19
190.79409    0.0459E-19
190.80026    0.0465E-19
190.80642    0.0457E-19
190.81259    0.0456E-19
190.81875    0.0451E-19
190.82491    0.0466E-19
190.83108    0.0448E-19
190.83724    0.0444E-19
190.84341    0.0452E-19
190.84957    0.0449E-19
190.85574    0.0455E-19
190.86190    0.0439E-19
190.86807    0.0455E-19
190.87423    0.0445E-19
190.88040    0.0454E-19
190.88656    0.0452E-19
190.89273    0.0439E-19
190.89889    0.0448E-19
190.90506    0.0444E-19
190.91122    0.0430E-19
190.91739    0.0435E-19
190.92355    0.0448E-19
190.92972    0.0438E-19
190.93588    0.0435E-19
190.94205    0.0433E-19
190.94821    0.0442E-19
190.95437    0.0426E-19
190.96054    0.0445E-19
190.96670    0.0444E-19
190.97287    0.0434E-19
190.97903    0.0422E-19
190.98520    0.0425E-19
190.99136    0.0436E-19
190.99753    0.0431E-19
191.00369    0.0419E-19
191.00986    0.0431E-19
191.01602    0.0421E-19
191.02219    0.0425E-19
191.02835    0.0425E-19
191.03452    0.0423E-19
191.04068    0.0422E-19
191.04684    0.0418E-19
191.05301    0.0428E-19
191.05917    0.0428E-19
191.06534    0.0414E-19
191.07150    0.0420E-19
191.07767    0.0422E-19
191.08383    0.0413E-19
191.09000    0.0406E-19
191.09616    0.0406E-19
191.10233    0.0411E-19
191.10849    0.0402E-19
191.11466    0.0406E-19
191.12082    0.0410E-19
191.12698    0.0414E-19
191.13315    0.0412E-19
191.13931    0.0410E-19
191.14548    0.0400E-19
191.15164    0.0405E-19
191.15781    0.0412E-19
191.16397    0.0406E-19
191.17014    0.0403E-19
191.17630    0.0403E-19
191.18247    0.0404E-19
191.18863    0.0402E-19
191.19479    0.0405E-19
191.20096    0.0403E-19
191.20712    0.0389E-19
191.21329    0.0397E-19
191.21945    0.0391E-19
191.22562    0.0390E-19
191.23178    0.0388E-19
191.23795    0.0389E-19
191.24411    0.0394E-19
191.25027    0.0385E-19
191.25644    0.0395E-19
191.26260    0.0385E-19
191.26877    0.0390E-19
191.27493    0.0388E-19
191.28110    0.0393E-19
191.28726    0.0382E-19
191.29343    0.0384E-19
191.29959    0.0375E-19
191.30576    0.0370E-19
191.31192    0.0384E-19
191.31808    0.0380E-19
191.32425    0.0380E-19
191.33041    0.0380E-19
191.33658    0.0374E-19
191.34274    0.0361E-19
191.34891    0.0375E-19
191.35507    0.0382E-19
191.36123    0.0380E-19
191.36740    0.0374E-19
191.37356    0.0371E-19
191.37973    0.0373E-19
191.38589    0.0367E-19
191.39206    0.0371E-19
191.39822    0.0375E-19
191.40439    0.0368E-19
191.41055    0.0367E-19
191.41671    0.0363E-19
191.42288    0.0351E-19
191.42904    0.0360E-19
191.43521    0.0365E-19
191.44137    0.0361E-19
191.44754    0.0373E-19
191.45370    0.0360E-19
191.45986    0.0357E-19
191.46603    0.0357E-19
191.47219    0.0365E-19
191.47836    0.0360E-19
191.48452    0.0350E-19
191.49069    0.0358E-19
191.49685    0.0356E-19
191.50301    0.0354E-19
191.50918    0.0347E-19
191.51534    0.0359E-19
191.52151    0.0354E-19
191.52767    0.0350E-19
191.53384    0.0356E-19
191.54000    0.0346E-19
191.54617    0.0344E-19
191.55233    0.0346E-19
191.55849    0.0347E-19
191.56466    0.0343E-19
191.57082    0.0351E-19
191.57699    0.0345E-19
191.58315    0.0345E-19
191.58931    0.0349E-19
191.59548    0.0350E-19
191.60164    0.0338E-19
191.60781    0.0340E-19
191.61397    0.0343E-19
191.62014    0.0332E-19
191.62630    0.0341E-19
191.63246    0.0333E-19
191.63863    0.0330E-19
191.64479    0.0331E-19
191.65096    0.0332E-19
191.65712    0.0336E-19
191.66329    0.0346E-19
191.66945    0.0331E-19
191.67561    0.0336E-19
191.68178    0.0331E-19
191.68794    0.0334E-19
191.69411    0.0331E-19
191.70027    0.0334E-19
191.70643    0.0325E-19
191.71260    0.0326E-19
191.71876    0.0324E-19
191.72493    0.0327E-19
191.73109    0.0325E-19
191.73726    0.0322E-19
191.74342    0.0319E-19
191.74958    0.0326E-19
191.75575    0.0327E-19
191.76191    0.0322E-19
191.76808    0.0316E-19
191.77424    0.0322E-19
191.78040    0.0319E-19
191.78657    0.0319E-19
191.79273    0.0317E-19
191.79890    0.0322E-19
191.80506    0.0304E-19
191.81122    0.0314E-19
191.81739    0.0324E-19
191.82355    0.0315E-19
191.82972    0.0313E-19
191.83588    0.0307E-19
191.84205    0.0312E-19
191.84821    0.0306E-19
191.85437    0.0313E-19
191.86054    0.0305E-19
191.86670    0.0306E-19
191.87287    0.0314E-19
191.87903    0.0310E-19
191.88519    0.0306E-19
191.89136    0.0313E-19
191.89752    0.0310E-19
191.90369    0.0300E-19
191.90985    0.0303E-19
191.91601    0.0303E-19
191.92218    0.0307E-19
191.92834    0.0303E-19
191.93451    0.0309E-19
191.94067    0.0297E-19
191.94683    0.0307E-19
191.95300    0.0306E-19
191.95916    0.0297E-19
191.96533    0.0302E-19
191.97149    0.0299E-19
191.97765    0.0300E-19
191.98382    0.0296E-19
191.98998    0.0297E-19
191.99615    0.0300E-19
192.00231    0.0297E-19
192.00847    0.0300E-19
192.01464    0.0289E-19
192.02080    0.0296E-19
192.02696    0.0296E-19
192.03313    0.0289E-19
192.03929    0.0297E-19
192.04546    0.0290E-19
192.05162    0.0301E-19
192.05778    0.0296E-19
192.06395    0.0297E-19
192.07011    0.0296E-19
192.07628    0.0294E-19
192.08244    0.0285E-19
192.08860    0.0278E-19
192.09477    0.0286E-19
192.10093    0.0280E-19
192.10710    0.0273E-19
192.11326    0.0284E-19
192.11942    0.0288E-19
192.12559    0.0284E-19
192.13175    0.0289E-19
192.13791    0.0291E-19
192.14408    0.0283E-19
192.15024    0.0289E-19
192.15641    0.0273E-19
192.16257    0.0288E-19
192.16873    0.0288E-19
192.17490    0.0276E-19
192.18106    0.0278E-19
192.18723    0.0281E-19
192.19339    0.0277E-19
192.19955    0.0270E-19
192.20572    0.0284E-19
192.21188    0.0275E-19
192.21804    0.0274E-19
192.22421    0.0274E-19
192.23037    0.0261E-19
192.23654    0.0264E-19
192.24270    0.0268E-19
192.24886    0.0267E-19
192.25503    0.0266E-19
192.26119    0.0267E-19
192.26735    0.0269E-19
192.27352    0.0264E-19
192.27968    0.0268E-19
192.28585    0.0265E-19
192.29201    0.0264E-19
192.29817    0.0262E-19
192.30434    0.0275E-19
192.31050    0.0264E-19
192.31666    0.0267E-19
192.32283    0.0255E-19
192.32899    0.0258E-19
192.33516    0.0260E-19
192.34132    0.0265E-19
192.34748    0.0265E-19
192.35365    0.0254E-19
192.35981    0.0269E-19
192.36597    0.0264E-19
192.37214    0.0255E-19
192.37830    0.0253E-19
192.38447    0.0259E-19
192.39063    0.0255E-19
192.39679    0.0264E-19
192.40296    0.0258E-19
192.40912    0.0254E-19
192.41528    0.0254E-19
192.42145    0.0253E-19
192.42761    0.0261E-19
192.43377    0.0248E-19
192.43994    0.0261E-19
192.44610    0.0248E-19
192.45227    0.0257E-19
192.45843    0.0252E-19
192.46459    0.0244E-19
192.47076    0.0249E-19
192.47692    0.0249E-19
192.48308    0.0252E-19
192.48925    0.0248E-19
192.49541    0.0255E-19
192.50157    0.0251E-19
192.50774    0.0252E-19
192.51390    0.0248E-19
192.52007    0.0239E-19
192.52623    0.0247E-19
192.53239    0.0245E-19
192.53856    0.0245E-19
192.54472    0.0253E-19
192.55088    0.0245E-19
192.55705    0.0243E-19
192.56321    0.0249E-19
192.56937    0.0245E-19
192.57554    0.0239E-19
192.58170    0.0245E-19
192.58786    0.0234E-19
192.59403    0.0247E-19
192.60019    0.0241E-19
192.60635    0.0230E-19
192.61252    0.0238E-19
192.61868    0.0255E-19
192.62485    0.0237E-19
192.63101    0.0237E-19
192.63717    0.0240E-19
192.64334    0.0231E-19
192.64950    0.0238E-19
192.65566    0.0228E-19
192.66183    0.0236E-19
192.66799    0.0231E-19
192.67415    0.0229E-19
192.68032    0.0232E-19
192.68648    0.0233E-19
192.69264    0.0236E-19
192.69881    0.0235E-19
192.70497    0.0235E-19
192.71113    0.0231E-19
192.71730    0.0223E-19
192.72346    0.0232E-19
192.72962    0.0229E-19
192.73579    0.0227E-19
192.74195    0.0229E-19
192.74811    0.0235E-19
192.75428    0.0222E-19
192.76044    0.0231E-19
192.76660    0.0226E-19
192.77277    0.0227E-19
192.77893    0.0230E-19
192.78509    0.0232E-19
192.79126    0.0237E-19
192.79742    0.0223E-19
192.80358    0.0226E-19
192.80975    0.0218E-19
192.81591    0.0222E-19
192.82208    0.0228E-19
192.82824    0.0235E-19
192.83440    0.0227E-19
192.84057    0.0218E-19
192.84673    0.0219E-19
192.85289    0.0212E-19
192.85906    0.0226E-19
192.86522    0.0221E-19
192.87138    0.0216E-19
192.87755    0.0216E-19
192.88371    0.0222E-19
192.88987    0.0223E-19
192.89604    0.0225E-19
192.90220    0.0218E-19
192.90836    0.0216E-19
192.91452    0.0218E-19
192.92069    0.0214E-19
192.92685    0.0221E-19
192.93301    0.0218E-19
192.93918    0.0205E-19
192.94534    0.0212E-19
192.95150    0.0211E-19
192.95767    0.0206E-19
192.96383    0.0210E-19
192.96999    0.0203E-19
192.97616    0.0212E-19
192.98232    0.0208E-19
192.98848    0.0214E-19
192.99465    0.0207E-19
193.00081    0.0206E-19
193.00697    0.0211E-19
193.01314    0.0205E-19
193.01930    0.0209E-19
193.02546    0.0209E-19
193.03163    0.0205E-19
193.03779    0.0209E-19
193.04395    0.0208E-19
193.05012    0.0214E-19
193.05628    0.0211E-19
193.06244    0.0212E-19
193.06861    0.0199E-19
193.07477    0.0206E-19
193.08093    0.0203E-19
193.08710    0.0202E-19
193.09326    0.0204E-19
193.09942    0.0214E-19
193.10558    0.0206E-19
193.11175    0.0197E-19
193.11791    0.0205E-19
193.12407    0.0204E-19
193.13024    0.0201E-19
193.13640    0.0199E-19
193.14256    0.0196E-19
193.14873    0.0193E-19
193.15489    0.0193E-19
193.16105    0.0207E-19
193.16722    0.0199E-19
193.17338    0.0201E-19
193.17954    0.0191E-19
193.18571    0.0191E-19
193.19187    0.0191E-19
193.19803    0.0185E-19
193.20419    0.0191E-19
193.21036    0.0191E-19
193.21652    0.0197E-19
193.22268    0.0195E-19
193.22885    0.0192E-19
193.23501    0.0196E-19
193.24117    0.0197E-19
193.24734    0.0189E-19
193.25350    0.0195E-19
193.25966    0.0194E-19
193.26583    0.0195E-19
193.27199    0.0195E-19
193.27815    0.0181E-19
193.28431    0.0195E-19
193.29048    0.0187E-19
193.29664    0.0189E-19
193.30280    0.0183E-19
193.30504    0.0189E-19
193.31120    0.0186E-19
193.31737    0.0197E-19
193.32353    0.0190E-19
193.32970    0.0189E-19
193.33586    0.0185E-19
193.34203    0.0201E-19
193.34819    0.0188E-19
193.35436    0.0190E-19
193.36052    0.0189E-19
193.36669    0.0190E-19
193.37285    0.0189E-19
193.37901    0.0190E-19
193.38518    0.0185E-19
193.39134    0.0190E-19
193.39751    0.0185E-19
193.40367    0.0180E-19
193.40984    0.0192E-19
193.41600    0.0190E-19
193.42216    0.0181E-19
193.42833    0.0190E-19
193.43449    0.0185E-19
193.44066    0.0187E-19
193.44682    0.0185E-19
193.45298    0.0187E-19
193.45915    0.0182E-19
193.46531    0.0188E-19
193.47147    0.0174E-19
193.47764    0.0185E-19
193.48380    0.0182E-19
193.48996    0.0180E-19
193.49613    0.0184E-19
193.50229    0.0185E-19
193.50845    0.0182E-19
193.51462    0.0171E-19
193.52078    0.0184E-19
193.52694    0.0183E-19
193.53311    0.0181E-19
193.53927    0.0179E-19
193.54543    0.0181E-19
193.55160    0.0184E-19
193.55776    0.0181E-19
193.56392    0.0177E-19
193.57008    0.0180E-19
193.57625    0.0181E-19
193.58241    0.0187E-19
193.58857    0.0176E-19
193.59473    0.0187E-19
193.60090    0.0186E-19
193.60706    0.0176E-19
193.61322    0.0176E-19
193.61938    0.0179E-19
193.62555    0.0179E-19
193.63171    0.0176E-19
193.63787    0.0172E-19
193.64403    0.0177E-19
193.65020    0.0187E-19
193.65636    0.0176E-19
193.66252    0.0179E-19
193.66868    0.0180E-19
193.67484    0.0176E-19
193.68100    0.0175E-19
193.68717    0.0176E-19
193.69333    0.0180E-19
193.69949    0.0179E-19
193.70565    0.0170E-19
193.71181    0.0178E-19
193.71798    0.0174E-19
193.72414    0.0178E-19
193.73030    0.0161E-19
193.73646    0.0185E-19
193.74262    0.0181E-19
193.74878    0.0180E-19
193.75494    0.0169E-19
193.76110    0.0175E-19
193.76727    0.0172E-19
193.77343    0.0176E-19
193.77959    0.0170E-19
193.78575    0.0174E-19
193.79191    0.0178E-19
193.79807    0.0171E-19
193.80423    0.0172E-19
193.81039    0.0174E-19
193.81655    0.0174E-19
193.82271    0.0172E-19
193.82887    0.0170E-19
193.83503    0.0171E-19
193.84120    0.0169E-19
193.84736    0.0168E-19
193.85352    0.0168E-19
193.85968    0.0171E-19
193.86584    0.0172E-19
193.87200    0.0168E-19
193.87816    0.0165E-19
193.88432    0.0171E-19
193.89048    0.0170E-19
193.89664    0.0162E-19
193.90280    0.0165E-19
193.90896    0.0166E-19
193.91512    0.0165E-19
193.92128    0.0169E-19
193.92744    0.0165E-19
193.93360    0.0166E-19
193.93976    0.0169E-19
193.94592    0.0161E-19
193.95208    0.0167E-19
193.95824    0.0168E-19
193.96440    0.0170E-19
193.97056    0.0171E-19
193.97671    0.0171E-19
193.98287    0.0163E-19
193.98903    0.0162E-19
193.99519    0.0168E-19
194.00135    0.0162E-19
194.00751    0.0162E-19
194.01367    0.0160E-19
194.01983    0.0167E-19
194.02599    0.0164E-19
194.03215    0.0165E-19
194.03831    0.0163E-19
194.04447    0.0164E-19
194.05062    0.0161E-19
194.05678    0.0154E-19
194.06294    0.0163E-19
194.06910    0.0159E-19
194.07526    0.0165E-19
194.08142    0.0156E-19
194.08758    0.0164E-19
194.09373    0.0160E-19
194.09989    0.0161E-19
194.10605    0.0159E-19
194.11221    0.0156E-19
194.11837    0.0167E-19
194.12453    0.0163E-19
194.13068    0.0154E-19
194.13684    0.0159E-19
194.14300    0.0157E-19
194.14916    0.0162E-19
194.15532    0.0156E-19
194.16147    0.0160E-19
194.16763    0.0152E-19
194.17379    0.0155E-19
194.17995    0.0154E-19
194.18611    0.0157E-19
194.19226    0.0161E-19
194.19842    0.0153E-19
194.20458    0.0161E-19
194.21074    0.0158E-19
194.21689    0.0157E-19
194.22305    0.0151E-19
194.22921    0.0154E-19
194.23537    0.0152E-19
194.24152    0.0156E-19
194.24768    0.0151E-19
194.25384    0.0150E-19
194.25999    0.0161E-19
194.26615    0.0154E-19
194.27231    0.0149E-19
194.27847    0.0158E-19
194.28462    0.0155E-19
194.29078    0.0154E-19
194.29694    0.0153E-19
194.30309    0.0155E-19
194.30925    0.0148E-19
194.31541    0.0148E-19
194.32156    0.0150E-19
194.32772    0.0146E-19
194.33388    0.0149E-19
194.34003    0.0147E-19
194.34619    0.0145E-19
194.35235    0.0156E-19
194.35850    0.0146E-19
194.36466    0.0146E-19
194.37081    0.0145E-19
194.37697    0.0144E-19
194.38313    0.0153E-19
194.38928    0.0146E-19
194.39544    0.0150E-19
194.40160    0.0152E-19
194.40775    0.0139E-19
194.41391    0.0147E-19
194.42006    0.0153E-19
194.42622    0.0140E-19
194.43237    0.0145E-19
194.43853    0.0145E-19
194.44469    0.0137E-19
194.45084    0.0144E-19
194.45700    0.0148E-19
194.46315    0.0153E-19
194.46931    0.0148E-19
194.47546    0.0145E-19
194.48162    0.0146E-19
194.48777    0.0137E-19
194.49393    0.0142E-19
194.50008    0.0140E-19
194.50624    0.0143E-19
194.51239    0.0140E-19
194.51855    0.0139E-19
194.52470    0.0140E-19
194.53086    0.0138E-19
194.53701    0.0142E-19
194.54317    0.0136E-19
194.54932    0.0137E-19
194.55548    0.0141E-19
194.56163    0.0138E-19
194.56779    0.0138E-19
194.57394    0.0137E-19
194.58010    0.0136E-19
194.58625    0.0129E-19
194.59241    0.0137E-19
194.59856    0.0137E-19
194.60471    0.0150E-19
194.61087    0.0143E-19
194.61702    0.0134E-19
194.62318    0.0149E-19
194.62933    0.0142E-19
194.63549    0.0141E-19
194.64164    0.0137E-19
194.64779    0.0139E-19
194.65395    0.0142E-19
194.66010    0.0138E-19
194.66625    0.0140E-19
194.67241    0.0141E-19
194.67856    0.0133E-19
194.68472    0.0130E-19
194.69087    0.0124E-19
194.69702    0.0136E-19
194.70318    0.0133E-19
194.70933    0.0137E-19
194.71548    0.0130E-19
194.72164    0.0134E-19
194.72779    0.0131E-19
194.73394    0.0132E-19
194.74010    0.0138E-19
194.74625    0.0133E-19
194.75240    0.0130E-19
194.75856    0.0131E-19
194.76471    0.0134E-19
194.77086    0.0136E-19
194.77701    0.0137E-19
194.78317    0.0140E-19
194.78932    0.0132E-19
194.79547    0.0131E-19
194.80163    0.0126E-19
194.80778    0.0126E-19
194.81393    0.0140E-19
194.82008    0.0130E-19
194.82624    0.0133E-19
194.83239    0.0137E-19
194.83854    0.0132E-19
194.84469    0.0138E-19
194.85085    0.0131E-19
194.85700    0.0134E-19
194.86315    0.0133E-19
194.86930    0.0130E-19
194.87545    0.0135E-19
194.88161    0.0134E-19
194.88776    0.0129E-19
194.89391    0.0125E-19
194.90006    0.0131E-19
194.90621    0.0133E-19
194.91237    0.0137E-19
194.91852    0.0126E-19
194.92467    0.0128E-19
194.93082    0.0123E-19
194.93697    0.0132E-19
194.94312    0.0127E-19
194.94928    0.0128E-19
194.95543    0.0130E-19
194.96158    0.0126E-19
194.96773    0.0124E-19
194.97388    0.0127E-19
194.98003    0.0131E-19
194.98618    0.0122E-19
194.99233    0.0130E-19
194.99849    0.0126E-19
195.00464    0.0128E-19
195.01079    0.0124E-19
195.01694    0.0126E-19
195.02309    0.0128E-19
195.02924    0.0131E-19
195.03539    0.0133E-19
195.04154    0.0122E-19
195.04769    0.0132E-19
195.05384    0.0123E-19
195.05999    0.0129E-19
195.06614    0.0129E-19
195.07230    0.0131E-19
195.07845    0.0124E-19
195.08460    0.0123E-19
195.09075    0.0127E-19
195.09690    0.0123E-19
195.10305    0.0131E-19
195.10920    0.0123E-19
195.11535    0.0132E-19
195.12150    0.0127E-19
195.12765    0.0127E-19
195.13380    0.0126E-19
195.13995    0.0126E-19
195.14610    0.0125E-19
195.15225    0.0123E-19
195.15840    0.0132E-19
195.16455    0.0123E-19
195.17070    0.0120E-19
195.17685    0.0121E-19
195.18300    0.0127E-19
195.18915    0.0128E-19
195.19529    0.0122E-19
195.20144    0.0126E-19
195.20759    0.0127E-19
195.21374    0.0123E-19
195.21989    0.0123E-19
195.22604    0.0120E-19
195.23219    0.0122E-19
195.23834    0.0121E-19
195.24449    0.0122E-19
195.25064    0.0119E-19
195.25679    0.0125E-19
195.26294    0.0115E-19
195.26908    0.0125E-19
195.27523    0.0122E-19
195.28138    0.0121E-19
195.28753    0.0118E-19
195.29368    0.0126E-19
195.29983    0.0118E-19
195.30598    0.0125E-19
195.31213    0.0121E-19
195.31827    0.0121E-19
195.32442    0.0119E-19
195.33057    0.0120E-19
195.33672    0.0127E-19
195.34287    0.0121E-19
195.34902    0.0122E-19
195.35516    0.0125E-19
195.36131    0.0118E-19
195.36746    0.0118E-19
195.37361    0.0124E-19
195.37976    0.0123E-19
195.38590    0.0117E-19
195.39205    0.0115E-19
195.39820    0.0118E-19
195.40435    0.0116E-19
195.41050    0.0114E-19
195.41664    0.0116E-19
195.42279    0.0112E-19
195.42894    0.0123E-19
195.43509    0.0119E-19
195.44123    0.0116E-19
195.44738    0.0116E-19
195.45353    0.0117E-19
195.45968    0.0116E-19
195.46582    0.0117E-19
195.47197    0.0121E-19
195.47812    0.0119E-19
195.48426    0.0121E-19
195.49041    0.0118E-19
195.49656    0.0116E-19
195.50271    0.0118E-19
195.50885    0.0120E-19
195.51500    0.0115E-19
195.52115    0.0109E-19
195.52729    0.0117E-19
195.53344    0.0115E-19
195.53959    0.0111E-19
195.54573    0.0115E-19
195.55188    0.0116E-19
195.55803    0.0118E-19
195.56417    0.0106E-19
195.57032    0.0110E-19
195.57647    0.0113E-19
195.58261    0.0112E-19
195.58876    0.0109E-19
195.59490    0.0119E-19
195.60105    0.0112E-19
195.60720    0.0108E-19
195.61334    0.0108E-19
195.61949    0.0120E-19
195.62563    0.0110E-19
195.63178    0.0113E-19
195.63793    0.0111E-19
195.64407    0.0109E-19
195.65022    0.0109E-19
195.65636    0.0112E-19
195.66251    0.0115E-19
195.66866    0.0110E-19
195.67480    0.0109E-19
195.68095    0.0111E-19
195.68709    0.0107E-19
195.69324    0.0115E-19
195.69938    0.0106E-19
195.70553    0.0104E-19
195.71167    0.0106E-19
195.71782    0.0111E-19
195.72396    0.0108E-19
195.73011    0.0103E-19
195.73625    0.0102E-19
195.74240    0.0114E-19
195.74854    0.0110E-19
195.75469    0.0105E-19
195.76083    0.0104E-19
195.76698    0.0111E-19
195.77312    0.0110E-19
195.77927    0.0102E-19
195.78541    0.0105E-19
195.79156    0.0109E-19
195.79770    0.0104E-19
195.80385    0.0103E-19
195.80999    0.0105E-19
195.81614    0.0113E-19
195.82228    0.0109E-19
195.82842    0.0102E-19
195.83457    0.0109E-19
195.84071    0.0107E-19
195.84686    0.0101E-19
195.85300    0.0104E-19
195.85914    0.0105E-19
195.86529    0.0109E-19
195.87143    0.0106E-19
195.87758    0.0116E-19
195.88372    0.0111E-19
195.88986    0.0100E-19
195.89601    0.0111E-19
195.90215    0.0104E-19
195.90403    0.01010E-19
195.91019    0.01053E-19
195.91635    0.01100E-19
195.92251    0.01053E-19
195.92866    0.01073E-19
195.93482    0.01080E-19
195.94098    0.01067E-19
195.94714    0.00993E-19
195.95329    0.01053E-19
195.95945    0.01060E-19
195.96561    0.00990E-19
195.97177    0.01003E-19
195.97793    0.00997E-19
195.98408    0.00990E-19
195.99024    0.01023E-19
195.99640    0.01047E-19
196.00256    0.01030E-19
196.00872    0.00963E-19
196.01487    0.01013E-19
196.02103    0.01093E-19
196.02719    0.01010E-19
196.03335    0.01007E-19
196.03950    0.00977E-19
196.04566    0.00987E-19
196.05182    0.00997E-19
196.05798    0.01007E-19
196.06414    0.01003E-19
196.07029    0.00947E-19
196.07645    0.01017E-19
196.08261    0.00990E-19
196.08877    0.01043E-19
196.09492    0.01070E-19
196.10108    0.01013E-19
196.10724    0.01023E-19
196.11340    0.01017E-19
196.11955    0.01030E-19
196.12571    0.01043E-19
196.13187    0.01007E-19
196.13803    0.01087E-19
196.14418    0.01050E-19
196.15034    0.00963E-19
196.15650    0.01007E-19
196.16266    0.01040E-19
196.16881    0.00977E-19
196.17497    0.01027E-19
196.18113    0.01020E-19
196.18729    0.01030E-19
196.19344    0.01003E-19
196.19960    0.01033E-19
196.20576    0.01027E-19
196.21192    0.01063E-19
196.21807    0.01010E-19
196.22423    0.00977E-19
196.23039    0.01017E-19
196.23654    0.01037E-19
196.24270    0.01007E-19
196.24886    0.00967E-19
196.25502    0.00987E-19
196.26117    0.00993E-19
196.26733    0.01023E-19
196.27349    0.01050E-19
196.27964    0.01027E-19
196.28580    0.00970E-19
196.29196    0.00920E-19
196.29812    0.01017E-19
196.30427    0.00973E-19
196.31043    0.00977E-19
196.31659    0.01007E-19
196.32274    0.01017E-19
196.32890    0.00970E-19
196.33506    0.01000E-19
196.34122    0.01010E-19
196.34737    0.01003E-19
196.35353    0.00993E-19
196.35969    0.01027E-19
196.36584    0.01090E-19
196.37200    0.01027E-19
196.37816    0.00943E-19
196.38431    0.01037E-19
196.39047    0.01023E-19
196.39663    0.01037E-19
196.40278    0.00933E-19
196.40894    0.00947E-19
196.41510    0.01037E-19
196.42126    0.01027E-19
196.42741    0.01043E-19
196.43357    0.01073E-19
196.43973    0.00953E-19
196.44588    0.00993E-19
196.45204    0.01000E-19
196.45820    0.00977E-19
196.46435    0.00970E-19
196.47051    0.01020E-19
196.47667    0.00993E-19
196.48282    0.00957E-19
196.48898    0.01007E-19
196.49514    0.00933E-19
196.50129    0.01000E-19
196.50745    0.00940E-19
196.51361    0.01027E-19
196.51976    0.01010E-19
196.52592    0.00930E-19
196.53208    0.01083E-19
196.53823    0.01077E-19
196.54439    0.00997E-19
196.55055    0.01003E-19
196.55670    0.00990E-19
196.56286    0.00960E-19
196.56901    0.00970E-19
196.57517    0.00973E-19
196.58133    0.00950E-19
196.58748    0.01020E-19
196.59364    0.00997E-19
196.59980    0.00997E-19
196.60595    0.01013E-19
196.61211    0.00977E-19
196.61827    0.00950E-19
196.62442    0.00927E-19
196.63058    0.00930E-19
196.63673    0.00970E-19
196.64289    0.00900E-19
196.64905    0.01027E-19
196.65520    0.00950E-19
196.66136    0.00940E-19
196.66752    0.01003E-19
196.67367    0.00970E-19
196.67983    0.00977E-19
196.68598    0.00973E-19
196.69214    0.00973E-19
196.69830    0.00930E-19
196.70445    0.01010E-19
196.71061    0.00960E-19
196.71677    0.00947E-19
196.72292    0.00917E-19
196.72908    0.00973E-19
196.73523    0.00980E-19
196.74139    0.00930E-19
196.74755    0.01067E-19
196.75370    0.00947E-19
196.75986    0.00907E-19
196.76601    0.00987E-19
196.77217    0.00980E-19
196.77833    0.01023E-19
196.78448    0.00970E-19
196.79064    0.00970E-19
196.79679    0.00943E-19
196.80295    0.00903E-19
196.80910    0.00973E-19
196.81526    0.00883E-19
196.82142    0.00960E-19
196.82757    0.00950E-19
196.83373    0.00990E-19
196.83988    0.00993E-19
196.84604    0.00963E-19
196.85220    0.00983E-19
196.85835    0.00933E-19
196.86451    0.00983E-19
196.87066    0.00920E-19
196.87682    0.00960E-19
196.88297    0.00940E-19
196.88913    0.00873E-19
196.89529    0.00920E-19
196.90144    0.00920E-19
196.90760    0.00993E-19
196.91375    0.00950E-19
196.91991    0.00980E-19
196.92606    0.00923E-19
196.93222    0.00930E-19
196.93837    0.00967E-19
196.94453    0.01007E-19
196.95069    0.00987E-19
196.95684    0.01000E-19
196.96300    0.00920E-19
196.96915    0.00957E-19
196.97531    0.00927E-19
196.98146    0.00903E-19
196.98762    0.00947E-19
196.99377    0.00947E-19
196.99993    0.00997E-19
197.00609    0.00957E-19
197.01224    0.00963E-19
197.01840    0.00887E-19
197.02455    0.00943E-19
197.03071    0.00900E-19
197.03686    0.00930E-19
197.04302    0.00927E-19
197.04917    0.00873E-19
197.05533    0.00973E-19
197.06148    0.00983E-19
197.06764    0.00947E-19
197.07379    0.00957E-19
197.07995    0.01000E-19
197.08610    0.00913E-19
197.09226    0.00943E-19
197.09841    0.00957E-19
197.10457    0.00903E-19
197.11072    0.00970E-19
197.11688    0.00857E-19
197.12303    0.00900E-19
197.12919    0.00943E-19
197.13535    0.00903E-19
197.14150    0.00970E-19
197.14766    0.00983E-19
197.15381    0.00977E-19
197.15997    0.00923E-19
197.16612    0.00937E-19
197.17228    0.00950E-19
197.17843    0.00907E-19
197.18459    0.00897E-19
197.19074    0.00967E-19
197.19690    0.00933E-19
197.20305    0.00933E-19
197.20921    0.00937E-19
197.21536    0.00930E-19
197.22151    0.00983E-19
197.22767    0.00907E-19
197.23382    0.00953E-19
197.23998    0.00880E-19
197.24613    0.00923E-19
197.25229    0.00927E-19
197.25844    0.00937E-19
197.26460    0.00907E-19
197.27075    0.00960E-19
197.27691    0.00990E-19
197.28306    0.00850E-19
197.28922    0.00910E-19
197.29537    0.00927E-19
197.30153    0.00937E-19
197.30768    0.00917E-19
197.31384    0.00933E-19
197.31999    0.00903E-19
197.32615    0.00840E-19
197.33230    0.00970E-19
197.33845    0.00950E-19
197.34461    0.00853E-19
197.35076    0.00933E-19
197.35692    0.00930E-19
197.36307    0.00903E-19
197.36923    0.00937E-19
197.37538    0.00933E-19
197.38154    0.00887E-19
197.38769    0.00903E-19
197.39385    0.00853E-19
197.40000    0.00903E-19
197.40615    0.00880E-19
197.41231    0.00980E-19
197.41846    0.00893E-19
197.42462    0.00913E-19
197.43077    0.00870E-19
197.43693    0.00910E-19
197.44308    0.00923E-19
197.44923    0.00960E-19
197.45539    0.00927E-19
197.46154    0.00940E-19
197.46770    0.00947E-19
197.47385    0.00867E-19
197.48001    0.00903E-19
197.48616    0.00873E-19
197.49231    0.00887E-19
197.49847    0.00927E-19
197.50462    0.00930E-19
197.51078    0.00910E-19
197.51693    0.00893E-19
197.52309    0.00930E-19
197.52924    0.00867E-19
197.53539    0.00963E-19
197.54155    0.00960E-19
197.54770    0.00917E-19
197.55386    0.00983E-19
197.56001    0.00897E-19
197.56616    0.00903E-19
197.57232    0.00963E-19
197.57847    0.00890E-19
197.58463    0.00920E-19
197.59078    0.00910E-19
197.59693    0.00953E-19
197.60309    0.00940E-19
197.60924    0.00897E-19
197.61540    0.00880E-19
197.62155    0.00953E-19
197.62770    0.00880E-19
197.63386    0.00873E-19
197.64001    0.00920E-19
197.64617    0.00870E-19
197.65232    0.00977E-19
197.65847    0.00900E-19
197.66463    0.00940E-19
197.67078    0.00893E-19
197.67693    0.00940E-19
197.68309    0.00933E-19
197.68924    0.00913E-19
197.69540    0.00907E-19
197.70155    0.00847E-19
197.70770    0.00930E-19
197.71386    0.00890E-19
197.72001    0.00900E-19
197.72616    0.00920E-19
197.73232    0.00923E-19
197.73847    0.00907E-19
197.74463    0.00893E-19
197.75078    0.00827E-19
197.75693    0.00923E-19
197.76309    0.00857E-19
197.76924    0.00890E-19
197.77539    0.00920E-19
197.78155    0.00870E-19
197.78770    0.00880E-19
197.79385    0.00917E-19
197.80001    0.00870E-19
197.80616    0.00860E-19
197.81231    0.00933E-19
197.81847    0.00830E-19
197.82462    0.00933E-19
197.83077    0.00827E-19
197.83693    0.00860E-19
197.84308    0.00890E-19
197.84923    0.00887E-19
197.85539    0.00860E-19
197.86154    0.00837E-19
197.86769    0.00893E-19
197.87385    0.00913E-19
197.88000    0.00890E-19
197.88615    0.00923E-19
197.89231    0.00903E-19
197.89846    0.00947E-19
197.90461    0.00813E-19
197.91077    0.00900E-19
197.91692    0.00853E-19
197.92307    0.00867E-19
197.92923    0.00833E-19
197.93538    0.00867E-19
197.94153    0.00880E-19
197.94769    0.00893E-19
197.95384    0.00853E-19
197.95999    0.00893E-19
197.96615    0.00893E-19
197.97230    0.00867E-19
197.97845    0.00860E-19
197.98460    0.00853E-19
197.99076    0.00830E-19
197.99691    0.00877E-19
198.00306    0.00880E-19
198.00922    0.00823E-19
198.01537    0.00887E-19
198.02152    0.00873E-19
198.02768    0.00883E-19
198.03383    0.00910E-19
198.03998    0.00813E-19
198.04613    0.00873E-19
198.05229    0.00873E-19
198.05844    0.00863E-19
198.06459    0.00913E-19
198.07075    0.00853E-19
198.07690    0.00933E-19
198.08305    0.00870E-19
198.08920    0.00840E-19
198.09536    0.00800E-19
198.10151    0.00843E-19
198.10766    0.00850E-19
198.11381    0.00880E-19
198.11997    0.00870E-19
198.12612    0.00873E-19
198.13227    0.00847E-19
198.13843    0.00763E-19
198.14458    0.00900E-19
198.15073    0.00870E-19
198.15688    0.00887E-19
198.16304    0.00817E-19
198.16919    0.00850E-19
198.17534    0.00850E-19
198.18149    0.00827E-19
198.18765    0.00890E-19
198.19380    0.00783E-19
198.19995    0.00890E-19
198.20610    0.00873E-19
198.21226    0.00887E-19
198.21841    0.00887E-19
198.22456    0.00840E-19
198.23071    0.00893E-19
198.23687    0.00837E-19
198.24302    0.00833E-19
198.24917    0.00830E-19
198.25532    0.00790E-19
198.26148    0.00870E-19
198.26763    0.00780E-19
198.27378    0.00787E-19
198.27993    0.00863E-19
198.28608    0.00863E-19
198.29224    0.00837E-19
198.29839    0.00820E-19
198.30454    0.00803E-19
198.31069    0.00817E-19
198.31685    0.00837E-19
198.32300    0.00837E-19
198.32915    0.00770E-19
198.33530    0.00847E-19
198.34145    0.00820E-19
198.34761    0.00790E-19
198.35376    0.00810E-19
198.35991    0.00810E-19
198.36606    0.00840E-19
198.37222    0.00813E-19
198.37837    0.00843E-19
198.38452    0.00843E-19
198.39067    0.00757E-19
198.39682    0.00853E-19
198.40298    0.00873E-19
198.40913    0.00830E-19
198.41528    0.00827E-19
198.42143    0.00850E-19
198.42758    0.00820E-19
198.43374    0.00823E-19
198.43989    0.00870E-19
198.44604    0.00793E-19
198.45219    0.00883E-19
198.45834    0.00823E-19
198.46449    0.00793E-19
198.47065    0.00787E-19
198.47680    0.00857E-19
198.48295    0.00843E-19
198.48910    0.00847E-19
198.49525    0.00820E-19
198.50141    0.00893E-19
198.50756    0.00883E-19
198.51371    0.00820E-19
198.51986    0.00813E-19
198.52601    0.00877E-19
198.53216    0.00843E-19
198.53832    0.00907E-19
198.54447    0.00867E-19
198.55062    0.00897E-19
198.55677    0.00853E-19
198.56292    0.00890E-19
198.56907    0.00843E-19
198.57523    0.00793E-19
198.58138    0.00903E-19
198.58753    0.00850E-19
198.59368    0.00817E-19
198.59983    0.00807E-19
198.60598    0.00830E-19
198.61214    0.00917E-19
198.61829    0.00783E-19
198.62444    0.00870E-19
198.63059    0.00917E-19
198.63674    0.00843E-19
198.64289    0.00857E-19
198.64904    0.00847E-19
198.65520    0.00850E-19
198.66135    0.00797E-19
198.66750    0.00840E-19
198.67365    0.00850E-19
198.67980    0.00833E-19
198.68595    0.00853E-19
198.69210    0.00893E-19
198.69825    0.00820E-19
198.70441    0.00810E-19
198.71056    0.00813E-19
198.71671    0.00807E-19
198.72286    0.00803E-19
198.72901    0.00847E-19

