 12.40    5.49e-19
 13.80    7.68e-19
 15.50    9.88e-19
 17.70    1.76e-18
 20.70    2.96e-18
 25.30    4.94e-18
 26.40    5.38e-18
 27.60    5.93e-18
 28.80    6.59e-18
 30.20    7.24e-18
 31.80    7.79e-18
 33.50    8.56e-18
 35.40    9.33e-18
 37.60    1.02e-17
 40.00    1.12e-17
 42.80    1.22e-17
 45.90    1.34e-17
 49.60    1.46e-17
 53.90    1.58e-17
 59.00    1.72e-17
 65.30    1.82e-17
 72.90    1.71e-17
 82.70    1.57e-17
 95.40    1.34e-17
113.00    7.35e-18
138.00    1.65e-18
177.00    1.65e-18
248.00    0.00
