114.80    3.818443e-18
114.85    4.233199e-18
114.90    4.341790e-18
114.95    4.683194e-18
115.00    4.827560e-18
115.05    4.834535e-18
115.10    4.774524e-18
115.15    4.717349e-18
115.20    4.907734e-18
115.25    4.820256e-18
115.30    4.463407e-18
115.35    4.219590e-18
115.40    3.994266e-18
115.45    3.848464e-18
115.50    3.661981e-18
115.55    3.553327e-18
115.60    3.495922e-18
115.65    3.696365e-18
115.70    3.587927e-18
115.75    3.240407e-18
115.80    2.825691e-18
115.85    2.668670e-18
115.90    2.404371e-18
115.95    2.225365e-18
116.00    2.049472e-18
116.05    1.978330e-18
116.10    1.895955e-18
116.15    1.839267e-18
116.20    1.891689e-18
116.25    1.931442e-18
116.30    1.980519e-18
116.35    2.083944e-18
116.40    2.297014e-18
116.45    2.507745e-18
116.50    2.706437e-18
116.55    3.012330e-18
116.60    3.288051e-18
116.65    3.659296e-18
116.70    4.299205e-18
116.75    4.567112e-18
116.80    4.846940e-18
116.85    5.412784e-18
116.90    5.784286e-18
116.95    6.367192e-18
117.00    6.857986e-18
117.05    7.537190e-18
117.10    7.993479e-18
117.15    8.525509e-18
117.20    8.821095e-18
117.25    8.855514e-18
117.30    8.913218e-18
117.35    8.899631e-18
117.40    9.011330e-18
117.45    9.304440e-18
117.50    9.149615e-18
117.55    8.633052e-18
117.60    8.115314e-18
117.65    7.580863e-18
117.70    6.921128e-18
117.75    6.370979e-18
117.80    5.787907e-18
117.85    5.251592e-18
117.90    4.803314e-18
117.95    4.057057e-18
118.00    3.498851e-18
118.05    2.954465e-18
118.10    2.603941e-18
118.15    2.461505e-18
118.20    2.365768e-18
118.25    2.592192e-18
118.30    2.645030e-18
118.35    2.796669e-18
118.40    2.637333e-18
118.45    2.748977e-18
118.50    3.296632e-18
118.55    3.566249e-18
118.60    3.355119e-18
118.65    3.311862e-18
118.70    3.365768e-18
118.75    3.525389e-18
118.80    3.798932e-18
118.85    4.099218e-18
118.90    4.663589e-18
118.95    5.124412e-18
119.00    5.671685e-18
119.05    6.774541e-18
119.10    8.235809e-18
119.15    1.032547e-17
119.20    1.151799e-17
119.25    1.089264e-17
119.30    1.033096e-17
119.35    1.135613e-17
119.40    1.331463e-17
119.45    1.313284e-17
119.50    1.178961e-17
119.55    1.112966e-17
119.60    1.065863e-17
119.65    1.031904e-17
119.70    9.913098e-18
119.75    9.360174e-18
119.80    8.758844e-18
119.85    8.207146e-18
119.90    7.476561e-18
119.95    6.848695e-18
120.00    6.324255e-18
120.05    5.737207e-18
120.10    5.493709e-18
120.15    5.349648e-18
120.20    5.091814e-18
120.25    4.865337e-18
120.30    4.526680e-18
120.35    4.291371e-18
120.40    4.031384e-18
120.45    3.864747e-18
120.50    3.717315e-18
120.55    3.652311e-18
120.60    3.624790e-18
120.65    3.652429e-18
120.70    3.699947e-18
120.75    3.795256e-18
120.80    3.938003e-18
120.85    4.150056e-18
120.90    4.413427e-18
120.95    4.798376e-18
121.00    5.177884e-18
121.05    5.679640e-18
121.10    6.138961e-18
121.15    6.695029e-18
121.20    7.241944e-18
121.25    7.986954e-18
121.30    8.658416e-18
121.35    9.664975e-18
121.40    1.046309e-17
121.45    1.156402e-17
121.50    1.256288e-17
121.55    1.364958e-17
121.60    1.468517e-17
121.65    1.569557e-17
121.70    1.647019e-17
121.75    1.683303e-17
121.80    1.708612e-17
121.85    1.742713e-17
121.90    1.892818e-17
121.95    2.157469e-17
122.00    2.323284e-17
122.05    2.216069e-17
122.10    2.106301e-17
122.15    2.034437e-17
122.20    1.949914e-17
122.25    1.820527e-17
122.30    1.703829e-17
122.35    1.507172e-17
122.40    1.343283e-17
122.45    1.112058e-17
122.50    9.362038e-18
122.55    7.405116e-18
122.60    6.005842e-18
122.65    4.615688e-18
122.70    3.880274e-18
122.75    3.064235e-18
122.80    2.710114e-18
122.85    2.384976e-18
122.90    2.267327e-18
122.95    2.223116e-18
123.00    2.239994e-18
123.05    2.307055e-18
123.10    2.417914e-18
123.15    2.553293e-18
123.20    2.715302e-18
123.25    2.886087e-18
123.30    3.094092e-18
123.35    3.278843e-18
123.40    3.511996e-18
123.45    3.761962e-18
123.50    4.038905e-18
123.55    4.350683e-18
123.60    4.820137e-18
123.65    5.592226e-18
123.70    6.757077e-18
123.75    1.031414e-17
123.80    1.534236e-17
123.85    2.095564e-17
123.90    1.898599e-17
123.95    1.497337e-17
124.00    1.326476e-17
124.05    1.413215e-17
124.10    1.761001e-17
124.15    1.637608e-17
124.20    1.217976e-17
124.25    9.504123e-18
124.30    8.107855e-18
124.35    7.671132e-18
124.40    7.306627e-18
124.45    6.747390e-18
124.50    6.246911e-18
124.55    6.207752e-18
124.60    5.832932e-18
124.65    5.725163e-18
124.70    5.676336e-18
124.75    5.660683e-18
124.80    5.666656e-18
124.85    5.708401e-18
124.90    5.765454e-18
124.95    5.830936e-18
125.00    5.900108e-18
125.05    5.967256e-18
125.10    6.065079e-18
125.15    6.133681e-18
125.20    6.243017e-18
125.25    6.344769e-18
125.30    6.451715e-18
125.35    6.549886e-18
125.40    6.630484e-18
125.45    6.725696e-18
125.50    6.763841e-18
125.60    6.876314e-18
125.70    6.936750e-18
125.80    6.927695e-18
125.90    6.859383e-18
126.00    6.823531e-18
126.10    6.872623e-18
126.20    6.957580e-18
126.30    7.076691e-18
126.40    7.217713e-18
126.50    7.405669e-18
126.60    7.613629e-18
126.70    7.770147e-18
126.80    7.925763e-18
126.90    7.960740e-18
127.00    7.892331e-18
127.10    7.754221e-18
127.20    7.575663e-18
127.30    7.394132e-18
127.40    7.289359e-18
127.50    7.300553e-18
127.60    7.413687e-18
127.70    7.570188e-18
127.80    7.748559e-18
127.90    7.930445e-18
128.00    8.087357e-18
128.10    8.155551e-18
128.20    8.162901e-18
128.30    8.118426e-18
128.40    7.989811e-18
128.50    7.785826e-18
128.60    7.558571e-18
128.70    7.364727e-18
128.80    7.240247e-18
128.90    7.202962e-18
129.00    7.257113e-18
129.10    7.394970e-18
129.20    7.559688e-18
129.30    7.725712e-18
129.40    7.873150e-18
129.50    7.897584e-18
129.60    7.813398e-18
129.70    7.622044e-18
129.80    7.376860e-18
129.90    7.092850e-18
130.00    6.857309e-18
130.10    6.687628e-18
130.20    6.592564e-18
130.30    6.610394e-18
130.40    6.704313e-18
130.50    6.901271e-18
130.60    7.157723e-18
130.70    7.406447e-18
130.80    7.488967e-18
130.90    7.281140e-18
131.00    6.860349e-18
131.10    6.416125e-18
131.20    5.993838e-18
131.30    5.686580e-18
131.40    5.494668e-18
131.50    5.429218e-18
131.60    5.528946e-18
131.70    5.818505e-18
131.80    6.186731e-18
131.90    6.483156e-18
132.00    6.594059e-18
132.10    6.512501e-18
132.20    6.360127e-18
132.30    6.115694e-18
132.40    5.712116e-18
132.50    5.272677e-18
132.60    4.834560e-18
132.70    4.492988e-18
132.80    4.335042e-18
132.90    4.333957e-18
133.00    4.500465e-18
133.10    4.776112e-18
133.20    5.010808e-18
133.30    5.160257e-18
133.40    5.169686e-18
133.50    5.073259e-18
133.60    4.881357e-18
133.70    4.688900e-18
133.80    4.448573e-18
133.90    4.185155e-18
134.00    4.113189e-18
134.10    3.989968e-18
134.20    3.811407e-18
134.30    3.635803e-18
134.40    3.517460e-18
134.50    3.530166e-18
134.60    3.598222e-18
134.70    3.638638e-18
134.80    3.649195e-18
134.90    3.629878e-18
135.00    3.520218e-18
135.10    3.384160e-18
135.20    3.260756e-18
135.30    3.166499e-18
135.40    3.106856e-18
135.50    3.011409e-18
135.60    2.845437e-18
135.70    2.681620e-18
135.80    2.528674e-18
135.90    2.397260e-18
136.00    2.305237e-18
136.10    2.265113e-18
136.20    2.293711e-18
136.30    2.379880e-18
136.40    2.466565e-18
136.50    2.493664e-18
136.60    2.442381e-18
136.70    2.325732e-18
136.80    2.185980e-18
136.90    2.027773e-18
137.00    1.888053e-18
137.10    1.785892e-18
137.20    1.733604e-18
137.30    1.733689e-18
137.40    1.753709e-18
137.50    1.788126e-18
137.60    1.839756e-18
137.70    1.869131e-18
137.80    1.853865e-18
137.90    1.778950e-18
138.00    1.672828e-18
138.10    1.557517e-18
138.20    1.444070e-18
138.30    1.343677e-18
138.40    1.253988e-18
138.50    1.173052e-18
138.60    1.114458e-18
138.70    1.093724e-18
138.80    1.096145e-18
138.90    1.117509e-18
139.00    1.151763e-18
139.10    1.198164e-18
139.20    1.231841e-18
139.30    1.243337e-18
139.40    1.225791e-18
139.50    1.198114e-18
139.60    1.157147e-18
139.70    1.111307e-18
139.80    1.050372e-18
139.90    9.695726e-19
140.00    8.797719e-19
140.10    8.025763e-19
140.20    7.432155e-19
140.30    7.082859e-19
140.40    6.872328e-19
140.50    6.777278e-19
140.60    6.786220e-19
140.70    6.950273e-19
140.80    7.249205e-19
140.90    7.572430e-19
141.00    7.808073e-19
141.10    7.826933e-19
141.20    7.699172e-19
141.30    7.502908e-19
141.40    7.292449e-19
141.50    7.006305e-19
141.60    6.710711e-19
141.70    6.485337e-19
141.80    6.345131e-19
141.90    6.181036e-19
142.00    6.064100e-19
142.10    5.885622e-19
142.20    5.683768e-19
142.30    5.458165e-19
142.40    5.302706e-19
142.50    5.223760e-19
142.60    5.195748e-19
142.70    5.229297e-19
142.80    5.276793e-19
142.90    5.353064e-19
143.00    5.435936e-19
143.10    5.499912e-19
143.20    5.536195e-19
143.30    5.517195e-19
143.40    5.430326e-19
143.50    5.344354e-19
143.60    5.209467e-19
143.70    5.176295e-19
143.80    5.184887e-19
143.90    5.226891e-19
144.00    5.276858e-19
144.10    5.335680e-19
144.20    5.381952e-19
144.30    5.374378e-19
144.40    5.356359e-19
144.50    5.339665e-19
144.60    5.332631e-19
144.70    5.308790e-19
144.80    5.317321e-19
144.90    5.332249e-19
145.00    5.366996e-19
145.10    5.427240e-19
145.20    5.518438e-19
145.30    5.600271e-19
145.40    5.682057e-19
145.50    5.757300e-19
145.60    5.778542e-19
145.70    5.851225e-19
145.80    5.917758e-19
145.90    5.977025e-19
146.00    6.052594e-19
146.10    6.149855e-19
146.20    6.249212e-19
146.30    6.392590e-19
146.40    6.527785e-19
146.50    6.643488e-19
146.60    6.735740e-19
146.70    6.820567e-19
146.80    6.887216e-19
146.90    6.965326e-19
147.00    7.021514e-19
147.10    7.119915e-19
147.20    7.201289e-19
147.30    7.299207e-19
147.40    7.427658e-19
147.50    7.551309e-19
147.60    7.655679e-19
147.70    7.807707e-19
147.80    7.906640e-19
147.90    8.039047e-19
148.00    8.183213e-19
148.10    8.331644e-19
148.20    8.464813e-19
148.30    8.603204e-19
148.40    8.758084e-19
148.50    8.904090e-19
148.60    9.037565e-19
148.70    9.219886e-19
148.80    9.391020e-19
148.90    9.550669e-19
149.00    9.712592e-19
149.10    9.877910e-19
149.20    1.003184e-18
149.30    1.019579e-18
149.40    1.036088e-18
149.50    1.052186e-18
149.60    1.068158e-18
149.70    1.084037e-18
149.80    1.100496e-18
149.90    1.119653e-18
150.00    1.136358e-18
150.10    1.154614e-18
150.20    1.172711e-18
150.30    1.191289e-18
150.40    1.210784e-18
150.50    1.231158e-18
150.60    1.248793e-18
150.70    1.269897e-18
150.80    1.290867e-18
150.90    1.311190e-18
151.00    1.331488e-18
151.10    1.352294e-18
151.20    1.375242e-18
151.30    1.394289e-18
151.40    1.417819e-18
151.50    1.439366e-18
151.60    1.462504e-18
151.70    1.482665e-18
151.80    1.506821e-18
151.90    1.529168e-18
152.00    1.551501e-18
152.10    1.574940e-18
152.20    1.597982e-18
152.30    1.621401e-18
152.40    1.643590e-18
152.50    1.667671e-18
152.60    1.691975e-18
152.70    1.715838e-18
152.80    1.738583e-18
152.90    1.762214e-18
153.00    1.786259e-18
153.10    1.811365e-18
153.20    1.837354e-18
153.30    1.861686e-18
153.40    1.888154e-18
153.50    1.913661e-18
153.60    1.940307e-18
153.70    1.967058e-18
153.80    1.993982e-18
153.90    2.017969e-18
154.00    2.045530e-18
154.10    2.074189e-18
154.20    2.100339e-18
154.30    2.128101e-18
154.40    2.155233e-18
154.50    2.183427e-18
154.60    2.210528e-18
154.70    2.240085e-18
154.80    2.268459e-18
154.90    2.297589e-18
155.00    2.326752e-18
155.10    2.356310e-18
155.20    2.384771e-18
155.30    2.413477e-18
155.40    2.441600e-18
155.50    2.473453e-18
155.60    2.504162e-18
155.70    2.534106e-18
155.80    2.562651e-18
155.90    2.593891e-18
156.00    2.625602e-18
156.10    2.655750e-18
156.20    2.685237e-18
156.30    2.716150e-18
156.40    2.747944e-18
156.50    2.777306e-18
156.60    2.806584e-18
156.70    2.837212e-18
156.80    2.868870e-18
156.90    2.897680e-18
157.00    2.928379e-18
157.10    2.956941e-18
157.20    2.987288e-18
157.30    3.018463e-18
157.40    3.048221e-18
157.50    3.078113e-18
157.60    3.110067e-18
157.70    3.139995e-18
157.80    3.172019e-18
157.90    3.201079e-18
158.00    3.232453e-18
158.10    3.264228e-18
158.20    3.294861e-18
158.30    3.326369e-18
158.40    3.356530e-18
158.50    3.389044e-18
158.60    3.422333e-18
158.70    3.453639e-18
158.80    3.485569e-18
158.90    3.516298e-18
159.00    3.548205e-18
159.10    3.580851e-18
159.20    3.614230e-18
159.30    3.646966e-18
159.40    3.677869e-18
159.50    3.710927e-18
159.60    3.743144e-18
159.70    3.774612e-18
159.80    3.807764e-18
159.90    3.839126e-18
160.00    3.870701e-18
160.10    3.902246e-18
160.20    3.933823e-18
160.30    3.963735e-18
160.40    3.993832e-18
160.50    4.025260e-18
160.60    4.053164e-18
160.70    4.082798e-18
160.80    4.111768e-18
160.90    4.141173e-18
161.00    4.169042e-18
161.10    4.195298e-18
161.20    4.223226e-18
161.30    4.249970e-18
161.40    4.277547e-18
161.50    4.302272e-18
161.60    4.327261e-18
161.70    4.352894e-18
161.80    4.378253e-18
161.90    4.403943e-18
162.00    4.427773e-18
162.10    4.451008e-18
162.20    4.474661e-18
162.30    4.498734e-18
162.40    4.520758e-18
162.50    4.546077e-18
162.60    4.568748e-18
162.70    4.590798e-18
162.80    4.613400e-18
162.90    4.635832e-18
163.00    4.658424e-18
163.10    4.682329e-18
163.20    4.703122e-18
163.30    4.727123e-18
163.40    4.751438e-18
163.50    4.774887e-18
163.60    4.796655e-18
163.70    4.818811e-18
163.80    4.840286e-18
163.90    4.859188e-18
164.00    4.880654e-18
164.10    4.901711e-18
164.20    4.922678e-18
164.30    4.940906e-18
164.40    4.961596e-18
164.50    4.981201e-18
164.60    5.001099e-18
164.70    5.018257e-18
164.80    5.035530e-18
164.90    5.053012e-18
165.00    5.069414e-18
165.10    5.083594e-18
165.20    5.097111e-18
165.30    5.110474e-18
165.40    5.122976e-18
165.50    5.134001e-18
165.60    5.145701e-18
165.70    5.153413e-18
165.80    5.159310e-18
165.90    5.166975e-18
166.00    5.171429e-18
166.10    5.175475e-18
166.20    5.179348e-18
166.30    5.181608e-18
166.40    5.184123e-18
166.50    5.184232e-18
166.60    5.183558e-18
166.70    5.181794e-18
166.80    5.182642e-18
166.90    5.178791e-18
167.00    5.175743e-18
167.10    5.171022e-18
167.20    5.166050e-18
167.30    5.162137e-18
167.40    5.157718e-18
167.50    5.153215e-18
167.60    5.147394e-18
167.70    5.143210e-18
167.80    5.137020e-18
167.90    5.132616e-18
168.00    5.127578e-18
168.10    5.123813e-18
168.20    5.118209e-18
168.30    5.113968e-18
168.40    5.108611e-18
168.50    5.104336e-18
168.60    5.099575e-18
168.70    5.096350e-18
168.80    5.091866e-18
168.90    5.088648e-18
169.00    5.082899e-18
169.10    5.078283e-18
169.20    5.072793e-18
169.30    5.068009e-18
169.40    5.062240e-18
169.50    5.055393e-18
169.60    5.047216e-18
169.70    5.041499e-18
169.80    5.033374e-18
169.90    5.021935e-18
170.00    5.011055e-18
170.10    5.000726e-18
170.20    4.988660e-18
170.30    4.973422e-18
170.40    4.957598e-18
170.50    4.940221e-18
170.60    4.921495e-18
170.70    4.901533e-18
170.80    4.879439e-18
170.90    4.856322e-18
171.00    4.832433e-18
171.10    4.804739e-18
171.20    4.777295e-18
171.30    4.746090e-18
171.40    4.713341e-18
171.50    4.681314e-18
171.60    4.645066e-18
171.70    4.608165e-18
171.80    4.569578e-18
171.90    4.529705e-18
172.00    4.489501e-18
172.10    4.447521e-18
172.20    4.404461e-18
172.30    4.361598e-18
172.40    4.316251e-18
172.50    4.271009e-18
172.60    4.226612e-18
172.70    4.180782e-18
172.80    4.137895e-18
172.90    4.091799e-18
173.00    4.047523e-18
173.10    4.005536e-18
173.20    3.961936e-18
173.30    3.920632e-18
173.40    3.879235e-18
173.50    3.837834e-18
173.60    3.794758e-18
173.70    3.754628e-18
173.80    3.713648e-18
173.90    3.675082e-18
174.00    3.634717e-18
174.10    3.595326e-18
174.20    3.557329e-18
174.30    3.522050e-18
174.40    3.486785e-18
174.50    3.451960e-18
174.60    3.418195e-18
174.70    3.385671e-18
174.80    3.351410e-18
174.90    3.318158e-18
175.00    3.286594e-18
175.10    3.253539e-18
175.20    3.222168e-18
175.30    3.189722e-18
175.40    3.157681e-18
175.50    3.126560e-18
175.60    3.092977e-18
175.70    3.057517e-18
175.80    3.023977e-18
175.90    2.989267e-18
176.00    2.953007e-18
176.10    2.917626e-18
176.20    2.879930e-18
176.30    2.843383e-18
176.40    2.804307e-18
176.50    2.764991e-18
176.60    2.721981e-18
176.70    2.678535e-18
176.80    2.634004e-18
176.90    2.589478e-18
177.00    2.542556e-18
177.10    2.494968e-18
177.20    2.445836e-18
177.30    2.394198e-18
177.40    2.341752e-18
177.50    2.288934e-18
177.60    2.233770e-18
177.70    2.180821e-18
177.80    2.123170e-18
177.90    2.066242e-18
178.00    2.009096e-18
178.10    1.949935e-18
178.20    1.892101e-18
178.30    1.833720e-18
178.40    1.775100e-18
178.50    1.717379e-18
178.60    1.657614e-18
178.70    1.599020e-18
178.80    1.543784e-18
178.90    1.486828e-18
179.00    1.429459e-18
179.10    1.373773e-18
179.20    1.319685e-18
179.30    1.266407e-18
179.40    1.214398e-18
179.50    1.162249e-18
179.60    1.111880e-18
179.70    1.063197e-18
179.80    1.014734e-18
179.90    9.678738e-19
180.00    9.240519e-19
180.10    8.816699e-19
180.20    8.404225e-19
180.30    8.019277e-19
180.40    7.637847e-19
180.50    7.262311e-19
180.60    6.891236e-19
180.70    6.565372e-19
180.80    6.246523e-19
180.90    5.938621e-19
181.00    5.642874e-19
181.10    5.351396e-19
181.20    5.089362e-19
181.30    4.815911e-19
181.40    4.574508e-19
181.50    4.347643e-19
181.60    4.133981e-19
181.70    3.916160e-19
181.80    3.718500e-19
181.90    3.518048e-19
182.00    3.320497e-19
182.10    3.165955e-19
182.20    3.002891e-19
182.30    2.858150e-19
182.40    2.701171e-19
182.50    2.563960e-19
182.60    2.427815e-19
182.70    2.303608e-19
182.80    2.180310e-19
182.90    2.081315e-19
183.00    1.966136e-19
183.10    1.861534e-19
183.20    1.770487e-19
183.30    1.682732e-19
183.40    1.586012e-19
183.50    1.515611e-19
183.60    1.447197e-19
183.70    1.378610e-19
183.80    1.307805e-19
183.90    1.247488e-19
184.00    1.185258e-19
184.10    1.120725e-19
184.20    1.070227e-19
184.30    1.014254e-19
184.40    9.614054e-20
184.50    9.121329e-20
184.60    8.739810e-20
184.70    8.303483e-20
184.80    7.928411e-20
184.90    7.558062e-20
185.00    7.189138e-20
185.10    6.813326e-20
185.20    6.493097e-20
185.30    6.205560e-20
185.40    5.872297e-20
185.50    5.596741e-20
185.60    5.319026e-20
185.70    5.054316e-20
185.80    4.813508e-20
185.90    4.598042e-20
186.00    4.429440e-20
186.10    4.248935e-20
186.20    4.030168e-20
186.30    3.863398e-20
186.40    3.652796e-20
186.50    3.485756e-20
186.60    3.368858e-20
186.70    3.242392e-20
186.80    3.063616e-20
186.90    2.967766e-20
187.00    2.802813e-20
187.10    2.675942e-20
187.20    2.575071e-20
187.30    2.442082e-20
187.40    2.341663e-20
187.50    2.260269e-20
187.60    2.156397e-20
187.70    2.091307e-20
187.80    1.982384e-20
187.90    1.892479e-20
188.00    1.812342e-20
188.10    1.730149e-20
188.20    1.642124e-20
188.30    1.544172e-20
188.40    1.453693e-20
188.50    1.392953e-20
188.60    1.364138e-20
188.70    1.309341e-20
188.80    1.248367e-20
188.90    1.212519e-20
189.00    1.144155e-20
189.10    1.130320e-20
189.20    1.043211e-20
189.30    1.007323e-20
189.40    9.061372e-21
189.50    9.184061e-21
189.60    9.013985e-21
189.70    8.954574e-21
189.80    8.106179e-21
189.90    7.814994e-21
190.00    7.668049e-21
190.10    7.578823e-21
190.20    7.481716e-21
190.30    6.883687e-21
190.40    6.869215e-21
190.50    7.222815e-21
190.60    6.408930e-21
190.70    6.350124e-21
190.80    5.850418e-21
190.90    5.782893e-21
191.00    5.210162e-21
191.10    5.107544e-21
191.20    4.852110e-21
191.30    4.929389e-21
191.40    4.931555e-21
191.50    4.638873e-21
191.60    4.487088e-21
191.70    4.227550e-21
191.80    3.595558e-21
191.90    3.151119e-21
192.00    3.220044e-21
192.10    3.331844e-21
192.20    3.260043e-21
192.30    3.187455e-21
192.40    3.490772e-21
192.50    3.455114e-21
192.60    3.795169e-21
192.70    3.381279e-21
192.80    2.800651e-21
192.90    3.171042e-21
193.00    3.155530e-21
193.10    2.766203e-21
193.20    2.871497e-21
193.30    2.869534e-21
193.40    2.794774e-21
193.50    3.068102e-21
193.60    2.704083e-21
193.70    2.389421e-21
193.80    2.576077e-21
193.90    2.660874e-21
