Left Bin Edge (nm)	Right Bin Edge (nm)	Bin Center (nm)		Top of Atm Intensity (erg/s/nm/cm2)		Total Surface Flux (erg/s/nm/cm2)		Total Intensity at BOA (erg/s/nm/cm2)		Total Surface Intensity (erg/s/nm/cm2)		Total Surface Diffuse Intensity (erg/s/nm/cm2)		Total Surface Direct Intensity (erg/s/nm/cm2)
1.2000000e+02		1.2100000e+02		1.2050000e+02		1.8659427e-02		1.0836939e-02		2.0107951e-02		1.6258916e-02		1.7516730e-06		1.6257164e-02
1.2400000e+02		1.2500000e+02		1.2450000e+02		4.5738225e-03		1.7764306e-03		3.3436696e-03		2.6652121e-03		2.2182498e-07		2.6649903e-03
1.2800000e+02		1.2900000e+02		1.2850000e+02		4.5738225e-03		6.6904439e-04		1.3074203e-03		1.0037769e-03		6.1913982e-08		1.0037150e-03
1.3200000e+02		1.3300000e+02		1.3250000e+02		4.5738225e-03		2.3784222e-04		4.8541629e-04		3.5683743e-04		1.6994023e-08		3.5682044e-04
1.3600000e+02		1.3700000e+02		1.3650000e+02		4.5738225e-03		4.5544093e-04		9.0412374e-04		6.8330291e-04		2.9612905e-08		6.8327330e-04
1.4000000e+02		1.4100000e+02		1.4050000e+02		4.5738225e-03		6.2843464e-04		1.2311665e-03		9.4284663e-04		3.6419425e-08		9.4281021e-04
1.4400000e+02		1.4500000e+02		1.4450000e+02		4.5738225e-03		5.2375446e-04		1.0337434e-03		7.8579332e-04		2.5832783e-08		7.8576749e-04
1.4800000e+02		1.4900000e+02		1.4850000e+02		4.5738225e-03		5.9788243e-04		1.1736807e-03		8.9700770e-04		2.6057555e-08		8.9698164e-04
1.5200000e+02		1.5300000e+02		1.5250000e+02		4.5738225e-03		8.6619921e-04		1.6753790e-03		1.2995650e-03		3.4460523e-08		1.2995306e-03
1.5600000e+02		1.5700000e+02		1.5650000e+02		4.5738225e-03		1.3412613e-03		2.5509595e-03		2.0123037e-03		4.9744509e-08		2.0122540e-03
1.6000000e+02		1.6100000e+02		1.6050000e+02		4.5738225e-03		1.9066735e-03		3.5795844e-03		2.8605950e-03		6.6236749e-08		2.8605287e-03
1.6400000e+02		1.6500000e+02		1.6450000e+02		4.5738225e-03		2.3738975e-03		4.4220481e-03		3.5615733e-03		7.6491643e-08		3.5614968e-03
1.6800000e+02		1.6900000e+02		1.6850000e+02		4.5738225e-03		2.7720284e-03		5.1358631e-03		4.1588909e-03		8.2507268e-08		4.1588084e-03
1.7200000e+02		1.7300000e+02		1.7250000e+02		4.5738225e-03		2.9297525e-03		5.4177731e-03		4.3955241e-03		7.9027726e-08		4.3954450e-03
1.7600000e+02		1.7700000e+02		1.7650000e+02		4.5738225e-03		3.0090638e-03		5.5593598e-03		4.5145142e-03		7.3266969e-08		4.5144410e-03
1.8000000e+02		1.8100000e+02		1.8050000e+02		4.5738225e-03		3.0352181e-03		5.6060255e-03		4.5537527e-03		6.6591241e-08		4.5536861e-03
1.8400000e+02		1.8500000e+02		1.8450000e+02		4.5738225e-03		3.0452046e-03		5.6238401e-03		4.5687346e-03		6.0286544e-08		4.5686743e-03
1.8800000e+02		1.8900000e+02		1.8850000e+02		4.5738225e-03		3.0476138e-03		5.6281368e-03		4.5723484e-03		5.4555997e-08		4.5722938e-03
1.9200000e+02		1.9300000e+02		1.9250000e+02		4.5738225e-03		3.0482764e-03		5.6293179e-03		4.5733417e-03		4.9463838e-08		4.5732923e-03
1.9600000e+02		1.9700000e+02		1.9650000e+02		4.5738225e-03		3.0485110e-03		5.6297356e-03		4.5736931e-03		4.4951022e-08		4.5736482e-03
2.0000000e+02		2.0100000e+02		2.0050000e+02		4.5738225e-03		3.0485757e-03		5.6298503e-03		4.5737897e-03		4.0944150e-08		4.5737487e-03
2.0400000e+02		2.0500000e+02		2.0450000e+02		4.5738225e-03		3.0485877e-03		5.6298712e-03		4.5738073e-03		3.7377445e-08		4.5737699e-03
2.0800000e+02		2.0900000e+02		2.0850000e+02		4.5738225e-03		3.0485889e-03		5.6298727e-03		4.5738086e-03		3.4195235e-08		4.5737744e-03
2.1200000e+02		2.1300000e+02		2.1250000e+02		4.5738225e-03		3.0485899e-03		5.6298741e-03		4.5738097e-03		3.1349630e-08		4.5737784e-03
2.1600000e+02		2.1700000e+02		2.1650000e+02		4.5738225e-03		3.0485908e-03		5.6298753e-03		4.5738108e-03		2.8795597e-08		4.5737820e-03
2.2000000e+02		2.2100000e+02		2.2050000e+02		4.5738225e-03		3.0485916e-03		5.6298764e-03		4.5738117e-03		2.6498808e-08		4.5737852e-03
2.2400000e+02		2.2500000e+02		2.2450000e+02		4.5738225e-03		3.0485924e-03		5.6298774e-03		4.5738125e-03		2.4431381e-08		4.5737881e-03
2.2800000e+02		2.2900000e+02		2.2850000e+02		1.0047064e-01		6.6966765e-02		1.2366844e-01		1.0047044e-01		4.9560821e-07		1.0046994e-01
2.3200000e+02		2.3300000e+02		2.3250000e+02		2.1126272e-02		1.4081311e-02		2.6004148e-02		2.1126233e-02		9.6393428e-08		2.1126136e-02
2.3600000e+02		2.3700000e+02		2.3650000e+02		2.8890474e-01		1.9256395e-01		3.5561042e-01		2.8890424e-01		1.2214085e-06		2.8890302e-01
2.4000000e+02		2.4100000e+02		2.4050000e+02		3.3679770e-01		2.2448613e-01		4.1456151e-01		3.3679716e-01		1.3211681e-06		3.3679584e-01
2.4400000e+02		2.4500000e+02		2.4450000e+02		8.8998281e-02		5.9320127e-02		1.0954726e-01		8.8998149e-02		3.2442100e-07		8.8997824e-02
2.4800000e+02		2.4900000e+02		2.4850000e+02		3.4743541e-02		2.3157656e-02		4.2765547e-02		3.4743493e-02		1.1786019e-07		3.4743375e-02
2.5200000e+02		2.5300000e+02		2.5250000e+02		3.4743541e-02		2.3157659e-02		4.2765551e-02		3.4743496e-02		1.0980439e-07		3.4743386e-02
2.5600000e+02		2.5700000e+02		2.5650000e+02		4.6825964e-02		3.1210976e-02		5.7637715e-02		4.6825908e-02		1.3809063e-07		4.6825770e-02
2.6000000e+02		2.6100000e+02		2.6050000e+02		5.4735534e-01		3.6482956e-01		6.7373548e-01		5.4735473e-01		1.5079480e-06		5.4735322e-01
2.6400000e+02		2.6500000e+02		2.6450000e+02		1.8675507e-03		1.2447814e-03		2.2987540e-03		1.8675487e-03		4.8123398e-09		1.8675439e-03
2.6800000e+02		2.6900000e+02		2.6850000e+02		9.9530864e-03		6.6340466e-03		1.2251179e-02		9.9530766e-03		2.4014610e-08		9.9530526e-03
2.7200000e+02		2.7300000e+02		2.7250000e+02		7.0114202e-01		4.6733335e-01		8.6303049e-01		7.0114137e-01		1.5860136e-06		7.0113979e-01
2.7600000e+02		2.7700000e+02		2.7650000e+02		6.2776023e-01		4.1842210e-01		7.7270543e-01		6.2775969e-01		1.3325649e-06		6.2775835e-01
2.8000000e+02		2.8100000e+02		2.8050000e+02		7.1482876e+00		4.7645606e+00		8.7987749e+00		7.1482818e+00		1.4254496e-05		7.1482675e+00
2.8400000e+02		2.8500000e+02		2.8450000e+02		3.4667103e-01		2.3106726e-01		4.2671485e-01		3.4667077e-01		6.5010026e-07		3.4667012e-01
2.8800000e+02		2.8900000e+02		2.8850000e+02		1.7207319e-01		1.1469226e-01		2.1180365e-01		1.7207307e-01		3.0373982e-07		1.7207276e-01
2.9200000e+02		2.9300000e+02		2.9250000e+02		1.4665507e-02		9.7750278e-03		1.8051667e-02		1.4665497e-02		2.4391004e-08		1.4665473e-02
2.9600000e+02		2.9700000e+02		2.9650000e+02		1.4665507e-02		9.7750283e-03		1.8051668e-02		1.4665498e-02		2.3004117e-08		1.4665475e-02
3.0000000e+02		3.0100000e+02		3.0050000e+02		1.9085055e-02		1.2720799e-02		2.3491659e-02		1.9085043e-02		2.8257912e-08		1.9085015e-02
3.0400000e+02		3.0500000e+02		3.0450000e+02		2.7409955e-02		1.8269611e-02		3.3738721e-02		2.7409939e-02		3.8342649e-08		2.7409901e-02
3.0800000e+02		3.0900000e+02		3.0850000e+02		4.6997264e-01		3.1325180e-01		5.7848603e-01		4.6997239e-01		6.2155312e-07		4.6997177e-01
3.1200000e+02		3.1300000e+02		3.1250000e+02		4.0008305e+00		2.6666816e+00		4.9245944e+00		4.0008285e+00		5.0074673e-06		4.0008235e+00
3.1600000e+02		3.1700000e+02		3.1650000e+02		5.2462418e+00		3.4967883e+00		6.4575626e+00		5.2462393e+00		6.2178606e-06		5.2462330e+00
3.2000000e+02		3.2100000e+02		3.2050000e+02		5.1035075e+00		3.4016514e+00		6.2818721e+00		5.1035052e+00		5.7320948e-06		5.1034994e+00
3.2400000e+02		3.2500000e+02		3.2450000e+02		3.9958253e+00		2.6633458e+00		4.9184339e+00		3.9958236e+00		4.2559732e-06		3.9958193e+00
3.2800000e+02		3.2900000e+02		3.2850000e+02		9.6838404e+00		6.4545905e+00		1.1919773e+01		9.6838364e+00		9.7946397e-06		9.6838266e+00
3.3200000e+02		3.3300000e+02		3.3250000e+02		1.2055430e+01		8.0353314e+00		1.4838946e+01		1.2055425e+01		1.1578017e-05		1.2055414e+01
3.3600000e+02		3.3700000e+02		3.3650000e+02		4.4666337e+00		2.9771549e+00		5.4979490e+00		4.4666320e+00		4.0776166e-06		4.4666280e+00
3.4000000e+02		3.4100000e+02		3.4050000e+02		1.0266111e+01		6.8426931e+00		1.2636486e+01		1.0266107e+01		8.9140020e-06		1.0266098e+01
3.4400000e+02		3.4500000e+02		3.4450000e+02		1.4495357e+00		9.6616218e-01		1.7842237e+00		1.4495352e+00		1.1975092e-06		1.4495340e+00
3.4800000e+02		3.4900000e+02		3.4850000e+02		7.2956650e+00		4.8627955e+00		8.9801848e+00		7.2956627e+00		5.7401926e-06		7.2956569e+00
3.5200000e+02		3.5300000e+02		3.5250000e+02		3.0412728e+00		2.0271062e+00		3.7434822e+00		3.0412719e+00		2.2803750e-06		3.0412696e+00
3.5600000e+02		3.5700000e+02		3.5650000e+02		6.8400255e+00		4.5590973e+00		8.4193414e+00		6.8400235e+00		4.8898384e-06		6.8400186e+00
3.6000000e+02		3.6100000e+02		3.6050000e+02		3.8338043e+00		2.5553541e+00		4.7190040e+00		3.8338032e+00		2.6147100e-06		3.8338006e+00
3.6400000e+02		3.6500000e+02		3.6450000e+02		1.0088326e+01		6.7241945e+00		1.2417653e+01		1.0088323e+01		6.5659619e-06		1.0088317e+01
3.6800000e+02		3.6900000e+02		3.6850000e+02		8.0567371e+00		5.3700751e+00		9.9169839e+00		8.0567351e+00		5.0111310e-06		8.0567300e+00
3.7200000e+02		3.7300000e+02		3.7250000e+02		2.9719812e+00		1.9809213e+00		3.6581919e+00		2.9719805e+00		1.7658913e-06		2.9719787e+00
3.7600000e+02		3.7700000e+02		3.7650000e+02		9.1374053e+00		6.0903755e+00		1.1247171e+01		9.1374032e+00		5.1902688e-06		9.1373980e+00
3.8000000e+02		3.8100000e+02		3.8050000e+02		2.3545105e+01		1.5693572e+01		2.8981513e+01		2.3545100e+01		1.2797766e-05		2.3545087e+01
3.8400000e+02		3.8500000e+02		3.8450000e+02		1.7402799e+01		1.1599527e+01		2.1420990e+01		1.7402795e+01		9.0504799e-06		1.7402786e+01
3.8800000e+02		3.8900000e+02		3.8850000e+02		1.3284667e+01		8.8546595e+00		1.6352009e+01		1.3284664e+01		6.6169522e-06		1.3284658e+01
3.9200000e+02		3.9300000e+02		3.9250000e+02		1.2145221e+01		8.0951821e+00		1.4949472e+01		1.2145219e+01		5.7974145e-06		1.2145213e+01
3.9600000e+02		3.9700000e+02		3.9650000e+02		1.1548937e+01		7.6977396e+00		1.4215510e+01		1.1548935e+01		5.2810424e-06		1.1548930e+01
