Left Bin Edge (nm)	Right Bin Edge (nm)	Bin Center (nm)		Top of Atm Intensity (erg/s/nm/cm2)		Total Surface Flux (erg/s/nm/cm2)		Total Intensity at BOA (erg/s/nm/cm2)		Total Surface Intensity (erg/s/nm/cm2)		Total Surface Diffuse Intensity (erg/s/nm/cm2)		Total Surface Direct Intensity (erg/s/nm/cm2)
1.2000000e+02		1.2400000e+02		1.2200000e+02		1.3796834e+01		0.0000000e+00		0.0000000e+00		0.0000000e+00		0.0000000e+00		0.0000000e+00
1.2400000e+02		1.2800000e+02		1.2600000e+02		5.6519491e-02		0.0000000e+00		0.0000000e+00		0.0000000e+00		0.0000000e+00		0.0000000e+00
1.2800000e+02		1.3200000e+02		1.3000000e+02		2.4455645e-02		0.0000000e+00		0.0000000e+00		0.0000000e+00		0.0000000e+00		0.0000000e+00
1.3200000e+02		1.3600000e+02		1.3400000e+02		1.0572982e-01		0.0000000e+00		0.0000000e+00		0.0000000e+00		0.0000000e+00		0.0000000e+00
1.3600000e+02		1.4000000e+02		1.3800000e+02		5.2409963e-02		0.0000000e+00		0.0000000e+00		0.0000000e+00		0.0000000e+00		0.0000000e+00
1.4000000e+02		1.4400000e+02		1.4200000e+02		4.6479374e-02		0.0000000e+00		0.0000000e+00		0.0000000e+00		0.0000000e+00		0.0000000e+00
1.4400000e+02		1.4800000e+02		1.4600000e+02		3.6049603e-02		0.0000000e+00		0.0000000e+00		0.0000000e+00		0.0000000e+00		0.0000000e+00
1.4800000e+02		1.5200000e+02		1.5000000e+02		3.9595943e-02		0.0000000e+00		0.0000000e+00		0.0000000e+00		0.0000000e+00		0.0000000e+00
1.5200000e+02		1.5600000e+02		1.5400000e+02		1.6852268e-01		0.0000000e+00		0.0000000e+00		0.0000000e+00		0.0000000e+00		0.0000000e+00
1.5600000e+02		1.6000000e+02		1.5800000e+02		4.9978393e-02		0.0000000e+00		0.0000000e+00		0.0000000e+00		0.0000000e+00		0.0000000e+00
1.6000000e+02		1.6400000e+02		1.6200000e+02		4.4288138e-02		0.0000000e+00		0.0000000e+00		0.0000000e+00		0.0000000e+00		0.0000000e+00
1.6400000e+02		1.6800000e+02		1.6600000e+02		2.0802845e-01		0.0000000e+00		0.0000000e+00		0.0000000e+00		0.0000000e+00		0.0000000e+00
1.6800000e+02		1.7200000e+02		1.7000000e+02		2.9054310e-02		0.0000000e+00		0.0000000e+00		0.0000000e+00		0.0000000e+00		0.0000000e+00
1.7200000e+02		1.7600000e+02		1.7400000e+02		2.4865433e-02		0.0000000e+00		0.0000000e+00		0.0000000e+00		0.0000000e+00		0.0000000e+00
1.7600000e+02		1.8000000e+02		1.7800000e+02		1.7191653e-03		0.0000000e+00		0.0000000e+00		0.0000000e+00		0.0000000e+00		0.0000000e+00
1.8000000e+02		1.8400000e+02		1.8200000e+02		1.8891585e-01		0.0000000e+00		0.0000000e+00		0.0000000e+00		0.0000000e+00		0.0000000e+00
1.8400000e+02		1.8800000e+02		1.8600000e+02		1.0211919e-02		0.0000000e+00		0.0000000e+00		0.0000000e+00		0.0000000e+00		0.0000000e+00
1.8800000e+02		1.9200000e+02		1.9000000e+02		1.9943163e-02		2.8348394e-108		0.0000000e+00		4.4036705e-108		1.1252238e-108		3.2784467e-108
1.9200000e+02		1.9600000e+02		1.9400000e+02		2.4104524e-02		8.1765938e-36		1.3002079e-33		1.3606490e-35		1.0008425e-35		3.5980644e-36
1.9600000e+02		2.0000000e+02		1.9800000e+02		6.1513174e-02		7.0014875e-12		5.3077212e-11		1.2118061e-11		1.2060634e-11		5.7427118e-14
2.0000000e+02		2.0400000e+02		2.0200000e+02		4.5996392e-02		2.5113823e-04		8.0586087e-04		4.3497349e-04		4.3490438e-04		6.9115166e-08
2.0400000e+02		2.0800000e+02		2.0600000e+02		2.3900860e-02		2.7959421e-03		8.1741673e-03		4.8426595e-03		4.8423075e-03		3.5192345e-07
2.0800000e+02		2.1200000e+02		2.1000000e+02		4.3271013e-02		5.4468476e-03		1.5587863e-02		9.4339650e-03		9.4323349e-03		1.6301256e-06
2.1200000e+02		2.1600000e+02		2.1400000e+02		4.9634953e-02		6.7045179e-03		1.8808071e-02		1.1611896e-02		1.1607559e-02		4.3367096e-06
2.1600000e+02		2.2000000e+02		2.1800000e+02		3.9471107e-02		5.7059428e-03		1.5711005e-02		9.8818492e-03		9.8745102e-03		7.3389878e-06
2.2000000e+02		2.2400000e+02		2.2200000e+02		7.0941315e-02		1.0946823e-02		2.9619964e-02		1.8956433e-02		1.8930408e-02		2.6025689e-05
2.2400000e+02		2.2800000e+02		2.2600000e+02		1.3081843e-01		2.1493419e-02		5.7213413e-02		3.7214010e-02		3.7125422e-02		8.8588383e-05
2.2800000e+02		2.3200000e+02		2.3000000e+02		9.8439755e-02		1.7178867e-02		4.5031446e-02		2.9736750e-02		2.9620737e-02		1.1601314e-04
2.3200000e+02		2.3600000e+02		2.3400000e+02		4.0476451e-01		7.4848782e-02		1.9338685e-01		1.2952018e-01		1.2873221e-01		7.8796533e-04
2.3600000e+02		2.4000000e+02		2.3800000e+02		4.8812394e-01		9.5427049e-02		2.4321329e-01		1.6505302e-01		1.6355446e-01		1.4985628e-03
2.4000000e+02		2.4400000e+02		2.4200000e+02		2.7711731e-01		5.7147024e-02		1.4378037e-01		9.8782681e-02		9.7495238e-02		1.2874424e-03
2.4400000e+02		2.4800000e+02		2.4600000e+02		2.6453755e-01		5.7419999e-02		1.4270626e-01		9.9177460e-02		9.7384881e-02		1.7925788e-03
2.4800000e+02		2.5200000e+02		2.5000000e+02		3.3858335e-01		7.7191908e-02		1.8961817e-01		1.3320014e-01		1.2996211e-01		3.2380238e-03
2.5200000e+02		2.5600000e+02		2.5400000e+02		4.3713304e-01		1.0446268e-01		2.5376204e-01		1.8004982e-01		1.7432144e-01		5.7283803e-03
2.5600000e+02		2.6000000e+02		2.5800000e+02		6.2612365e-01		1.5652595e-01		3.7619782e-01		2.6941966e-01		2.5847081e-01		1.0948849e-02
2.6000000e+02		2.6400000e+02		2.6200000e+02		1.4087097e+00		3.6769687e-01		8.7472809e-01		6.3191177e-01		5.9981517e-01		3.2096600e-02
2.6400000e+02		2.6800000e+02		2.6600000e+02		1.0932947e+00		2.9739756e-01		7.0056325e-01		5.1020085e-01		4.7843486e-01		3.1765991e-02
2.6800000e+02		2.7200000e+02		2.7000000e+02		1.1994488e+00		3.3941357e-01		7.9200365e-01		5.8114875e-01		5.3756179e-01		4.3586966e-02
2.7200000e+02		2.7600000e+02		2.7400000e+02		1.6751819e+00		4.9226448e-01		1.1382449e+00		8.4107155e-01		7.6626296e-01		7.4808597e-02
2.7600000e+02		2.8000000e+02		2.7800000e+02		4.2637647e+00		1.2989327e+00		2.9771877e+00		2.2142448e+00		1.9839539e+00		2.3029088e-01
2.8000000e+02		2.8400000e+02		2.8200000e+02		3.3894815e+00		1.0687534e+00		2.4289365e+00		1.8174246e+00		1.5991882e+00		2.1823648e-01
2.8400000e+02		2.8800000e+02		2.8600000e+02		1.9686068e+00		6.4146665e-01		1.4459833e+00		1.0880178e+00		9.3889308e-01		1.4912473e-01
2.8800000e+02		2.9200000e+02		2.9000000e+02		4.1250336e+00		1.3869454e+00		3.1018892e+00		2.3461488e+00		1.9828946e+00		3.6325417e-01
2.9200000e+02		2.9600000e+02		2.9400000e+02		4.5159043e+00		1.5644621e+00		3.4724278e+00		2.6390942e+00		2.1818236e+00		4.5727059e-01
2.9600000e+02		3.0000000e+02		2.9800000e+02		4.4676683e+00		1.5925268e+00		3.5089449e+00		2.6787842e+00		2.1637707e+00		5.1501349e-01
3.0000000e+02		3.0400000e+02		3.0200000e+02		4.6834238e+00		1.7154455e+00		3.7532357e+00		2.8771620e+00		2.2681251e+00		6.0903695e-01
3.0400000e+02		3.0800000e+02		3.0600000e+02		6.3004417e+00		2.3683115e+00		5.1466142e+00		3.9604567e+00		3.0438982e+00		9.1655847e-01
3.0800000e+02		3.1200000e+02		3.1000000e+02		8.4665951e+00		3.2621337e+00		7.0428846e+00		5.4389719e+00		4.0716390e+00		1.3673329e+00
3.1200000e+02		3.1600000e+02		3.1400000e+02		1.1102093e+01		4.3794266e+00		9.3959691e+00		7.2800908e+00		5.3036407e+00		1.9764501e+00
3.1600000e+02		3.2000000e+02		3.1800000e+02		1.6330879e+01		6.5880747e+00		1.4049639e+01		1.0919033e+01		7.7348971e+00		3.1841357e+00
3.2000000e+02		3.2400000e+02		3.2200000e+02		1.4348620e+01		5.9133690e+00		1.2537994e+01		9.7717760e+00		6.7259718e+00		3.0458042e+00
3.2400000e+02		3.2800000e+02		3.2600000e+02		1.9428241e+01		8.1713724e+00		1.7229622e+01		1.3463492e+01		8.9982316e+00		4.4652602e+00
3.2800000e+02		3.3200000e+02		3.3000000e+02		2.8254372e+01		1.2116170e+01		2.5411608e+01		1.9905246e+01		1.2909784e+01		6.9954623e+00
3.3200000e+02		3.3600000e+02		3.3400000e+02		3.8100334e+01		1.6642866e+01		3.4727732e+01		2.7263935e+01		1.7149516e+01		1.0114419e+01
3.3600000e+02		3.4000000e+02		3.3800000e+02		4.0310462e+01		1.7920802e+01		3.7211713e+01		2.9275054e+01		1.7850786e+01		1.1424268e+01
3.4000000e+02		3.4400000e+02		3.4200000e+02		4.7343863e+01		2.1403400e+01		4.4235232e+01		3.4867995e+01		2.0601099e+01		1.4266897e+01
3.4400000e+02		3.4800000e+02		3.4600000e+02		4.5167661e+01		2.0748315e+01		4.2689201e+01		3.3709870e+01		1.9290936e+01		1.4418934e+01
3.4800000e+02		3.5200000e+02		3.5000000e+02		5.7933592e+01		2.7020631e+01		5.5355855e+01		4.3785213e+01		2.4260838e+01		1.9524375e+01
3.5200000e+02		3.5600000e+02		3.5400000e+02		7.5539207e+01		3.5746790e+01		7.2932007e+01		5.7777094e+01		3.0987342e+01		2.6789752e+01
3.5600000e+02		3.6000000e+02		3.5800000e+02		5.0919229e+01		2.4431563e+01		4.9650373e+01		3.9390042e+01		2.0443307e+01		1.8946734e+01
3.6000000e+02		3.6400000e+02		3.6200000e+02		6.0082589e+01		2.9210753e+01		5.9139584e+01		4.6981299e+01		2.3590002e+01		2.3391297e+01
3.6400000e+02		3.6800000e+02		3.6600000e+02		7.3191557e+01		3.6034101e+01		7.2691655e+01		5.7819450e+01		2.8082289e+01		2.9737161e+01
3.6800000e+02		3.7200000e+02		3.7000000e+02		7.2957037e+01		3.6351781e+01		7.3080264e+01		5.8196261e+01		2.7336358e+01		3.0859903e+01
3.7200000e+02		3.7600000e+02		3.7400000e+02		5.1255966e+01		2.5832630e+01		5.1762103e+01		4.1264657e+01		1.8743699e+01		2.2520958e+01
3.7600000e+02		3.8000000e+02		3.7800000e+02		8.7118512e+01		4.4388683e+01		8.8663932e+01		7.0754340e+01		3.1075501e+01		3.9678839e+01
3.8000000e+02		3.8400000e+02		3.8200000e+02		7.4623947e+01		3.8420324e+01		7.6511554e+01		6.1114421e+01		2.5951615e+01		3.5162806e+01
3.8400000e+02		3.8800000e+02		3.8600000e+02		7.9169181e+01		4.1167470e+01		8.1746409e+01		6.5353519e+01		2.6830154e+01		3.8523365e+01
3.8800000e+02		3.9200000e+02		3.9000000e+02		9.4035185e+01		4.9363754e+01		9.7752048e+01		7.8214063e+01		3.1042726e+01		4.7171337e+01
3.9200000e+02		3.9600000e+02		3.9400000e+02		8.4591613e+01		4.4810439e+01		8.8501838e+01		7.0867467e+01		2.7191847e+01		4.3675619e+01
3.9600000e+02		4.0000000e+02		3.9800000e+02		1.2055313e+02		6.4415157e+01		1.2690141e+02		1.0168932e+02		3.7721409e+01		6.3967913e+01
