Left Bin Edge (nm)	Right Bin Edge (nm)	Bin Center (nm)		Top of Atm Intensity (erg/s/nm/cm2)		Total Surface Flux (erg/s/nm/cm2)		Total Intensity at BOA (erg/s/nm/cm2)		Total Surface Intensity (erg/s/nm/cm2)		Total Surface Diffuse Intensity (erg/s/nm/cm2)		Total Surface Direct Intensity (erg/s/nm/cm2)
1.2000000e+02		1.2400000e+02		1.2200000e+02		2.0677114e+01		0.0000000e+00		0.0000000e+00		0.0000000e+00		0.0000000e+00		0.0000000e+00
1.2400000e+02		1.2800000e+02		1.2600000e+02		4.8128533e-02		0.0000000e+00		0.0000000e+00		0.0000000e+00		0.0000000e+00		0.0000000e+00
1.2800000e+02		1.3200000e+02		1.3000000e+02		2.4721556e-02		0.0000000e+00		0.0000000e+00		0.0000000e+00		0.0000000e+00		0.0000000e+00
1.3200000e+02		1.3600000e+02		1.3400000e+02		5.8272676e-02		0.0000000e+00		0.0000000e+00		0.0000000e+00		0.0000000e+00		0.0000000e+00
1.3600000e+02		1.4000000e+02		1.3800000e+02		3.6692671e-02		0.0000000e+00		0.0000000e+00		0.0000000e+00		0.0000000e+00		0.0000000e+00
1.4000000e+02		1.4400000e+02		1.4200000e+02		3.4764151e-02		0.0000000e+00		0.0000000e+00		0.0000000e+00		0.0000000e+00		0.0000000e+00
1.4400000e+02		1.4800000e+02		1.4600000e+02		2.3789125e-02		0.0000000e+00		0.0000000e+00		0.0000000e+00		0.0000000e+00		0.0000000e+00
1.4800000e+02		1.5200000e+02		1.5000000e+02		2.7584252e-02		0.0000000e+00		0.0000000e+00		0.0000000e+00		0.0000000e+00		0.0000000e+00
1.5200000e+02		1.5600000e+02		1.5400000e+02		1.6052810e-01		0.0000000e+00		0.0000000e+00		0.0000000e+00		0.0000000e+00		0.0000000e+00
1.5600000e+02		1.6000000e+02		1.5800000e+02		2.5185330e-02		0.0000000e+00		0.0000000e+00		0.0000000e+00		0.0000000e+00		0.0000000e+00
1.6000000e+02		1.6400000e+02		1.6200000e+02		4.4559606e-02		0.0000000e+00		0.0000000e+00		0.0000000e+00		0.0000000e+00		0.0000000e+00
1.6400000e+02		1.6800000e+02		1.6600000e+02		1.1894349e-01		0.0000000e+00		0.0000000e+00		0.0000000e+00		0.0000000e+00		0.0000000e+00
1.6800000e+02		1.7200000e+02		1.7000000e+02		1.5623283e-02		0.0000000e+00		0.0000000e+00		0.0000000e+00		0.0000000e+00		0.0000000e+00
1.7200000e+02		1.7600000e+02		1.7400000e+02		6.6339017e-03		0.0000000e+00		0.0000000e+00		0.0000000e+00		0.0000000e+00		0.0000000e+00
1.7600000e+02		1.8000000e+02		1.7800000e+02		7.9647521e-02		0.0000000e+00		0.0000000e+00		0.0000000e+00		0.0000000e+00		0.0000000e+00
1.8000000e+02		1.8400000e+02		1.8200000e+02		2.2472347e-01		0.0000000e+00		0.0000000e+00		0.0000000e+00		0.0000000e+00		0.0000000e+00
1.8400000e+02		1.8800000e+02		1.8600000e+02		6.5258057e-02		0.0000000e+00		0.0000000e+00		0.0000000e+00		0.0000000e+00		0.0000000e+00
1.8800000e+02		1.9200000e+02		1.9000000e+02		9.3954505e-02		0.0000000e+00		0.0000000e+00		0.0000000e+00		0.0000000e+00		0.0000000e+00
1.9200000e+02		1.9600000e+02		1.9400000e+02		1.3673048e-01		6.2450210e-107		0.0000000e+00		9.4583629e-107		6.6476314e-108		8.7935998e-107
1.9600000e+02		2.0000000e+02		1.9800000e+02		1.0057974e-01		1.1972502e-38		2.5794509e-31		1.8461031e-38		3.7269138e-39		1.4734118e-38
2.0000000e+02		2.0400000e+02		2.0200000e+02		1.5904058e-01		8.6282965e-04		2.7901287e-03		1.4944288e-03		1.4941961e-03		2.3271981e-07
2.0400000e+02		2.0800000e+02		2.0600000e+02		1.4242425e-01		1.6631439e-02		4.8908017e-02		2.8806182e-02		2.8804133e-02		2.0482904e-06
2.0800000e+02		2.1200000e+02		2.1000000e+02		1.4350677e-01		1.8032896e-02		5.1895132e-02		3.1233075e-02		3.1227783e-02		5.2912854e-06
2.1200000e+02		2.1600000e+02		2.1400000e+02		5.6522792e-02		7.6218795e-03		2.1495486e-02		1.3200735e-02		1.3195892e-02		4.8423203e-06
2.1600000e+02		2.2000000e+02		2.1800000e+02		4.1183820e-02		5.9435632e-03		1.6448432e-02		1.0293392e-02		1.0285871e-02		7.5205109e-06
2.2000000e+02		2.2400000e+02		2.2200000e+02		1.0515317e-01		1.6199330e-02		4.4044439e-02		2.8052203e-02		2.8014260e-02		3.7942126e-05
2.2400000e+02		2.2800000e+02		2.2600000e+02		8.5216681e-02		1.3978508e-02		3.7381031e-02		2.4202708e-02		2.4145875e-02		5.6832467e-05
2.2800000e+02		2.3200000e+02		2.3000000e+02		5.8814327e-02		1.0247566e-02		2.6980171e-02		1.7738747e-02		1.7670404e-02		6.8343157e-05
2.3200000e+02		2.3600000e+02		2.3400000e+02		1.8505756e-01		3.4167784e-02		8.8648248e-02		5.9125411e-02		5.8769822e-02		3.5558890e-04
2.3600000e+02		2.4000000e+02		2.3800000e+02		2.1594418e-01		4.2152645e-02		1.0786095e-01		7.2909346e-02		7.2254347e-02		6.5499896e-04
2.4000000e+02		2.4400000e+02		2.4200000e+02		1.6119473e-01		3.3192288e-02		8.3826851e-02		5.7376340e-02		5.6635800e-02		7.4053932e-04
2.4400000e+02		2.4800000e+02		2.4600000e+02		1.4910844e-01		3.2318343e-02		8.0610034e-02		5.5822555e-02		5.4822622e-02		9.9993259e-04
2.4800000e+02		2.5200000e+02		2.5000000e+02		2.6524812e-01		6.0387115e-02		1.4884578e-01		1.0420549e-01		1.0169327e-01		2.5122228e-03
2.5200000e+02		2.5600000e+02		2.5400000e+02		2.6546388e-01		6.3351033e-02		1.5439411e-01		1.0919468e-01		1.0574720e-01		3.4474782e-03
2.5600000e+02		2.6000000e+02		2.5800000e+02		3.4723597e-01		8.6689544e-02		2.0899655e-01		1.4922063e-01		1.4319957e-01		6.0210602e-03
2.6000000e+02		2.6400000e+02		2.6200000e+02		7.1194266e-01		1.8558563e-01		4.4279658e-01		3.1895773e-01		3.0286379e-01		1.6093945e-02
2.6400000e+02		2.6800000e+02		2.6600000e+02		5.5423509e-01		1.5057062e-01		3.5568414e-01		2.5832675e-01		2.4234150e-01		1.5985252e-02
2.6800000e+02		2.7200000e+02		2.7000000e+02		7.1386425e-01		2.0175503e-01		4.7203834e-01		3.4547044e-01		3.1970761e-01		2.5762821e-02
2.7200000e+02		2.7600000e+02		2.7400000e+02		8.2930062e-01		2.4340245e-01		5.6423579e-01		4.1590173e-01		3.7910655e-01		3.6795176e-02
2.7600000e+02		2.8000000e+02		2.7800000e+02		2.6399177e+00		8.0329548e-01		1.8456094e+00		1.3694572e+00		1.2277358e+00		1.4172133e-01
2.8000000e+02		2.8400000e+02		2.8200000e+02		2.1293616e+00		6.7065658e-01		1.5276815e+00		1.1405540e+00		1.0042327e+00		1.3632127e-01
2.8400000e+02		2.8800000e+02		2.8600000e+02		1.1511773e+00		3.7469569e-01		8.4647392e-01		6.3559402e-01		5.4885792e-01		8.6736097e-02
2.8800000e+02		2.9200000e+02		2.9000000e+02		2.4839196e+00		8.3426782e-01		1.8697014e+00		1.4113770e+00		1.1937446e+00		2.1763242e-01
2.9200000e+02		2.9600000e+02		2.9400000e+02		2.7108249e+00		9.3815012e-01		2.0863967e+00		1.5827251e+00		1.3095387e+00		2.7318636e-01
2.9600000e+02		3.0000000e+02		2.9800000e+02		2.5663207e+00		9.1386398e-01		2.0173745e+00		1.5373670e+00		1.2428607e+00		2.9450633e-01
3.0000000e+02		3.0400000e+02		3.0200000e+02		2.8844682e+00		1.0554994e+00		2.3134654e+00		1.7704835e+00		1.3969748e+00		3.7350870e-01
3.0400000e+02		3.0800000e+02		3.0600000e+02		3.5334990e+00		1.3269827e+00		2.8885981e+00		2.2193175e+00		1.7073408e+00		5.1197662e-01
3.0800000e+02		3.1200000e+02		3.1000000e+02		4.6655245e+00		1.7959710e+00		3.8837573e+00		2.9947672e+00		2.2441541e+00		7.5061317e-01
3.1200000e+02		3.1600000e+02		3.1400000e+02		6.3581300e+00		2.5058828e+00		5.3846289e+00		4.1661007e+00		3.0382580e+00		1.1278427e+00
3.1600000e+02		3.2000000e+02		3.1800000e+02		1.0166414e+01		4.0977785e+00		8.7517379e+00		6.7924138e+00		4.8169458e+00		1.9754679e+00
3.2000000e+02		3.2400000e+02		3.2200000e+02		1.2947652e+01		5.3316302e+00		1.1320416e+01		8.8114808e+00		6.0719278e+00		2.7395531e+00
3.2400000e+02		3.2800000e+02		3.2600000e+02		2.1864013e+01		9.1885637e+00		1.9400342e+01		1.5141220e+01		1.0131520e+01		5.0097002e+00
3.2800000e+02		3.3200000e+02		3.3000000e+02		2.5599417e+01		1.0969270e+01		2.3035558e+01		1.8023141e+01		1.1703440e+01		6.3197011e+00
3.3200000e+02		3.3600000e+02		3.3400000e+02		2.3920016e+01		1.0440953e+01		2.1813094e+01		1.7106099e+01		1.0773642e+01		6.3324570e+00
3.3600000e+02		3.4000000e+02		3.3800000e+02		1.5068545e+01		6.6942413e+00		1.3916446e+01		1.0936838e+01		6.6775252e+00		4.2593129e+00
3.4000000e+02		3.4400000e+02		3.4200000e+02		1.9574495e+01		8.8432255e+00		1.8296929e+01		1.4408032e+01		8.5240767e+00		5.8839557e+00
3.4400000e+02		3.4800000e+02		3.4600000e+02		1.2327830e+01		5.6591768e+00		1.1655980e+01		9.1955303e+00		5.2694676e+00		3.9260627e+00
3.4800000e+02		3.5200000e+02		3.5000000e+02		2.0972574e+01		9.7754815e+00		2.0046848e+01		1.5842321e+01		8.7903201e+00		7.0520013e+00
3.5200000e+02		3.5600000e+02		3.5400000e+02		3.4752798e+01		1.6435596e+01		3.3565028e+01		2.6567588e+01		1.4269260e+01		1.2298328e+01
3.5600000e+02		3.6000000e+02		3.5800000e+02		1.4530437e+01		6.9676844e+00		1.4173000e+01		1.1234945e+01		5.8394092e+00		5.3955360e+00
3.6000000e+02		3.6400000e+02		3.6200000e+02		2.3301237e+01		1.1321982e+01		2.2942596e+01		1.8211731e+01		9.1579733e+00		9.0537582e+00
3.6400000e+02		3.6800000e+02		3.6600000e+02		4.2596084e+01		2.0959477e+01		4.2317432e+01		3.3634608e+01		1.6360685e+01		1.7273923e+01
3.6800000e+02		3.7200000e+02		3.7000000e+02		3.3775381e+01		1.6819969e+01		3.3841678e+01		2.6930187e+01		1.2669292e+01		1.4260895e+01
3.7200000e+02		3.7600000e+02		3.7400000e+02		1.3731891e+01		6.9171794e+00		1.3871062e+01		1.1050516e+01		5.0273293e+00		6.0231867e+00
3.7600000e+02		3.8000000e+02		3.7800000e+02		4.7007850e+01		2.3939467e+01		4.7853357e+01		3.8162627e+01		1.6787687e+01		2.1374940e+01
3.8000000e+02		3.8400000e+02		3.8200000e+02		3.6449986e+01		1.8757283e+01		3.7380550e+01		2.9839713e+01		1.2691479e+01		1.7148234e+01
3.8400000e+02		3.8800000e+02		3.8600000e+02		4.0410880e+01		2.1003580e+01		4.1735420e+01		3.3346418e+01		1.3712265e+01		1.9634152e+01
3.8800000e+02		3.9200000e+02		3.9000000e+02		5.5953632e+01		2.9359592e+01		5.8177160e+01		4.6522901e+01		1.8495076e+01		2.8027825e+01
3.9200000e+02		3.9600000e+02		3.9400000e+02		5.3170473e+01		2.8153542e+01		5.5639011e+01		4.4528687e+01		1.7114102e+01		2.7414585e+01
3.9600000e+02		4.0000000e+02		3.9800000e+02		6.8162957e+01		3.6390679e+01		7.1738949e+01		5.7453038e+01		2.1345475e+01		3.6107563e+01
