Left Bin Edge (nm)	Right Bin Edge (nm)	Bin Center (nm)		Top of Atm Intensity (erg/s/nm/cm2)		Total Surface Flux (erg/s/nm/cm2)		Total Intensity at BOA (erg/s/nm/cm2)		Total Surface Intensity (erg/s/nm/cm2)		Total Surface Diffuse Intensity (erg/s/nm/cm2)		Total Surface Direct Intensity (erg/s/nm/cm2)
1.2000000e+02		1.2100000e+02		1.2050000e+02		1.8659427e-02		0.0000000e+00		0.0000000e+00		0.0000000e+00		0.0000000e+00		0.0000000e+00
1.2400000e+02		1.2500000e+02		1.2450000e+02		4.5738225e-03		0.0000000e+00		0.0000000e+00		0.0000000e+00		0.0000000e+00		0.0000000e+00
1.2800000e+02		1.2900000e+02		1.2850000e+02		4.5738225e-03		0.0000000e+00		0.0000000e+00		0.0000000e+00		0.0000000e+00		0.0000000e+00
1.3200000e+02		1.3300000e+02		1.3250000e+02		4.5738225e-03		0.0000000e+00		0.0000000e+00		0.0000000e+00		0.0000000e+00		0.0000000e+00
1.3600000e+02		1.3700000e+02		1.3650000e+02		4.5738225e-03		0.0000000e+00		0.0000000e+00		0.0000000e+00		0.0000000e+00		0.0000000e+00
1.4000000e+02		1.4100000e+02		1.4050000e+02		4.5738225e-03		0.0000000e+00		0.0000000e+00		0.0000000e+00		0.0000000e+00		0.0000000e+00
1.4400000e+02		1.4500000e+02		1.4450000e+02		4.5738225e-03		0.0000000e+00		0.0000000e+00		0.0000000e+00		0.0000000e+00		0.0000000e+00
1.4800000e+02		1.4900000e+02		1.4850000e+02		4.5738225e-03		0.0000000e+00		0.0000000e+00		0.0000000e+00		0.0000000e+00		0.0000000e+00
1.5200000e+02		1.5300000e+02		1.5250000e+02		4.5738225e-03		0.0000000e+00		0.0000000e+00		0.0000000e+00		0.0000000e+00		0.0000000e+00
1.5600000e+02		1.5700000e+02		1.5650000e+02		4.5738225e-03		0.0000000e+00		0.0000000e+00		0.0000000e+00		0.0000000e+00		0.0000000e+00
1.6000000e+02		1.6100000e+02		1.6050000e+02		4.5738225e-03		0.0000000e+00		0.0000000e+00		0.0000000e+00		0.0000000e+00		0.0000000e+00
1.6400000e+02		1.6500000e+02		1.6450000e+02		4.5738225e-03		0.0000000e+00		0.0000000e+00		0.0000000e+00		0.0000000e+00		0.0000000e+00
1.6800000e+02		1.6900000e+02		1.6850000e+02		4.5738225e-03		0.0000000e+00		0.0000000e+00		0.0000000e+00		0.0000000e+00		0.0000000e+00
1.7200000e+02		1.7300000e+02		1.7250000e+02		4.5738225e-03		0.0000000e+00		0.0000000e+00		0.0000000e+00		0.0000000e+00		0.0000000e+00
1.7600000e+02		1.7700000e+02		1.7650000e+02		4.5738225e-03		0.0000000e+00		0.0000000e+00		0.0000000e+00		0.0000000e+00		0.0000000e+00
1.8000000e+02		1.8100000e+02		1.8050000e+02		4.5738225e-03		0.0000000e+00		0.0000000e+00		0.0000000e+00		0.0000000e+00		0.0000000e+00
1.8400000e+02		1.8500000e+02		1.8450000e+02		4.5738225e-03		0.0000000e+00		0.0000000e+00		0.0000000e+00		0.0000000e+00		0.0000000e+00
1.8800000e+02		1.8900000e+02		1.8850000e+02		4.5738225e-03		0.0000000e+00		0.0000000e+00		0.0000000e+00		0.0000000e+00		0.0000000e+00
1.9200000e+02		1.9300000e+02		1.9250000e+02		4.5738225e-03		-9.9138353e-119		0.0000000e+00		-1.7171266e-118		-1.7171266e-118		1.1457583e-156
1.9600000e+02		1.9700000e+02		1.9650000e+02		4.5738225e-03		-6.3720762e-58		nan		-1.1036820e-57		-1.1037214e-57		3.9366480e-62
2.0000000e+02		2.0100000e+02		2.0050000e+02		4.5738225e-03		5.5055068e-07		2.0703452e-06		9.5351406e-07		9.5307586e-07		4.3819241e-10
2.0400000e+02		2.0500000e+02		2.0450000e+02		4.5738225e-03		5.1941092e-04		1.5402992e-03		8.9963914e-04		8.9959400e-04		4.5135055e-08
2.0800000e+02		2.0900000e+02		2.0850000e+02		4.5738225e-03		5.5951331e-04		1.6228476e-03		9.6908687e-04		9.6896645e-04		1.2042280e-07
2.1200000e+02		2.1300000e+02		2.1250000e+02		4.5738225e-03		6.0102656e-04		1.7075124e-03		1.0409638e-03		1.0406741e-03		2.8973061e-07
2.1600000e+02		2.1700000e+02		2.1650000e+02		4.5738225e-03		6.4387230e-04		1.7941453e-03		1.1151212e-03		1.1144844e-03		6.3675539e-07
2.2000000e+02		2.2100000e+02		2.2050000e+02		4.5738225e-03		6.8796379e-04		1.8825712e-03		1.1913886e-03		1.1900960e-03		1.2925373e-06
2.2400000e+02		2.2500000e+02		2.2450000e+02		4.5738225e-03		7.3320638e-04		1.9725868e-03		1.2695728e-03		1.2671264e-03		2.4464263e-06
2.2800000e+02		2.2900000e+02		2.2850000e+02		1.0047064e-01		1.7122805e-02		4.5337924e-02		2.9642797e-02		2.9547175e-02		9.5622276e-05
2.3200000e+02		2.3300000e+02		2.3250000e+02		2.1126272e-02		3.8186276e-03		9.9605128e-03		6.6088246e-03		6.5749505e-03		3.3874096e-05
2.3600000e+02		2.3700000e+02		2.3650000e+02		2.8890474e-01		5.5255821e-02		1.4210552e-01		9.5591049e-02		9.4847593e-02		7.4345595e-04
2.4000000e+02		2.4100000e+02		2.4050000e+02		3.3679770e-01		6.8006554e-02		1.7257413e-01		1.1758502e-01		1.1625278e-01		1.3322415e-03
2.4400000e+02		2.4500000e+02		2.4450000e+02		8.8998281e-02		1.8930802e-02		4.7433505e-02		3.2708677e-02		3.2187966e-02		5.2071128e-04
2.4800000e+02		2.4900000e+02		2.4850000e+02		3.4743541e-02		7.7685862e-03		1.9231718e-02		1.3410712e-02		1.3120205e-02		2.9050696e-04
2.5200000e+02		2.5300000e+02		2.5250000e+02		3.4743541e-02		8.1493700e-03		1.9943510e-02		1.4052938e-02		1.3650361e-02		4.0257662e-04
2.5600000e+02		2.5700000e+02		2.5650000e+02		4.6825964e-02		1.1498644e-02		2.7831970e-02		1.9803259e-02		1.9071867e-02		7.3139135e-04
2.6000000e+02		2.6100000e+02		2.6050000e+02		5.4735534e-01		1.4044077e-01		3.3636351e-01		2.4151409e-01		2.3027252e-01		1.1241573e-02
2.6400000e+02		2.6500000e+02		2.6450000e+02		1.8675507e-03		4.9973558e-04		1.1848310e-03		8.5794945e-04		8.0863211e-04		4.9317341e-05
2.6800000e+02		2.6900000e+02		2.6850000e+02		9.9530864e-03		2.7725267e-03		6.5096999e-03		4.7509989e-03		4.4198098e-03		3.3118909e-04
2.7200000e+02		2.7300000e+02		2.7250000e+02		7.0114202e-01		2.0295799e-01		4.7208275e-01		3.4707477e-01		3.1820941e-01		2.8865361e-02
2.7600000e+02		2.7700000e+02		2.7650000e+02		6.2776023e-01		1.8850997e-01		4.3453210e-01		3.2165076e-01		2.9020033e-01		3.1450434e-02
2.8000000e+02		2.8100000e+02		2.8050000e+02		7.1482876e+00		2.2231419e+00		5.0800961e+00		3.7842799e+00		3.3549690e+00		4.2931090e-01
2.8400000e+02		2.8500000e+02		2.8450000e+02		3.4667103e-01		1.1148531e-01		2.5262453e-01		1.8929517e-01		1.6467481e-01		2.4620363e-02
2.8800000e+02		2.8900000e+02		2.8850000e+02		1.7207319e-01		5.7132668e-02		1.2841822e-01		9.6752042e-02		8.2479571e-02		1.4272471e-02
2.9200000e+02		2.9300000e+02		2.9250000e+02		1.4665507e-02		5.0199751e-03		1.1195802e-02		8.4778768e-03		7.0732173e-03		1.4046595e-03
2.9600000e+02		2.9700000e+02		2.9650000e+02		1.4665507e-02		5.1679969e-03		1.1439609e-02		8.7032599e-03		7.0979230e-03		1.6053369e-03
3.0000000e+02		3.0100000e+02		3.0050000e+02		1.9085055e-02		6.9143591e-03		1.5194866e-02		1.1610689e-02		9.2455868e-03		2.3651018e-03
3.0400000e+02		3.0500000e+02		3.0450000e+02		2.7409955e-02		1.0196183e-02		2.2251350e-02		1.7071422e-02		1.3259086e-02		3.8123357e-03
3.0800000e+02		3.0900000e+02		3.0850000e+02		4.6997264e-01		1.7928100e-01		3.8863502e-01		2.9928106e-01		2.2649740e-01		7.2783653e-02
3.1200000e+02		3.1300000e+02		3.1250000e+02		4.0008305e+00		1.5632543e+00		3.3669643e+00		2.6018413e+00		1.9169450e+00		6.8489626e-01
3.1600000e+02		3.1700000e+02		3.1650000e+02		5.2462418e+00		2.0972683e+00		4.4892491e+00		3.4802522e+00		2.4941380e+00		9.8611414e-01
3.2000000e+02		3.2100000e+02		3.2050000e+02		5.1035075e+00		2.0851223e+00		4.4367896e+00		3.4498364e+00		2.4030098e+00		1.0468266e+00
3.2400000e+02		3.2500000e+02		3.2450000e+02		3.9958253e+00		1.6667824e+00		3.5264501e+00		2.7495755e+00		1.8602248e+00		8.8935079e-01
3.2800000e+02		3.2900000e+02		3.2850000e+02		9.6838404e+00		4.1200574e+00		8.6693112e+00		6.7767816e+00		4.4502997e+00		2.3264819e+00
3.3200000e+02		3.3300000e+02		3.3250000e+02		1.2055430e+01		5.2265533e+00		1.0939996e+01		8.5720843e+00		5.4609465e+00		3.1111378e+00
3.3600000e+02		3.3700000e+02		3.3650000e+02		4.4666337e+00		1.9715298e+00		4.1060148e+00		3.2243761e+00		1.9916712e+00		1.2327050e+00
3.4000000e+02		3.4100000e+02		3.4050000e+02		1.0266111e+01		4.6094730e+00		9.5537888e+00		7.5177529e+00		4.5003754e+00		3.0173775e+00
3.4400000e+02		3.4500000e+02		3.4450000e+02		1.4495357e+00		6.6152537e-01		1.3647928e+00		1.0759769e+00		6.2398318e-01		4.5199375e-01
3.4800000e+02		3.4900000e+02		3.4850000e+02		7.2956650e+00		3.3815970e+00		6.9458191e+00		5.4856114e+00		3.0806718e+00		2.4049396e+00
3.5200000e+02		3.5300000e+02		3.5250000e+02		3.0412728e+00		1.4306562e+00		2.9261776e+00		2.3148008e+00		1.2584765e+00		1.0563243e+00
3.5600000e+02		3.5700000e+02		3.5650000e+02		6.8400255e+00		3.2633210e+00		6.6476514e+00		5.2667510e+00		2.7711762e+00		2.4955748e+00
3.6000000e+02		3.6100000e+02		3.6050000e+02		3.8338043e+00		1.8538235e+00		3.7618029e+00		2.9846009e+00		1.5194733e+00		1.4651277e+00
3.6400000e+02		3.6500000e+02		3.6450000e+02		1.0088326e+01		4.9410854e+00		9.9894682e+00		7.9360777e+00		3.9084934e+00		4.0275843e+00
3.6800000e+02		3.6900000e+02		3.6850000e+02		8.0567371e+00		3.9945632e+00		8.0473294e+00		6.4010250e+00		3.0491264e+00		3.3518986e+00
3.7200000e+02		3.7300000e+02		3.7250000e+02		2.9719812e+00		1.4907951e+00		2.9931614e+00		2.3835593e+00		1.0980282e+00		1.2855311e+00
3.7600000e+02		3.7700000e+02		3.7650000e+02		9.1374053e+00		4.6347235e+00		9.2753439e+00		7.3941903e+00		3.2937559e+00		4.1004343e+00
3.8000000e+02		3.8100000e+02		3.8050000e+02		2.3545105e+01		1.2070062e+01		2.4080821e+01		1.9216127e+01		8.2764292e+00		1.0939698e+01
3.8400000e+02		3.8500000e+02		3.8450000e+02		1.7402799e+01		9.0120979e+00		1.7926775e+01		1.4318654e+01		5.9625139e+00		8.3561404e+00
3.8800000e+02		3.8900000e+02		3.8850000e+02		1.3284667e+01		6.9463377e+00		1.3778530e+01		1.1014939e+01		4.4344810e+00		6.5804580e+00
3.9200000e+02		3.9300000e+02		3.9250000e+02		1.2145221e+01		6.4094322e+00		1.2679176e+01		1.0144369e+01		3.9483138e+00		6.1960554e+00
3.9600000e+02		3.9700000e+02		3.9650000e+02		1.1548937e+01		6.1474793e+00		1.2129861e+01		9.7120160e+00		3.6542568e+00		6.0577591e+00
