Left Bin Edge (nm)	Right Bin Edge (nm)	Bin Center (nm)		Top of Atm Intensity (erg/s/nm/cm2)		Total Surface Flux (erg/s/nm/cm2)		Total Intensity at BOA (erg/s/nm/cm2)		Total Surface Intensity (erg/s/nm/cm2)		Total Surface Diffuse Intensity (erg/s/nm/cm2)		Total Surface Direct Intensity (erg/s/nm/cm2)
1.2000000e+02		1.2100000e+02		1.2050000e+02		2.4560908e+00		0.0000000e+00		0.0000000e+00		0.0000000e+00		0.0000000e+00		0.0000000e+00
1.2400000e+02		1.2500000e+02		1.2450000e+02		1.0385058e+00		0.0000000e+00		0.0000000e+00		0.0000000e+00		0.0000000e+00		0.0000000e+00
1.2800000e+02		1.2900000e+02		1.2850000e+02		4.4468485e-01		0.0000000e+00		0.0000000e+00		0.0000000e+00		0.0000000e+00		0.0000000e+00
1.3200000e+02		1.3300000e+02		1.3250000e+02		4.7757581e-01		0.0000000e+00		0.0000000e+00		0.0000000e+00		0.0000000e+00		0.0000000e+00
1.3600000e+02		1.3700000e+02		1.3650000e+02		4.9613233e-01		0.0000000e+00		0.0000000e+00		0.0000000e+00		0.0000000e+00		0.0000000e+00
1.4000000e+02		1.4100000e+02		1.4050000e+02		9.8275219e-01		0.0000000e+00		0.0000000e+00		0.0000000e+00		0.0000000e+00		0.0000000e+00
1.4400000e+02		1.4500000e+02		1.4450000e+02		5.0153606e-01		0.0000000e+00		0.0000000e+00		0.0000000e+00		0.0000000e+00		0.0000000e+00
1.4800000e+02		1.4900000e+02		1.4850000e+02		5.6796426e-01		0.0000000e+00		0.0000000e+00		0.0000000e+00		0.0000000e+00		0.0000000e+00
1.5200000e+02		1.5300000e+02		1.5250000e+02		5.7462269e-01		0.0000000e+00		0.0000000e+00		0.0000000e+00		0.0000000e+00		0.0000000e+00
1.5600000e+02		1.5700000e+02		1.5650000e+02		9.6263442e-01		0.0000000e+00		0.0000000e+00		0.0000000e+00		0.0000000e+00		0.0000000e+00
1.6000000e+02		1.6100000e+02		1.6050000e+02		1.1517474e+00		0.0000000e+00		0.0000000e+00		0.0000000e+00		0.0000000e+00		0.0000000e+00
1.6400000e+02		1.6500000e+02		1.6450000e+02		1.8997540e+00		0.0000000e+00		0.0000000e+00		0.0000000e+00		0.0000000e+00		0.0000000e+00
1.6800000e+02		1.6900000e+02		1.6850000e+02		7.8463279e-01		0.0000000e+00		0.0000000e+00		0.0000000e+00		0.0000000e+00		0.0000000e+00
1.7200000e+02		1.7300000e+02		1.7250000e+02		7.8050190e-01		0.0000000e+00		0.0000000e+00		0.0000000e+00		0.0000000e+00		0.0000000e+00
1.7600000e+02		1.7700000e+02		1.7650000e+02		9.0621888e-01		0.0000000e+00		0.0000000e+00		0.0000000e+00		0.0000000e+00		0.0000000e+00
1.8000000e+02		1.8100000e+02		1.8050000e+02		3.6581263e-01		0.0000000e+00		0.0000000e+00		0.0000000e+00		0.0000000e+00		0.0000000e+00
1.8400000e+02		1.8500000e+02		1.8450000e+02		3.4316932e-01		0.0000000e+00		0.0000000e+00		0.0000000e+00		0.0000000e+00		0.0000000e+00
1.8800000e+02		1.8900000e+02		1.8850000e+02		3.6557940e-01		0.0000000e+00		0.0000000e+00		0.0000000e+00		0.0000000e+00		0.0000000e+00
1.9200000e+02		1.9300000e+02		1.9250000e+02		3.9960212e-01		-1.2689709e-116		0.0000000e+00		-2.1979221e-116		-2.1979221e-116		1.0010171e-154
1.9600000e+02		1.9700000e+02		1.9650000e+02		1.0182884e+00		6.4891495e-60		4.9346032e-48		9.8857292e-60		1.1214124e-60		8.7643168e-60
2.0000000e+02		2.0100000e+02		2.0050000e+02		1.2074726e+00		1.4534339e-04		5.4656365e-04		2.5172426e-04		2.5160858e-04		1.1568121e-07
2.0400000e+02		2.0500000e+02		2.0450000e+02		1.2331512e+00		1.4003871e-01		4.1528104e-01		2.4255228e-01		2.4254011e-01		1.2168891e-05
2.0800000e+02		2.0900000e+02		2.0850000e+02		1.3684242e+00		1.6739861e-01		4.8553346e-01		2.8993734e-01		2.8990131e-01		3.6028831e-05
2.1200000e+02		2.1300000e+02		2.1250000e+02		9.8919849e-01		1.2998637e-01		3.6929038e-01		2.2513331e-01		2.2507065e-01		6.2661173e-05
2.1600000e+02		2.1700000e+02		2.1650000e+02		1.6101488e+00		2.2666603e-01		6.3160321e-01		3.9256246e-01		3.9233830e-01		2.2416063e-04
2.2000000e+02		2.2100000e+02		2.2050000e+02		1.1588540e+00		1.7430707e-01		4.7698071e-01		3.0185811e-01		3.0153063e-01		3.2748582e-04
2.2400000e+02		2.2500000e+02		2.2450000e+02		9.9822736e-01		1.6002079e-01		4.3051301e-01		2.7708166e-01		2.7654773e-01		5.3392751e-04
2.2800000e+02		2.2900000e+02		2.2850000e+02		2.0232411e-01		3.4481280e-02		9.1299858e-02		5.9693584e-02		5.9501023e-02		1.9256065e-04
2.3200000e+02		2.3300000e+02		2.3250000e+02		1.6999125e+00		3.0726353e-01		8.0146655e-01		5.3177501e-01		5.2904935e-01		2.7256583e-03
2.3600000e+02		2.3700000e+02		2.3650000e+02		5.7137455e-01		1.0928090e-01		2.8104585e-01		1.8905295e-01		1.8758260e-01		1.4703525e-03
2.4000000e+02		2.4100000e+02		2.4050000e+02		1.1364392e+00		2.2947102e-01		5.8230802e-01		3.9676109e-01		3.9226578e-01		4.4953142e-03
2.4400000e+02		2.4500000e+02		2.4450000e+02		2.8671133e-01		6.0986294e-02		1.5280883e-01		1.0537224e-01		1.0369475e-01		1.6774911e-03
2.4800000e+02		2.4900000e+02		2.4850000e+02		5.1655448e-01		1.1550055e-01		2.8593027e-01		1.9938565e-01		1.9506649e-01		4.3191530e-03
2.5200000e+02		2.5300000e+02		2.5250000e+02		5.2078659e-01		1.2215458e-01		2.9894225e-01		2.1064581e-01		2.0461141e-01		6.0344023e-03
2.5600000e+02		2.5700000e+02		2.5650000e+02		5.2898456e-01		1.2989813e-01		3.1441280e-01		2.2371388e-01		2.1545148e-01		8.2623975e-03
2.6000000e+02		2.6100000e+02		2.6050000e+02		9.6144472e-01		2.4668808e-01		5.9083177e-01		4.2422615e-01		4.0448001e-01		1.9746133e-02
2.6400000e+02		2.6500000e+02		2.6450000e+02		6.2767848e-01		1.6795971e-01		3.9821833e-01		2.8835437e-01		2.7177895e-01		1.6575418e-02
2.6800000e+02		2.6900000e+02		2.6850000e+02		3.9163515e-01		1.0909369e-01		2.5614440e-01		1.8694283e-01		1.7391117e-01		1.3031665e-02
2.7200000e+02		2.7300000e+02		2.7250000e+02		5.6754351e-01		1.6428553e-01		3.8213015e-01		2.8094170e-01		2.5757647e-01		2.3365235e-02
2.7600000e+02		2.7700000e+02		2.7650000e+02		3.8702768e-01		1.1622045e-01		2.6789838e-01		1.9830461e-01		1.7891474e-01		1.9389869e-02
2.8000000e+02		2.8100000e+02		2.8050000e+02		5.4819255e+00		1.7048976e+00		3.8958573e+00		2.9021133e+00		2.5728806e+00		3.2923275e-01
2.8400000e+02		2.8500000e+02		2.8450000e+02		6.1389259e-01		1.9742062e-01		4.4735301e-01		3.3520800e-01		2.9160972e-01		4.3598274e-02
2.8800000e+02		2.8900000e+02		2.8850000e+02		4.4732941e-01		1.4852472e-01		3.3384194e-01		2.5152108e-01		2.1441770e-01		3.7103375e-02
2.9200000e+02		2.9300000e+02		2.9250000e+02		4.9315567e-01		1.6880625e-01		3.7648022e-01		2.8508479e-01		2.3785044e-01		4.7234356e-02
2.9600000e+02		2.9700000e+02		2.9650000e+02		5.0984662e-01		1.7966551e-01		3.9769822e-01		3.0256899e-01		2.4675942e-01		5.5809565e-02
3.0000000e+02		3.0100000e+02		3.0050000e+02		5.8300927e-01		2.1121948e-01		4.6417197e-01		3.5468271e-01		2.8243371e-01		7.2249006e-02
3.0400000e+02		3.0500000e+02		3.0450000e+02		7.4807931e-01		2.7827675e-01		6.0728937e-01		4.6591749e-01		3.6187028e-01		1.0404721e-01
3.0800000e+02		3.0900000e+02		3.0850000e+02		9.2687126e-01		3.5357465e-01		7.6645872e-01		5.9023651e-01		4.4669395e-01		1.4354256e-01
3.1200000e+02		3.1300000e+02		3.1250000e+02		1.9338371e+00		7.5561291e-01		1.6274522e+00		1.2576232e+00		9.2657246e-01		3.3105071e-01
3.1600000e+02		3.1700000e+02		3.1650000e+02		3.3281103e+00		1.3304649e+00		2.8478894e+00		2.2078020e+00		1.5822310e+00		6.2557098e-01
3.2000000e+02		3.2100000e+02		3.2050000e+02		4.4934665e+00		1.8358800e+00		3.9064439e+00		3.0374648e+00		2.1157692e+00		9.2169560e-01
3.2400000e+02		3.2500000e+02		3.2450000e+02		6.4864579e+00		2.7057024e+00		5.7245171e+00		4.4634099e+00		3.0197190e+00		1.4436909e+00
3.2800000e+02		3.2900000e+02		3.2850000e+02		7.4616045e+00		3.1745917e+00		6.6798882e+00		5.2216540e+00		3.4290503e+00		1.7926036e+00
3.3200000e+02		3.3300000e+02		3.3250000e+02		9.0303365e+00		3.9150437e+00		8.1948008e+00		6.4210738e+00		4.0906202e+00		2.3304536e+00
3.3600000e+02		3.3700000e+02		3.3650000e+02		7.1341817e+00		3.1489602e+00		6.5581952e+00		5.1500272e+00		3.1811303e+00		1.9688969e+00
3.4000000e+02		3.4100000e+02		3.4050000e+02		1.4956422e+01		6.7154177e+00		1.3918659e+01		1.0952413e+01		6.5564763e+00		4.3959364e+00
3.4400000e+02		3.4500000e+02		3.4450000e+02		3.0144405e+00		1.3757018e+00		2.8382100e+00		2.2375913e+00		1.2976294e+00		9.3996185e-01
3.4800000e+02		3.4900000e+02		3.4850000e+02		1.2501622e+01		5.7945983e+00		1.1902137e+01		9.3999712e+00		5.2789423e+00		4.1210289e+00
3.5200000e+02		3.5300000e+02		3.5250000e+02		5.8469671e+00		2.7504931e+00		5.6256920e+00		4.4502960e+00		2.4194709e+00		2.0308252e+00
3.5600000e+02		3.5700000e+02		3.5650000e+02		1.1587325e+01		5.5282193e+00		1.1261434e+01		8.9221240e+00		4.6945028e+00		4.2276212e+00
3.6000000e+02		3.6100000e+02		3.6050000e+02		7.4304694e+00		3.5929790e+00		7.2909202e+00		5.7845900e+00		2.9449598e+00		2.8396302e+00
3.6400000e+02		3.6500000e+02		3.6450000e+02		1.6347081e+01		8.0065140e+00		1.6186892e+01		1.2859587e+01		6.3333062e+00		6.5262806e+00
3.6800000e+02		3.6900000e+02		3.6850000e+02		1.4198364e+01		7.0396069e+00		1.4181785e+01		1.1280507e+01		5.3734664e+00		5.9070410e+00
3.7200000e+02		3.7300000e+02		3.7250000e+02		5.9600665e+00		2.9896683e+00		6.0025416e+00		4.7800344e+00		2.2020063e+00		2.5780281e+00
3.7600000e+02		3.7700000e+02		3.7650000e+02		1.5410188e+01		7.8164378e+00		1.5642821e+01		1.2470265e+01		5.5549027e+00		6.9153619e+00
3.8000000e+02		3.8100000e+02		3.8050000e+02		3.4869444e+01		1.7875323e+01		3.5662821e+01		2.8458385e+01		1.2257091e+01		1.6201294e+01
3.8400000e+02		3.8500000e+02		3.8450000e+02		2.6893363e+01		1.3926818e+01		2.7703087e+01		2.2127289e+01		9.2141529e+00		1.2913136e+01
3.8800000e+02		3.8900000e+02		3.8850000e+02		1.4220540e+01		7.4356906e+00		1.4749194e+01		1.1790915e+01		4.7468795e+00		7.0440355e+00
3.9200000e+02		3.9300000e+02		3.9250000e+02		1.3314913e+01		7.0267171e+00		1.3900292e+01		1.1121362e+01		4.3285713e+00		6.7927903e+00
3.9600000e+02		3.9700000e+02		3.9650000e+02		1.1114745e+01		5.9163597e+00		1.1673829e+01		9.3468846e+00		3.5168720e+00		5.8300126e+00
