Left Bin Edge (nm)	Right Bin Edge (nm)	Bin Center (nm)		Top of Atm Intensity (erg/s/nm/cm2)		Total Surface Flux (erg/s/nm/cm2)		Total Intensity at BOA (erg/s/nm/cm2)		Total Surface Intensity (erg/s/nm/cm2)		Total Surface Diffuse Intensity (erg/s/nm/cm2)		Total Surface Direct Intensity (erg/s/nm/cm2)
1.2000000e+02		1.2100000e+02		1.2050000e+02		1.1871622e-01		6.8947480e-02		1.2793211e-01		1.0344353e-01		1.1144608e-05		1.0343239e-01
1.2400000e+02		1.2500000e+02		1.2450000e+02		6.0842363e-02		2.3630615e-02		4.4478499e-02		3.5453453e-02		2.9507826e-06		3.5450502e-02
1.2800000e+02		1.2900000e+02		1.2850000e+02		1.0511644e-02		1.5376103e-03		3.0047377e-03		2.3068988e-03		1.4229187e-07		2.3067565e-03
1.3200000e+02		1.3300000e+02		1.3250000e+02		1.6514926e-02		8.5878860e-04		1.7527165e-03		1.2884505e-03		6.1361156e-08		1.2883891e-03
1.3600000e+02		1.3700000e+02		1.3650000e+02		1.1574703e-02		1.1525575e-03		2.2880127e-03		1.7291944e-03		7.4939633e-08		1.7291195e-03
1.4000000e+02		1.4100000e+02		1.4050000e+02		6.3418880e-02		8.7136353e-03		1.7070886e-02		1.3073152e-02		5.0497787e-07		1.3072647e-02
1.4400000e+02		1.4500000e+02		1.4450000e+02		2.2316593e-02		2.5555026e-03		5.0438406e-03		3.8340425e-03		1.2604330e-07		3.8339164e-03
1.4800000e+02		1.4900000e+02		1.4850000e+02		1.6927229e-02		2.2126991e-03		4.3436671e-03		3.3197298e-03		9.6436231e-08		3.3196333e-03
1.5200000e+02		1.5300000e+02		1.5250000e+02		4.0690897e-02		7.7061195e-03		1.4904967e-02		1.1561548e-02		3.0657718e-07		1.1561241e-02
1.5600000e+02		1.5700000e+02		1.5650000e+02		7.0295948e-02		2.0614101e-02		3.9206182e-02		3.0927479e-02		7.6453282e-07		3.0926714e-02
1.6000000e+02		1.6100000e+02		1.6050000e+02		2.1543785e-03		8.9808829e-04		1.6860689e-03		1.3474078e-03		3.1199074e-08		1.3473766e-03
1.6400000e+02		1.6500000e+02		1.6450000e+02		2.2182410e-01		1.1513076e-01		2.1446325e-01		1.7273141e-01		3.7097395e-06		1.7272770e-01
1.6800000e+02		1.6900000e+02		1.6850000e+02		1.1938598e-04		7.2355526e-05		1.3405637e-04		1.0855543e-04		2.1536059e-09		1.0855328e-04
1.7200000e+02		1.7300000e+02		1.7250000e+02		1.1938598e-04		7.6472441e-05		1.4141479e-04		1.1473203e-04		2.0627828e-09		1.1472997e-04
1.7600000e+02		1.7700000e+02		1.7650000e+02		1.1938598e-04		7.8542626e-05		1.4511049e-04		1.1783791e-04		1.9124155e-09		1.1783600e-04
1.8000000e+02		1.8100000e+02		1.8050000e+02		1.1938598e-04		7.9225306e-05		1.4632856e-04		1.1886212e-04		1.7381655e-09		1.1886038e-04
1.8400000e+02		1.8500000e+02		1.8450000e+02		1.1260605e-02		7.4971965e-03		1.3845715e-02		1.1248079e-02		1.4842355e-07		1.1247930e-02
1.8800000e+02		1.8900000e+02		1.8850000e+02		3.5077912e-02		2.3372995e-02		4.3163741e-02		3.5066607e-02		4.1840505e-07		3.5066188e-02
1.9200000e+02		1.9300000e+02		1.9250000e+02		1.5679169e-01		1.0449562e-01		1.9297431e-01		1.5677521e-01		1.6956318e-06		1.5677351e-01
1.9600000e+02		1.9700000e+02		1.9650000e+02		8.5496016e-02		5.6984184e-02		1.0523363e-01		8.5493598e-02		8.4024539e-07		8.5492758e-02
2.0000000e+02		2.0100000e+02		2.0050000e+02		8.9781349e-02		5.9841683e-02		1.1051053e-01		8.9780704e-02		8.0370872e-07		8.9779901e-02
2.0400000e+02		2.0500000e+02		2.0450000e+02		7.3273181e-02		4.8838738e-02		9.0191208e-02		7.3272937e-02		5.9879112e-07		7.3272338e-02
2.0800000e+02		2.0900000e+02		2.0850000e+02		8.2162913e-02		5.4764028e-02		1.0113351e-01		8.2162663e-02		6.1427397e-07		8.2162048e-02
2.1200000e+02		2.1300000e+02		2.1250000e+02		6.7021495e-02		4.4671837e-02		8.2496113e-02		6.7021308e-02		4.5937486e-07		6.7020848e-02
2.1600000e+02		2.1700000e+02		2.1650000e+02		8.6246707e-02		5.7486035e-02		1.0616026e-01		8.6246486e-02		5.4298683e-07		8.6245943e-02
2.2000000e+02		2.2100000e+02		2.2050000e+02		1.0117167e-01		6.7433992e-02		1.2453129e-01		1.0117143e-01		5.8614619e-07		1.0117085e-01
2.2400000e+02		2.2500000e+02		2.2450000e+02		8.3793225e-02		5.5850744e-02		1.0314033e-01		8.3793043e-02		4.4758716e-07		8.3792595e-02
2.2800000e+02		2.2900000e+02		2.2850000e+02		5.1455679e-02		3.4296789e-02		6.3336347e-02		5.1455576e-02		2.5382397e-07		5.1455322e-02
2.3200000e+02		2.3300000e+02		2.3250000e+02		1.0950745e-01		7.2990091e-02		1.3479179e-01		1.0950725e-01		4.9965269e-07		1.0950675e-01
2.3600000e+02		2.3700000e+02		2.3650000e+02		2.2657473e-01		1.5101907e-01		2.7888894e-01		2.2657434e-01		9.5789461e-07		2.2657338e-01
2.4000000e+02		2.4100000e+02		2.4050000e+02		2.5178467e-01		1.6782230e-01		3.0991968e-01		2.5178427e-01		9.8768448e-07		2.5178328e-01
2.4400000e+02		2.4500000e+02		2.4450000e+02		1.1828326e-01		7.8839478e-02		1.4559391e-01		1.1828308e-01		4.3117208e-07		1.1828265e-01
2.4800000e+02		2.4900000e+02		2.4850000e+02		1.6430614e-01		1.0951518e-01		2.0224312e-01		1.6430591e-01		5.5737418e-07		1.6430536e-01
2.5200000e+02		2.5300000e+02		2.5250000e+02		1.2341624e-01		8.2260791e-02		1.5191208e-01		1.2341608e-01		3.9004790e-07		1.2341569e-01
2.5600000e+02		2.5700000e+02		2.5650000e+02		1.9046999e-01		1.2695423e-01		2.3444803e-01		1.9046976e-01		5.6169950e-07		1.9046920e-01
2.6000000e+02		2.6100000e+02		2.6050000e+02		5.1568805e-01		3.4372232e-01		6.3475646e-01		5.1568747e-01		1.4207056e-06		5.1568605e-01
2.6400000e+02		2.6500000e+02		2.6450000e+02		3.3412058e-01		2.2270190e-01		4.1126648e-01		3.3412023e-01		8.6096820e-07		3.3411937e-01
2.6800000e+02		2.6900000e+02		2.6850000e+02		4.5341017e-01		3.0221221e-01		5.5809917e-01		4.5340972e-01		1.0939791e-06		4.5340863e-01
2.7200000e+02		2.7300000e+02		2.7250000e+02		5.1279728e-01		3.4179562e-01		6.3119835e-01		5.1279681e-01		1.1599697e-06		5.1279565e-01
2.7600000e+02		2.7700000e+02		2.7650000e+02		7.6780117e-01		5.1176382e-01		9.4508079e-01		7.6780051e-01		1.6298339e-06		7.6779888e-01
2.8000000e+02		2.8100000e+02		2.8050000e+02		4.6317709e+00		3.0872224e+00		5.7012129e+00		4.6317671e+00		9.2362762e-06		4.6317579e+00
2.8400000e+02		2.8500000e+02		2.8450000e+02		6.6383408e-01		4.4246652e-01		8.1710854e-01		6.6383357e-01		1.2448652e-06		6.6383233e-01
2.8800000e+02		2.8900000e+02		2.8850000e+02		1.3351236e+00		8.8990238e-01		1.6433940e+00		1.3351226e+00		2.3567309e-06		1.3351203e+00
2.9200000e+02		2.9300000e+02		2.9250000e+02		1.6262119e+00		1.0839221e+00		2.0016926e+00		1.6262108e+00		2.7046416e-06		1.6262081e+00
2.9600000e+02		2.9700000e+02		2.9650000e+02		1.2243720e+00		8.1608300e-01		1.5070708e+00		1.2243712e+00		1.9205335e-06		1.2243693e+00
3.0000000e+02		3.0100000e+02		3.0050000e+02		1.6753419e+00		1.1166689e+00		2.0621665e+00		1.6753409e+00		2.4805621e-06		1.6753384e+00
3.0400000e+02		3.0500000e+02		3.0450000e+02		1.5905392e+00		1.0601452e+00		1.9577835e+00		1.5905383e+00		2.2249393e-06		1.5905361e+00
3.0800000e+02		3.0900000e+02		3.0850000e+02		2.4440826e+00		1.6290592e+00		3.0084042e+00		2.4440813e+00		3.2323736e-06		2.4440781e+00
3.1200000e+02		3.1300000e+02		3.1250000e+02		2.6746162e+00		1.7827173e+00		3.2921664e+00		2.6746148e+00		3.3475683e-06		2.6746115e+00
3.1600000e+02		3.1700000e+02		3.1650000e+02		7.1981840e+00		4.7978203e+00		8.8601947e+00		7.1981805e+00		8.5313080e-06		7.1981720e+00
3.2000000e+02		3.2100000e+02		3.2050000e+02		1.3207961e+00		8.8035295e-01		1.6257588e+00		1.3207955e+00		1.4834755e-06		1.3207940e+00
3.2400000e+02		3.2500000e+02		3.2450000e+02		1.1666363e+01		7.7760053e+00		1.4360046e+01		1.1666358e+01		1.2425901e-05		1.1666346e+01
3.2800000e+02		3.2900000e+02		3.2850000e+02		8.4623372e+00		5.6404194e+00		1.0416233e+01		8.4623337e+00		8.5591604e-06		8.4623252e+00
3.3200000e+02		3.3300000e+02		3.3250000e+02		9.7345100e+00		6.4883636e+00		1.1982142e+01		9.7345062e+00		9.3490086e-06		9.7344968e+00
3.3600000e+02		3.3700000e+02		3.3650000e+02		1.5189399e+01		1.0124223e+01		1.8696528e+01		1.5189393e+01		1.3866493e-05		1.5189379e+01
3.4000000e+02		3.4100000e+02		3.4050000e+02		2.0893496e+01		1.3926187e+01		2.5717662e+01		2.0893489e+01		1.8141696e-05		2.0893470e+01
3.4400000e+02		3.4500000e+02		3.4450000e+02		1.7322711e+01		1.1546144e+01		2.1322408e+01		1.7322705e+01		1.4310863e-05		1.7322691e+01
3.4800000e+02		3.4900000e+02		3.4850000e+02		2.9225874e+01		1.9479986e+01		3.5973931e+01		2.9225865e+01		2.2994771e-05		2.9225842e+01
3.5200000e+02		3.5300000e+02		3.5250000e+02		2.3417228e+01		1.5608336e+01		2.8824108e+01		2.3417221e+01		1.7558459e-05		2.3417203e+01
3.5600000e+02		3.5700000e+02		3.5650000e+02		2.1299887e+01		1.4197061e+01		2.6217888e+01		2.1299881e+01		1.5226991e-05		2.1299866e+01
3.6000000e+02		3.6100000e+02		3.6050000e+02		2.5119175e+01		1.6742740e+01		3.0919024e+01		2.5119168e+01		1.7131641e-05		2.5119151e+01
3.6400000e+02		3.6500000e+02		3.6450000e+02		2.9408235e+01		1.9601537e+01		3.6198400e+01		2.9408227e+01		1.9140277e-05		2.9408208e+01
3.6800000e+02		3.6900000e+02		3.6850000e+02		3.2046179e+01		2.1359812e+01		3.9445428e+01		3.2046171e+01		1.9932089e-05		3.2046151e+01
3.7200000e+02		3.7300000e+02		3.7250000e+02		2.2158106e+01		1.4769092e+01		2.7274265e+01		2.2158101e+01		1.3165900e-05		2.2158087e+01
3.7600000e+02		3.7700000e+02		3.7650000e+02		3.6021874e+01		2.4009741e+01		4.4339085e+01		3.6021866e+01		2.0461302e-05		3.6021845e+01
3.8000000e+02		3.8100000e+02		3.8050000e+02		3.9594731e+01		2.6391166e+01		4.8736892e+01		3.9594722e+01		2.1521420e-05		3.9594701e+01
3.8400000e+02		3.8500000e+02		3.8450000e+02		4.0648039e+01		2.7093230e+01		5.0033402e+01		4.0648030e+01		2.1139373e-05		4.0648009e+01
3.8800000e+02		3.8900000e+02		3.8850000e+02		3.5808319e+01		2.3867401e+01		4.4076223e+01		3.5808312e+01		1.7835745e-05		3.5808294e+01
3.9200000e+02		3.9300000e+02		3.9250000e+02		3.6155524e+01		2.4098825e+01		4.4503596e+01		3.6155517e+01		1.7258521e-05		3.6155500e+01
3.9600000e+02		3.9700000e+02		3.9650000e+02		3.2588633e+01		2.1721377e+01		4.0113133e+01		3.2588627e+01		1.4901973e-05		3.2588612e+01
