Left Bin Edge (nm)	Right Bin Edge (nm)	Bin Center (nm)		Top of Atm Intensity (erg/s/nm/cm2)		Total Surface Flux (erg/s/nm/cm2)		Total Intensity at BOA (erg/s/nm/cm2)		Total Surface Intensity (erg/s/nm/cm2)		Total Surface Diffuse Intensity (erg/s/nm/cm2)		Total Surface Direct Intensity (erg/s/nm/cm2)
1.2000000e+02		1.2100000e+02		1.2050000e+02		2.4560908e+00		1.4264375e+00		2.6467562e+00		2.1401179e+00		2.3056806e-04		2.1398874e+00
1.2400000e+02		1.2500000e+02		1.2450000e+02		1.0385058e+00		4.0334611e-01		7.5919437e-01		6.0514771e-01		5.0366302e-05		6.0509734e-01
1.2800000e+02		1.2900000e+02		1.2850000e+02		4.4468485e-01		6.5047103e-02		1.2711250e-01		9.7591105e-02		6.0195186e-06		9.7585085e-02
1.3200000e+02		1.3300000e+02		1.3250000e+02		4.7757581e-01		2.4834302e-02		5.0684756e-02		3.7259191e-02		1.7744314e-06		3.7257416e-02
1.3600000e+02		1.3700000e+02		1.3650000e+02		4.9613233e-01		4.9402654e-02		9.8072240e-02		7.4119331e-02		3.2121753e-06		7.4116119e-02
1.4000000e+02		1.4100000e+02		1.4050000e+02		9.8275219e-01		1.3502831e-01		2.6453401e-01		2.0258429e-01		7.8252425e-06		2.0257647e-01
1.4400000e+02		1.4500000e+02		1.4450000e+02		5.0153606e-01		5.7431557e-02		1.1335368e-01		8.6165059e-02		2.8326574e-06		8.6162227e-02
1.4800000e+02		1.4900000e+02		1.4850000e+02		5.6796426e-01		7.4243339e-02		1.4574433e-01		1.1138786e-01		3.2357530e-06		1.1138463e-01
1.5200000e+02		1.5300000e+02		1.5250000e+02		5.7462269e-01		1.0882314e-01		2.1048276e-01		1.6326815e-01		4.3293763e-06		1.6326382e-01
1.5600000e+02		1.5700000e+02		1.5650000e+02		9.6263442e-01		2.8228999e-01		5.3689041e-01		4.2352164e-01		1.0469531e-05		4.2351117e-01
1.6000000e+02		1.6100000e+02		1.6050000e+02		1.1517474e+00		4.8012494e-01		9.0138544e-01		7.2033465e-01		1.6679266e-05		7.2031797e-01
1.6400000e+02		1.6500000e+02		1.6450000e+02		1.8997540e+00		9.8600704e-01		1.8367139e+00		1.4793126e+00		3.1771085e-05		1.4792808e+00
1.6800000e+02		1.6900000e+02		1.6850000e+02		7.8463279e-01		4.7553756e-01		8.8105005e-01		7.1345185e-01		1.4154005e-05		7.1343770e-01
1.7200000e+02		1.7300000e+02		1.7250000e+02		7.8050190e-01		4.9994886e-01		9.2451822e-01		7.5007609e-01		1.3485720e-05		7.5006260e-01
1.7600000e+02		1.7700000e+02		1.7650000e+02		9.0621888e-01		5.9619070e-01		1.1014850e+00		8.9446804e-01		1.4516504e-05		8.9445352e-01
1.8000000e+02		1.8100000e+02		1.8050000e+02		3.6581263e-01		2.4275562e-01		4.4836784e-01		3.6420745e-01		5.3259428e-06		3.6420213e-01
1.8400000e+02		1.8500000e+02		1.8450000e+02		3.4316932e-01		2.2847865e-01		4.2195109e-01		3.4278758e-01		4.5232390e-06		3.4278306e-01
1.8800000e+02		1.8900000e+02		1.8850000e+02		3.6557940e-01		2.4359162e-01		4.4984931e-01		3.6546158e-01		4.3605865e-06		3.6545721e-01
1.9200000e+02		1.9300000e+02		1.9250000e+02		3.9960212e-01		2.6631941e-01		4.9181781e-01		3.9956012e-01		4.3215176e-06		3.9955580e-01
1.9600000e+02		1.9700000e+02		1.9650000e+02		1.0182884e+00		6.7870219e-01		1.2533706e+00		1.0182596e+00		1.0007626e-05		1.0182496e+00
2.0000000e+02		2.0100000e+02		2.0050000e+02		1.2074726e+00		8.0481295e-01		1.4862601e+00		1.2074639e+00		1.0809108e-05		1.2074531e+00
2.0400000e+02		2.0500000e+02		2.0450000e+02		1.2331512e+00		8.2193168e-01		1.5178732e+00		1.2331471e+00		1.0077357e-05		1.2331370e+00
2.0800000e+02		2.0900000e+02		2.0850000e+02		1.3684242e+00		9.1209547e-01		1.6843798e+00		1.3684200e+00		1.0230740e-05		1.3684098e+00
2.1200000e+02		2.1300000e+02		2.1250000e+02		9.8919849e-01		6.5933047e-01		1.2175949e+00		9.8919573e-01		6.7801071e-06		9.8918895e-01
2.1600000e+02		2.1700000e+02		2.1650000e+02		1.6101488e+00		1.0732128e+00		1.9819171e+00		1.6101447e+00		1.0137078e-05		1.6101345e+00
2.2000000e+02		2.2100000e+02		2.2050000e+02		1.1588540e+00		7.7241140e-01		1.4264228e+00		1.1588513e+00		6.7139137e-06		1.1588446e+00
2.2400000e+02		2.2500000e+02		2.2450000e+02		9.9822736e-01		6.6534902e-01		1.2287092e+00		9.9822519e-01		5.3320988e-06		9.9821986e-01
2.2800000e+02		2.2900000e+02		2.2850000e+02		2.0232411e-01		1.3485523e-01		2.4903898e-01		2.0232370e-01		9.9803773e-07		2.0232271e-01
2.3200000e+02		2.3300000e+02		2.3250000e+02		1.6999125e+00		1.1330441e+00		2.0924078e+00		1.6999093e+00		7.7562380e-06		1.6999016e+00
2.3600000e+02		2.3700000e+02		2.3650000e+02		5.7137455e-01		3.8083882e-01		7.0330015e-01		5.7137357e-01		2.4156119e-06		5.7137115e-01
2.4000000e+02		2.4100000e+02		2.4050000e+02		1.1364392e+00		7.5747202e-01		1.3988337e+00		1.1364374e+00		4.4579496e-06		1.1364329e+00
2.4400000e+02		2.4500000e+02		2.4450000e+02		2.8671133e-01		1.9110203e-01		3.5291065e-01		2.8671090e-01		1.0451345e-06		2.8670986e-01
2.4800000e+02		2.4900000e+02		2.4850000e+02		5.1655448e-01		3.4429970e-01		6.3582278e-01		5.1655377e-01		1.7523029e-06		5.1655201e-01
2.5200000e+02		2.5300000e+02		2.5250000e+02		5.2078659e-01		3.4712058e-01		6.4103211e-01		5.2078592e-01		1.6459075e-06		5.2078427e-01
2.5600000e+02		2.5700000e+02		2.5650000e+02		5.2898456e-01		3.5258482e-01		6.5112298e-01		5.2898392e-01		1.5599852e-06		5.2898236e-01
2.6000000e+02		2.6100000e+02		2.6050000e+02		9.6144472e-01		6.4083317e-01		1.1834349e+00		9.6144364e-01		2.6487522e-06		9.6144099e-01
2.6400000e+02		2.6500000e+02		2.6450000e+02		6.2767848e-01		4.1836750e-01		7.7260467e-01		6.2767782e-01		1.6174137e-06		6.2767620e-01
2.6800000e+02		2.6900000e+02		2.6850000e+02		3.9163515e-01		2.6103720e-01		4.8206076e-01		3.9163476e-01		9.4492953e-07		3.9163382e-01
2.7200000e+02		2.7300000e+02		2.7250000e+02		5.6754351e-01		3.7828571e-01		6.9858508e-01		5.6754299e-01		1.2838080e-06		5.6754170e-01
2.7600000e+02		2.7700000e+02		2.7650000e+02		3.8702768e-01		2.5796622e-01		4.7638951e-01		3.8702735e-01		8.2155492e-07		3.8702652e-01
2.8000000e+02		2.8100000e+02		2.8050000e+02		5.4819255e+00		3.6538774e+00		6.7476620e+00		5.4819210e+00		1.0931581e-05		5.4819101e+00
2.8400000e+02		2.8500000e+02		2.8450000e+02		6.1389259e-01		4.0917893e-01		7.5563593e-01		6.1389212e-01		1.1512117e-06		6.1389097e-01
2.8800000e+02		2.8900000e+02		2.8850000e+02		4.4732941e-01		2.9815929e-01		5.5061454e-01		4.4732909e-01		7.8961606e-07		4.4732830e-01
2.9200000e+02		2.9300000e+02		2.9250000e+02		4.9315567e-01		3.2870397e-01		6.0702178e-01		4.9315534e-01		8.2019406e-07		4.9315452e-01
2.9600000e+02		2.9700000e+02		2.9650000e+02		5.0984662e-01		3.3982904e-01		6.2756657e-01		5.0984629e-01		7.9973857e-07		5.0984549e-01
3.0000000e+02		3.0100000e+02		3.0050000e+02		5.8300927e-01		3.8859430e-01		7.1762198e-01		5.8300892e-01		8.6322122e-07		5.8300806e-01
3.0400000e+02		3.0500000e+02		3.0450000e+02		7.4807931e-01		4.9861877e-01		9.2080556e-01		7.4807888e-01		1.0464571e-06		7.4807784e-01
3.0800000e+02		3.0900000e+02		3.0850000e+02		9.2687126e-01		6.1778935e-01		1.1408793e+00		9.2687076e-01		1.2258155e-06		9.2686953e-01
3.1200000e+02		3.1300000e+02		3.1250000e+02		1.9338371e+00		1.2889643e+00		2.3803466e+00		1.9338361e+00		2.4204040e-06		1.9338337e+00
3.1600000e+02		3.1700000e+02		3.1650000e+02		3.3281103e+00		2.2182922e+00		4.0965479e+00		3.3281087e+00		3.9444857e-06		3.3281047e+00
3.2000000e+02		3.2100000e+02		3.2050000e+02		4.4934665e+00		2.9950395e+00		5.5309769e+00		4.4934644e+00		5.0469164e-06		4.4934594e+00
3.2400000e+02		3.2500000e+02		3.2450000e+02		6.4864579e+00		4.3234323e+00		7.9841364e+00		6.4864551e+00		6.9087582e-06		6.4864482e+00
3.2800000e+02		3.2900000e+02		3.2850000e+02		7.4616045e+00		4.9733990e+00		9.1844378e+00		7.4616014e+00		7.5469777e-06		7.4615939e+00
3.3200000e+02		3.3300000e+02		3.3250000e+02		9.0303365e+00		6.0190094e+00		1.1115379e+01		9.0303330e+00		8.6727214e-06		9.0303243e+00
3.3600000e+02		3.3700000e+02		3.3650000e+02		7.1341817e+00		4.7551614e+00		8.7814157e+00		7.1341790e+00		6.5128371e-06		7.1341725e+00
3.4000000e+02		3.4100000e+02		3.4050000e+02		1.4956422e+01		9.9689362e+00		1.8409758e+01		1.4956417e+01		1.2986571e-05		1.4956404e+01
3.4400000e+02		3.4500000e+02		3.4450000e+02		3.0144405e+00		2.0092216e+00		3.7104544e+00		3.0144395e+00		2.4903287e-06		3.0144370e+00
3.4800000e+02		3.4900000e+02		3.4850000e+02		1.2501622e+01		8.3327334e+00		1.5388162e+01		1.2501618e+01		9.8362135e-06		1.2501608e+01
3.5200000e+02		3.5300000e+02		3.5250000e+02		5.8469671e+00		3.8971918e+00		7.1969924e+00		5.8469653e+00		4.3841111e-06		5.8469609e+00
3.5600000e+02		3.5700000e+02		3.5650000e+02		1.1587325e+01		7.7233254e+00		1.4262761e+01		1.1587322e+01		8.2836163e-06		1.1587313e+01
3.6000000e+02		3.6100000e+02		3.6050000e+02		7.4304694e+00		4.9526473e+00		9.1461150e+00		7.4304673e+00		5.0676876e-06		7.4304623e+00
3.6400000e+02		3.6500000e+02		3.6450000e+02		1.6347081e+01		1.0895856e+01		2.0121513e+01		1.6347077e+01		1.0639457e-05		1.6347066e+01
3.6800000e+02		3.6900000e+02		3.6850000e+02		1.4198364e+01		9.4636674e+00		1.7476671e+01		1.4198360e+01		8.8311015e-06		1.4198352e+01
3.7200000e+02		3.7300000e+02		3.7250000e+02		5.9600665e+00		3.9725766e+00		7.3362062e+00		5.9600651e+00		3.5413514e-06		5.9600615e+00
3.7600000e+02		3.7700000e+02		3.7650000e+02		1.5410188e+01		1.0271388e+01		1.8968298e+01		1.5410184e+01		8.7533622e-06		1.5410176e+01
3.8000000e+02		3.8100000e+02		3.8050000e+02		3.4869444e+01		2.3241610e+01		4.2920567e+01		3.4869436e+01		1.8953025e-05		3.4869417e+01
3.8400000e+02		3.8500000e+02		3.8450000e+02		2.6893363e+01		1.7925295e+01		3.3102862e+01		2.6893357e+01		1.3986132e-05		2.6893343e+01
3.8800000e+02		3.8900000e+02		3.8850000e+02		1.4220540e+01		9.4784491e+00		1.7503969e+01		1.4220537e+01		7.0831007e-06		1.4220530e+01
3.9200000e+02		3.9300000e+02		3.9250000e+02		1.3314913e+01		8.8748196e+00		1.6389238e+01		1.3314910e+01		6.3557567e-06		1.3314904e+01
3.9600000e+02		3.9700000e+02		3.9650000e+02		1.1114745e+01		7.4083366e+00		1.3681066e+01		1.1114743e+01		5.0824971e-06		1.1114738e+01
