Left Bin Edge (nm)	Right Bin Edge (nm)	Bin Center (nm)		Top of Atm Intensity (erg/s/nm/cm2)		Total Surface Flux (erg/s/nm/cm2)		Total Intensity at BOA (erg/s/nm/cm2)		Total Surface Intensity (erg/s/nm/cm2)		Total Surface Diffuse Intensity (erg/s/nm/cm2)		Total Surface Direct Intensity (erg/s/nm/cm2)
1.3000000e+02		1.3500000e+02		1.3250000e+02		1.2309000e-01		0.0000000e+00		0.0000000e+00		0.0000000e+00		0.0000000e+00		0.0000000e+00
1.3500000e+02		1.4000000e+02		1.3750000e+02		5.9307000e-02		0.0000000e+00		0.0000000e+00		0.0000000e+00		0.0000000e+00		0.0000000e+00
1.4000000e+02		1.4500000e+02		1.4250000e+02		6.7630800e-02		0.0000000e+00		0.0000000e+00		0.0000000e+00		0.0000000e+00		0.0000000e+00
1.4500000e+02		1.5000000e+02		1.4750000e+02		5.3275800e-02		0.0000000e+00		0.0000000e+00		0.0000000e+00		0.0000000e+00		0.0000000e+00
1.5000000e+02		1.5500000e+02		1.5250000e+02		1.7500400e-01		0.0000000e+00		0.0000000e+00		0.0000000e+00		0.0000000e+00		0.0000000e+00
1.5500000e+02		1.6000000e+02		1.5750000e+02		1.5062100e-01		0.0000000e+00		0.0000000e+00		0.0000000e+00		0.0000000e+00		0.0000000e+00
1.6000000e+02		1.6500000e+02		1.6250000e+02		1.5511100e-01		0.0000000e+00		0.0000000e+00		0.0000000e+00		0.0000000e+00		0.0000000e+00
1.6500000e+02		1.7000000e+02		1.6750000e+02		1.0622100e-01		0.0000000e+00		0.0000000e+00		0.0000000e+00		0.0000000e+00		0.0000000e+00
1.7000000e+02		1.7500000e+02		1.7250000e+02		4.3835600e-02		0.0000000e+00		0.0000000e+00		0.0000000e+00		0.0000000e+00		0.0000000e+00
1.7540000e+02		1.7700000e+02		1.7620000e+02		9.0679200e-02		0.0000000e+00		0.0000000e+00		0.0000000e+00		0.0000000e+00		0.0000000e+00
1.7700000e+02		1.7860000e+02		1.7780000e+02		6.2407000e-02		0.0000000e+00		0.0000000e+00		0.0000000e+00		0.0000000e+00		0.0000000e+00
1.7860000e+02		1.8020000e+02		1.7940000e+02		4.1798400e-02		0.0000000e+00		0.0000000e+00		0.0000000e+00		0.0000000e+00		0.0000000e+00
1.8020000e+02		1.8180000e+02		1.8100000e+02		3.5029200e-01		0.0000000e+00		0.0000000e+00		0.0000000e+00		0.0000000e+00		0.0000000e+00
1.8180000e+02		1.8350000e+02		1.8265000e+02		1.3857200e-01		0.0000000e+00		0.0000000e+00		0.0000000e+00		0.0000000e+00		0.0000000e+00
1.8350000e+02		1.8520000e+02		1.8435000e+02		5.3905100e-02		0.0000000e+00		0.0000000e+00		0.0000000e+00		0.0000000e+00		0.0000000e+00
1.8520000e+02		1.8690000e+02		1.8605000e+02		1.0866300e-01		0.0000000e+00		0.0000000e+00		0.0000000e+00		0.0000000e+00		0.0000000e+00
1.8690000e+02		1.8870000e+02		1.8780000e+02		5.3791000e-02		0.0000000e+00		0.0000000e+00		0.0000000e+00		0.0000000e+00		0.0000000e+00
1.8870000e+02		1.9050000e+02		1.8960000e+02		1.0461400e-01		0.0000000e+00		0.0000000e+00		0.0000000e+00		0.0000000e+00		0.0000000e+00
1.9050000e+02		1.9230000e+02		1.9140000e+02		8.0718300e-02		-3.5564140e-161		0.0000000e+00		-6.1598897e-161		-6.1598897e-161		1.0158800e-230
1.9230000e+02		1.9420000e+02		1.9325000e+02		8.7787400e-02		1.5824357e-122		0.0000000e+00		2.3940529e-122		1.4888974e-123		2.2451632e-122
1.9420000e+02		1.9610000e+02		1.9515000e+02		8.9971800e-02		-2.2255237e-67		nan		-3.8547201e-67		-3.8547201e-67		4.7777969e-77
1.9610000e+02		1.9800000e+02		1.9705000e+02		1.0573700e-01		8.9323467e-57		1.4665310e-45		1.3617785e-56		1.6185875e-57		1.1999198e-56
1.9800000e+02		2.0000000e+02		1.9900000e+02		2.9795100e-01		1.3799364e-18		2.9626140e-15		2.3667987e-18		2.2158213e-18		1.5097735e-19
2.0000000e+02		2.0200000e+02		2.0100000e+02		4.3602400e-01		4.5293237e-04		1.5577056e-03		7.8447201e-04		7.8427869e-04		1.9332397e-07
2.0200000e+02		2.0410000e+02		2.0305000e+02		1.8470600e-01		8.0697268e-03		2.4552099e-02		1.3977035e-02		1.3976117e-02		9.1756978e-07
2.0410000e+02		2.0620000e+02		2.0515000e+02		5.0233000e-02		5.7745875e-03		1.7061447e-02		1.0001789e-02		1.0001203e-02		5.8526244e-07
2.0620000e+02		2.0830000e+02		2.0725000e+02		2.3403900e-01		2.7978626e-02		8.1703707e-02		4.8459694e-02		4.8455110e-02		4.5838278e-06
2.0830000e+02		2.1050000e+02		2.0940000e+02		1.5223300e-01		1.8927944e-02		5.4639067e-02		3.2783401e-02		3.2778481e-02		4.9203318e-06
2.1050000e+02		2.1280000e+02		2.1165000e+02		5.1949000e-02		6.7243234e-03		1.9186290e-02		1.1646445e-02		1.1643695e-02		2.7496876e-06
2.1280000e+02		2.1510000e+02		2.1395000e+02		1.3631000e-01		1.8368802e-02		5.1813933e-02		3.1813908e-02		3.1802318e-02		1.1589532e-05
2.1510000e+02		2.1740000e+02		2.1625000e+02		1.1828600e-01		1.6579959e-02		4.6255196e-02		2.8714906e-02		2.8699205e-02		1.5700810e-05
2.1740000e+02		2.2000000e+02		2.1870000e+02		8.5160900e-02		1.2435851e-02		3.4304578e-02		2.1536800e-02		2.1519158e-02		1.7642217e-05
2.2000000e+02		2.2220000e+02		2.2110000e+02		1.9977500e-01		3.0340102e-02		8.2808276e-02		5.2540968e-02		5.2478621e-02		6.2346816e-05
2.2220000e+02		2.2470000e+02		2.2345000e+02		1.3716700e-01		2.1627304e-02		5.8440381e-02		3.7449952e-02		3.7387561e-02		6.2390797e-05
2.2470000e+02		2.2730000e+02		2.2600000e+02		4.1230300e-01		6.7642189e-02		1.8088025e-01		1.1711717e-01		1.1684181e-01		2.7536209e-04
2.2730000e+02		2.2990000e+02		2.2860000e+02		1.7427100e-01		2.9742211e-02		7.8723127e-02		5.1489068e-02		5.1321060e-02		1.6800849e-04
2.2990000e+02		2.3260000e+02		2.3125000e+02		3.2599300e-01		5.7859918e-02		1.5161983e-01		1.0014740e-01		9.9701243e-02		4.4615715e-04
2.3260000e+02		2.3530000e+02		2.3395000e+02		7.8679800e-01		1.4518408e-01		3.7673512e-01		2.5123383e-01		2.4972944e-01		1.5043917e-03
2.3530000e+02		2.3810000e+02		2.3670000e+02		8.4965900e-01		1.6294019e-01		4.1876774e-01		2.8187553e-01		2.7964105e-01		2.2344823e-03
2.3810000e+02		2.4100000e+02		2.3955000e+02		1.0321400e+00		2.0576433e-01		5.2378914e-01		3.5582319e-01		3.5212608e-01		3.6971039e-03
2.4100000e+02		2.4390000e+02		2.4245000e+02		4.4747700e-01		9.2693530e-02		2.3375630e-01		1.6021773e-01		1.5806729e-01		2.1504409e-03
2.4390000e+02		2.4690000e+02		2.4540000e+02		3.6029700e-01		7.7511124e-02		1.9368186e-01		1.3389958e-01		1.3161026e-01		2.2893192e-03
2.4690000e+02		2.5000000e+02		2.4845000e+02		6.2526100e-01		1.3970788e-01		3.4591652e-01		2.4117756e-01		2.3597532e-01		5.2022495e-03
2.5000000e+02		2.5320000e+02		2.5160000e+02		5.5762400e-01		1.2940424e-01		3.1749836e-01		2.2320561e-01		2.1719065e-01		6.0149555e-03
2.5320000e+02		2.5640000e+02		2.5480000e+02		4.8697600e-01		1.1729211e-01		2.8522162e-01		2.0211836e-01		1.9540148e-01		6.7168766e-03
2.5640000e+02		2.5970000e+02		2.5805000e+02		6.7381300e-01		1.6832280e-01		4.0574439e-01		2.8973203e-01		2.7800395e-01		1.1728077e-02
2.5970000e+02		2.6320000e+02		2.6145000e+02		1.5914400e+00		4.1245294e-01		9.8546297e-01		7.0902308e-01		6.7428216e-01		3.4740920e-02
2.6320000e+02		2.6670000e+02		2.6495000e+02		3.1721600e-01		8.5267146e-02		2.0194087e-01		1.4635846e-01		1.3775756e-01		8.6009033e-03
2.6670000e+02		2.7030000e+02		2.6850000e+02		3.0678200e-01		8.5448426e-02		2.0063188e-01		1.4642507e-01		1.3622270e-01		1.0202371e-02
2.7030000e+02		2.7400000e+02		2.7215000e+02		5.9751400e-01		1.7237516e-01		4.0128023e-01		2.9483238e-01		2.7068404e-01		2.4148342e-02
2.7400000e+02		2.7780000e+02		2.7590000e+02		7.7639600e-01		2.3186501e-01		5.3519623e-01		3.9576530e-01		3.5797967e-01		3.7785636e-02
2.7780000e+02		2.8170000e+02		2.7975000e+02		2.8293800e+00		8.7420147e-01		2.0009024e+00		1.4887761e+00		1.3244360e+00		1.6434006e-01
2.8170000e+02		2.8570000e+02		2.8370000e+02		5.3647000e-01		1.7137570e-01		3.8898847e-01		2.9113721e-01		2.5427390e-01		3.6863309e-02
2.8570000e+02		2.8990000e+02		2.8780000e+02		5.0634400e-01		1.6718269e-01		3.7631441e-01		2.8325315e-01		2.4236603e-01		4.0887127e-02
2.8990000e+02		2.9410000e+02		2.9200000e+02		5.6700500e-01		1.9334330e-01		4.3162872e-01		3.2664007e-01		2.7329341e-01		5.3346652e-02
2.9410000e+02		2.9850000e+02		2.9630000e+02		6.5802100e-01		2.3152859e-01		5.1270221e-01		3.8996955e-01		3.1843555e-01		7.1534004e-02
2.9850000e+02		3.0300000e+02		3.0075000e+02		5.5302800e-01		2.0067643e-01		4.4081857e-01		3.3692085e-01		2.6790388e-01		6.9016964e-02
3.0300000e+02		3.0770000e+02		3.0535000e+02		5.5106500e-01		2.0608968e-01		4.4911580e-01		3.4484243e-01		2.6640967e-01		7.8432756e-02
3.0770000e+02		3.1250000e+02		3.1010000e+02		5.8710100e-01		2.2613102e-01		4.8892948e-01		3.7704502e-01		2.8236272e-01		9.4682305e-02
3.1250000e+02		3.1750000e+02		3.1500000e+02		7.3729000e-01		2.9223727e-01		6.2699279e-01		4.8549303e-01		3.5163518e-01		1.3385785e-01
3.1750000e+02		3.2250000e+02		3.2000000e+02		6.6924200e-01		2.7267771e-01		5.8065038e-01		4.5131817e-01		3.1553946e-01		1.3577871e-01
3.2250000e+02		3.2750000e+02		3.2500000e+02		8.6168500e-01		3.6031356e-01		7.6181018e-01		5.9417375e-01		4.0055683e-01		1.9361692e-01
3.2750000e+02		3.3250000e+02		3.3000000e+02		1.2822900e+00		5.4944139e-01		1.1538408e+00		9.0276774e-01		5.8624499e-01		3.1652275e-01
3.3250000e+02		3.3750000e+02		3.3500000e+02		1.0836400e+00		4.7511617e-01		9.9136590e-01		7.7786683e-01		4.8616576e-01		2.9170108e-01
3.3750000e+02		3.4250000e+02		3.4000000e+02		1.0331600e+00		4.6288804e-01		9.5998645e-01		7.5520836e-01		4.5393425e-01		3.0127411e-01
3.4250000e+02		3.4500000e+02		3.4375000e+02		6.7044900e-01		3.0505435e-01		6.2989519e-01		4.9642538e-01		2.8962373e-01		2.0680165e-01
3.4500000e+02		3.5500000e+02		3.5000000e+02		1.2429100e+00		5.7921522e-01		1.1878799e+00		9.3871914e-01		5.2108560e-01		4.1763354e-01
3.5500000e+02		3.6500000e+02		3.6000000e+02		1.2281500e+00		5.9277264e-01		1.2035026e+00		9.5467060e-01		4.8828485e-01		4.6638575e-01
3.6500000e+02		3.7500000e+02		3.7000000e+02		1.6646000e+00		8.2884057e-01		1.6676935e+00		1.3270810e+00		6.2458632e-01		7.0249465e-01
3.7500000e+02		3.8500000e+02		3.8000000e+02		2.1256900e+00		1.0881270e+00		2.1718264e+00		1.7328499e+00		7.4985548e-01		9.8299443e-01
3.8500000e+02		3.9500000e+02		3.9000000e+02		1.9236800e+00		1.0092689e+00		1.9999694e+00		1.5993127e+00		6.3605731e-01		9.6325540e-01
3.9500000e+02		4.0500000e+02		4.0000000e+02		4.2234000e+00		2.2645648e+00		4.4587547e+00		3.5722145e+00		1.3055532e+00		2.2666613e+00
4.0500000e+02		4.1500000e+02		4.1000000e+02		6.8297100e+00		3.7351773e+00		7.3118186e+00		5.8676512e+00		1.9712765e+00		3.8963747e+00
4.1500000e+02		4.2500000e+02		4.2000000e+02		4.3844800e+00		2.4401949e+00		4.7522245e+00		3.8188855e+00		1.1797895e+00		2.6390960e+00
4.2500000e+02		4.3500000e+02		4.3000000e+02		3.1881000e+00		1.8023978e+00		3.4939128e+00		2.8110562e+00		7.9906547e-01		2.0119907e+00
4.3500000e+02		4.4500000e+02		4.4000000e+02		2.4329300e+00		1.3942673e+00		2.6917276e+00		2.1677263e+00		5.6729630e-01		1.6004300e+00
4.4500000e+02		4.5500000e+02		4.5000000e+02		4.4836100e+00		2.6026315e+00		5.0056997e+00		4.0349444e+00		9.7317567e-01		3.0617687e+00
4.5500000e+02		4.6500000e+02		4.6000000e+02		5.6638200e+00		3.3262387e+00		6.3757175e+00		5.1434816e+00		1.1443859e+00		3.9990957e+00
4.6500000e+02		4.7500000e+02		4.7000000e+02		9.2115100e+00		5.4634763e+00		1.0441201e+01		8.4285039e+00		1.7312336e+00		6.6972703e+00
4.7500000e+02		4.8500000e+02		4.8000000e+02		4.7816300e+00		2.8633112e+00		5.4568670e+00		4.4078067e+00		8.3688267e-01		3.5709240e+00
4.8500000e+02		4.9500000e+02		4.9000000e+02		1.6297300e+01		9.8384945e+00		1.8704471e+01		1.5115967e+01		2.6551059e+00		1.2460861e+01
4.9500000e+02		5.0500000e+02		5.0000000e+02		7.2829000e+00		4.4265430e+00		8.3976449e+00		6.7888861e+00		1.1041444e+00		5.6847417e+00
5.0500000e+02		5.1500000e+02		5.1000000e+02		5.3992600e+00		3.3003477e+00		6.2494892e+00		5.0534364e+00		7.6171822e-01		4.2917181e+00
5.1500000e+02		5.2500000e+02		5.2000000e+02		6.7176600e+00		4.1409778e+00		7.8244425e+00		6.3313427e+00		8.8658617e-01		5.4447566e+00
5.2500000e+02		5.3500000e+02		5.3000000e+02		1.4893900e+01		9.2297218e+00		1.7411464e+01		1.4092691e+01		1.8334857e+00		1.2259205e+01
5.3500000e+02		5.4500000e+02		5.4000000e+02		1.5601000e+01		9.7087813e+00		1.8289738e+01		1.4805766e+01		1.7911949e+00		1.3014571e+01
5.4500000e+02		5.5500000e+02		5.5000000e+02		9.0200600e+00		5.6423439e+00		1.0613797e+01		8.5947998e+00		9.6845837e-01		7.6263415e+00
5.5500000e+02		5.6500000e+02		5.6000000e+02		1.1188900e+01		7.0360858e+00		1.3216897e+01		1.0706793e+01		1.1251086e+00		9.5816847e+00
5.6500000e+02		5.7500000e+02		5.7000000e+02		1.2683400e+01		7.9834061e+00		1.4985425e+01		1.2136566e+01		1.1886784e+00		1.0947887e+01
5.7500000e+02		5.8500000e+02		5.8000000e+02		1.0649700e+01		6.7404726e+00		1.2635388e+01		1.0238176e+01		9.3745482e-01		9.3007214e+00
5.8500000e+02		5.9500000e+02		5.9000000e+02		4.5666400e+00		2.8524948e+00		5.3547758e+00		4.3288559e+00		3.6810329e-01		3.9607526e+00
5.9500000e+02		6.0500000e+02		6.0000000e+02		1.4821800e+01		9.3812605e+00		1.7568936e+01		1.4226873e+01		1.1371364e+00		1.3089737e+01
6.0500000e+02		6.1500000e+02		6.1000000e+02		2.7388200e+01		1.7516178e+01		3.2740500e+01		2.6546407e+01		1.9943903e+00		2.4552017e+01
6.1500000e+02		6.2500000e+02		6.2000000e+02		1.7911700e+01		1.1484936e+01		2.1450860e+01		1.7394855e+01		1.2255850e+00		1.6169270e+01
6.2500000e+02		6.3500000e+02		6.3000000e+02		2.5017200e+01		1.6003188e+01		2.9889482e+01		2.4223536e+01		1.5988095e+00		2.2624727e+01
6.3500000e+02		6.4500000e+02		6.4000000e+02		3.7266100e+01		2.3960719e+01		4.4703942e+01		3.6249462e+01		2.2507287e+00		3.3998733e+01
6.4500000e+02		6.5500000e+02		6.5000000e+02		5.8440200e+01		3.6995675e+01		6.9160934e+01		5.5938392e+01		3.2414517e+00		5.2696940e+01
6.5500000e+02		6.6500000e+02		6.6000000e+02		5.4499500e+01		3.4980752e+01		6.5243077e+01		5.2869485e+01		2.8982990e+00		4.9971186e+01
6.6500000e+02		6.7500000e+02		6.7000000e+02		3.9815400e+01		2.5783788e+01		4.8014592e+01		3.8953461e+01		2.0178727e+00		3.6935589e+01
6.7500000e+02		6.8500000e+02		6.8000000e+02		4.3390000e+01		2.8142658e+01		5.2382714e+01		4.2500201e+01		2.0755928e+00		4.0424608e+01
6.8500000e+02		6.9500000e+02		6.9000000e+02		4.7746400e+01		3.0469352e+01		5.6837384e+01		4.5994608e+01		2.1029687e+00		4.3891640e+01
6.9500000e+02		7.0500000e+02		7.0000000e+02		1.0921000e+02		6.8318229e+01		1.2779609e+02		1.0308803e+02		4.4099633e+00		9.8678066e+01
7.0500000e+02		7.1500000e+02		7.1000000e+02		6.9664800e+01		4.4881663e+01		8.3571202e+01		6.7706773e+01		2.7707320e+00		6.4936041e+01
7.1500000e+02		7.2500000e+02		7.2000000e+02		7.3474800e+01		4.0414436e+01		7.7115112e+01		6.0929636e+01		2.2105857e+00		5.8719050e+01
7.2500000e+02		7.3500000e+02		7.3000000e+02		1.8377000e+02		1.0714440e+02		2.0251794e+02		1.6150728e+02		5.6675095e+00		1.5583977e+02
7.3500000e+02		7.4500000e+02		7.4000000e+02		1.1801300e+02		7.5944628e+01		1.4136609e+02		1.1447015e+02		3.9631362e+00		1.1050701e+02
7.4500000e+02		7.5500000e+02		7.5000000e+02		8.5164900e+01		5.5710959e+01		1.0343550e+02		8.3954415e+01		2.7739186e+00		8.1180496e+01
7.5500000e+02		7.6500000e+02		7.6000000e+02		1.3679600e+02		8.9621323e+01		1.6633529e+02		1.3502536e+02		4.2324668e+00		1.3079289e+02
7.6500000e+02		7.7500000e+02		7.7000000e+02		5.2914200e+01		3.4702487e+01		6.4389074e+01		5.2272298e+01		1.5552034e+00		5.0717094e+01
7.7500000e+02		7.8500000e+02		7.8000000e+02		1.9225400e+02		1.2571638e+02		2.3333562e+02		1.8932709e+02		5.3404505e+00		1.8398663e+02
7.8500000e+02		7.9500000e+02		7.9000000e+02		2.8433600e+02		1.7813465e+02		3.3273060e+02		2.6819929e+02		7.0517075e+00		2.6114759e+02
7.9500000e+02		8.0500000e+02		8.0000000e+02		3.3360200e+02		2.1207978e+02		3.9521662e+02		3.1925820e+02		8.0304419e+00		3.1122776e+02
8.0500000e+02		8.1500000e+02		8.1000000e+02		6.0808000e+02		3.8501437e+02		7.1785872e+02		5.7948963e+02		1.3840035e+01		5.6564960e+02
8.1500000e+02		8.2500000e+02		8.2000000e+02		7.7858500e+02		4.9680993e+02		9.2513220e+02		7.4764664e+02		1.7053136e+01		7.3059351e+02
8.2500000e+02		8.3500000e+02		8.3000000e+02		7.8063700e+02		5.0207069e+02		9.3373602e+02		7.5546109e+02		1.6468038e+01		7.3899305e+02
8.3500000e+02		8.4500000e+02		8.4000000e+02		6.7850000e+02		4.3642810e+02		8.1157940e+02		6.5659894e+02		1.3639607e+01		6.4295933e+02
8.4500000e+02		8.5500000e+02		8.5000000e+02		3.4321300e+02		2.2170730e+02		4.1199023e+02		3.3351344e+02		6.6183094e+00		3.2689513e+02
