Left Bin Edge (nm)	Right Bin Edge (nm)	Bin Center (nm)		Top of Atm Intensity (erg/s/nm/cm2)		Total Surface Flux (erg/s/nm/cm2)		Total Intensity at BOA (erg/s/nm/cm2)		Total Surface Intensity (erg/s/nm/cm2)		Total Surface Diffuse Intensity (erg/s/nm/cm2)		Total Surface Direct Intensity (erg/s/nm/cm2)
1.2000000e+02		1.2100000e+02		1.2050000e+02		6.5683074e-01		3.8147124e-01		7.0782025e-01		5.7233032e-01		6.1660664e-05		5.7226866e-01
1.2400000e+02		1.2500000e+02		1.2450000e+02		3.0023708e-01		1.1660932e-01		2.1948679e-01		1.7495115e-01		1.4561143e-05		1.7493659e-01
1.2800000e+02		1.2900000e+02		1.2850000e+02		4.9706988e-02		7.2709821e-03		1.4208668e-02		1.0908759e-02		6.7286336e-07		1.0908086e-02
1.3200000e+02		1.3300000e+02		1.3250000e+02		5.6465003e-02		2.9362227e-03		5.9925877e-03		4.4052489e-03		2.0979554e-07		4.4050391e-03
1.3600000e+02		1.3700000e+02		1.3650000e+02		3.3474427e-02		3.3332348e-03		6.6170089e-03		5.0008878e-03		2.1672792e-07		5.0006711e-03
1.4000000e+02		1.4100000e+02		1.4050000e+02		2.9015316e-01		3.9866501e-02		7.8102475e-02		5.9812100e-02		2.3103676e-06		5.9809790e-02
1.4400000e+02		1.4500000e+02		1.4450000e+02		7.5353225e-02		8.6287974e-03		1.7030810e-02		1.2945859e-02		4.2559227e-07		1.2945433e-02
1.4800000e+02		1.4900000e+02		1.4850000e+02		6.1324547e-02		8.0162423e-03		1.5736386e-02		1.2026831e-02		3.4937249e-07		1.2026482e-02
1.5200000e+02		1.5300000e+02		1.5250000e+02		6.0280392e-02		1.1416015e-02		2.2080547e-02		1.7127531e-02		4.5417019e-07		1.7127077e-02
1.5600000e+02		1.5700000e+02		1.5650000e+02		1.4300330e-01		4.1935339e-02		7.9757278e-02		6.2915881e-02		1.5552919e-06		6.2914326e-02
1.6000000e+02		1.6100000e+02		1.6050000e+02		1.0653054e-01		4.4409017e-02		8.3373384e-02		6.6627143e-02		1.5427439e-06		6.6625600e-02
1.6400000e+02		1.6500000e+02		1.6450000e+02		3.4286136e-01		1.7795131e-01		3.3148409e-01		2.6698148e-01		5.7339411e-06		2.6697574e-01
1.6800000e+02		1.6900000e+02		1.6850000e+02		1.7128668e-02		1.0381066e-02		1.9233473e-02		1.5574776e-02		3.0898436e-07		1.5574467e-02
1.7200000e+02		1.7300000e+02		1.7250000e+02		4.5574804e-02		2.9192846e-02		5.3984156e-02		4.3798190e-02		7.8745363e-07		4.3797403e-02
1.7600000e+02		1.7700000e+02		1.7650000e+02		7.0244490e-02		4.6213020e-02		8.5380312e-02		6.9333637e-02		1.1252297e-06		6.9332512e-02
1.8000000e+02		1.8100000e+02		1.8050000e+02		3.0779312e-01		2.0425350e-01		3.7725471e-01		3.0644253e-01		4.4812246e-06		3.0643805e-01
1.8400000e+02		1.8500000e+02		1.8450000e+02		6.9859604e-03		4.6511815e-03		8.5897352e-03		6.9781893e-03		9.2080401e-08		6.9780972e-03
1.8800000e+02		1.8900000e+02		1.8850000e+02		4.2457174e-02		2.8289919e-02		5.2244000e-02		4.2443490e-02		5.0642399e-07		4.2442984e-02
1.9200000e+02		1.9300000e+02		1.9250000e+02		3.9230221e-02		2.6145430e-02		4.8283331e-02		3.9226098e-02		4.2425723e-07		3.9225673e-02
1.9600000e+02		1.9700000e+02		1.9650000e+02		3.1462669e-02		2.0970270e-02		3.8726144e-02		3.1461779e-02		3.0921163e-07		3.1461470e-02
2.0000000e+02		2.0100000e+02		2.0050000e+02		2.2679519e-02		1.5116509e-02		2.7915884e-02		2.2679356e-02		2.0302354e-07		2.2679153e-02
2.0400000e+02		2.0500000e+02		2.0450000e+02		3.3327416e-02		2.2213707e-02		4.1022375e-02		3.3327305e-02		2.7235287e-07		3.3327033e-02
2.0800000e+02		2.0900000e+02		2.0850000e+02		2.0339789e-02		1.3557075e-02		2.5036045e-02		2.0339727e-02		1.5206621e-07		2.0339575e-02
2.1200000e+02		2.1300000e+02		2.1250000e+02		3.7028701e-02		2.4680740e-02		4.5578272e-02		3.7028598e-02		2.5379998e-07		3.7028344e-02
2.1600000e+02		2.1700000e+02		2.1650000e+02		7.0467293e-02		4.6968579e-02		8.6737531e-02		7.0467112e-02		4.4364374e-07		7.0466669e-02
2.2000000e+02		2.2100000e+02		2.2050000e+02		4.4287981e-02		2.9519285e-02		5.4513672e-02		4.4287876e-02		2.5658597e-07		4.4287620e-02
2.2400000e+02		2.2500000e+02		2.2450000e+02		4.5621377e-02		3.0408041e-02		5.6154947e-02		4.5621278e-02		2.4368966e-07		4.5621034e-02
2.2800000e+02		2.2900000e+02		2.2850000e+02		5.6432295e-02		3.7613857e-02		6.9462020e-02		5.6432182e-02		2.7837295e-07		5.6431903e-02
2.3200000e+02		2.3300000e+02		2.3250000e+02		1.5027263e-01		1.0016134e-01		1.8496930e-01		1.5027235e-01		6.8565311e-07		1.5027166e-01
2.3600000e+02		2.3700000e+02		2.3650000e+02		3.8400845e-01		2.5595352e-01		4.7267278e-01		3.8400779e-01		1.6234804e-06		3.8400617e-01
2.4000000e+02		2.4100000e+02		2.4050000e+02		3.9273945e-01		2.6177304e-01		4.8341975e-01		3.9273882e-01		1.5406127e-06		3.9273728e-01
2.4400000e+02		2.4500000e+02		2.4450000e+02		1.2199037e-01		8.1310382e-02		1.5015696e-01		1.2199019e-01		4.4468542e-07		1.2198974e-01
2.4800000e+02		2.4900000e+02		2.4850000e+02		2.3592479e-01		1.5725124e-01		2.9039794e-01		2.3592446e-01		8.0032545e-07		2.3592366e-01
2.5200000e+02		2.5300000e+02		2.5250000e+02		1.6360556e-01		1.0904823e-01		2.0138080e-01		1.6360535e-01		5.1706327e-07		1.6360483e-01
2.5600000e+02		2.5700000e+02		2.5650000e+02		1.8921733e-01		1.2611929e-01		2.3290614e-01		1.8921710e-01		5.5800539e-07		1.8921654e-01
2.6000000e+02		2.6100000e+02		2.6050000e+02		6.7421153e-01		4.4938321e-01		8.2988179e-01		6.7421077e-01		1.8574331e-06		6.7420892e-01
2.6400000e+02		2.6500000e+02		2.6450000e+02		1.5851177e-01		1.0565309e-01		1.9511093e-01		1.5851160e-01		4.0845611e-07		1.5851120e-01
2.6800000e+02		2.6900000e+02		2.6850000e+02		1.8958231e-01		1.2636260e-01		2.3335544e-01		1.8958212e-01		4.5742044e-07		1.8958167e-01
2.7200000e+02		2.7300000e+02		2.7250000e+02		2.8944064e-01		1.9292135e-01		3.5627033e-01		2.8944037e-01		6.5472727e-07		2.8943972e-01
2.7600000e+02		2.7700000e+02		2.7650000e+02		4.4661399e-01		2.9768238e-01		5.4973386e-01		4.4661360e-01		9.4804052e-07		4.4661266e-01
2.8000000e+02		2.8100000e+02		2.8050000e+02		2.3931450e+00		1.5951071e+00		2.9457047e+00		2.3931431e+00		4.7722024e-06		2.3931383e+00
2.8400000e+02		2.8500000e+02		2.8450000e+02		3.4920317e-01		2.3275502e-01		4.2983164e-01		3.4920290e-01		6.5484869e-07		3.4920225e-01
2.8800000e+02		2.8900000e+02		2.8850000e+02		6.2446817e-01		4.1622791e-01		7.6865336e-01		6.2446772e-01		1.1022975e-06		6.2446662e-01
2.9200000e+02		2.9300000e+02		2.9250000e+02		7.1498893e-01		4.7656291e-01		8.8007475e-01		7.1498845e-01		1.1891370e-06		7.1498726e-01
2.9600000e+02		2.9700000e+02		2.9650000e+02		4.9655296e-01		3.3096839e-01		6.1120350e-01		4.9655264e-01		7.7888631e-07		4.9655186e-01
3.0000000e+02		3.0100000e+02		3.0050000e+02		6.5752950e-01		4.3826441e-01		8.0934841e-01		6.5752910e-01		9.7355813e-07		6.5752813e-01
3.0400000e+02		3.0500000e+02		3.0450000e+02		6.6521549e-01		4.4338739e-01		8.1880906e-01		6.6521511e-01		9.3054234e-07		6.6521418e-01
3.0800000e+02		3.0900000e+02		3.0850000e+02		1.0142077e+00		6.7600188e-01		1.2483812e+00		1.0142072e+00		1.3413206e-06		1.0142058e+00
3.1200000e+02		3.1300000e+02		3.1250000e+02		1.1718218e+00		7.8105675e-01		1.4423873e+00		1.1718212e+00		1.4666603e-06		1.1718197e+00
3.1600000e+02		3.1700000e+02		3.1650000e+02		2.2552319e+00		1.5031843e+00		2.7759493e+00		2.2552308e+00		2.6729072e-06		2.2552281e+00
3.2000000e+02		3.2100000e+02		3.2050000e+02		1.4500278e+00		9.6649002e-01		1.7848292e+00		1.4500271e+00		1.6286244e-06		1.4500255e+00
3.2400000e+02		3.2500000e+02		3.2450000e+02		3.1414937e+00		2.0939063e+00		3.8668430e+00		3.1414923e+00		3.3460204e-06		3.1414890e+00
3.2800000e+02		3.2900000e+02		3.2850000e+02		3.3007801e+00		2.2000759e+00		4.0629076e+00		3.3007787e+00		3.3385465e-06		3.3007754e+00
3.3200000e+02		3.3300000e+02		3.3250000e+02		6.7567836e+00		4.5036133e+00		8.3168788e+00		6.7567810e+00		6.4892047e-06		6.7567745e+00
3.3600000e+02		3.3700000e+02		3.3650000e+02		8.3012430e+00		5.5330453e+00		1.0217943e+01		8.3012399e+00		7.5782544e-06		8.3012323e+00
3.4000000e+02		3.4100000e+02		3.4050000e+02		1.0922128e+01		7.2799495e+00		1.3443973e+01		1.0922124e+01		9.4836176e-06		1.0922115e+01
3.4400000e+02		3.4500000e+02		3.4450000e+02		1.8968217e+01		1.2642927e+01		2.3347850e+01		1.8968211e+01		1.5670270e-05		1.8968195e+01
3.4800000e+02		3.4900000e+02		3.4850000e+02		1.6343975e+01		1.0893785e+01		2.0117688e+01		1.6343970e+01		1.2859358e-05		1.6343957e+01
3.5200000e+02		3.5300000e+02		3.5250000e+02		1.3281198e+01		8.8523461e+00		1.6347737e+01		1.3281194e+01		9.9583676e-06		1.3281184e+01
3.5600000e+02		3.5700000e+02		3.5650000e+02		1.5877372e+01		1.0582780e+01		1.9543351e+01		1.5877367e+01		1.1350511e-05		1.5877356e+01
3.6000000e+02		3.6100000e+02		3.6050000e+02		1.4830886e+01		9.8852634e+00		1.8255238e+01		1.4830882e+01		1.0114879e-05		1.4830872e+01
3.6400000e+02		3.6500000e+02		3.6450000e+02		1.6966662e+01		1.1308827e+01		2.0884151e+01		1.6966657e+01		1.1042710e-05		1.6966646e+01
3.6800000e+02		3.6900000e+02		3.6850000e+02		1.7327000e+01		1.1549004e+01		2.1327689e+01		1.7326996e+01		1.0777051e-05		1.7326985e+01
3.7200000e+02		3.7300000e+02		3.7250000e+02		1.2444620e+01		8.2947406e+00		1.5318000e+01		1.2444617e+01		7.3943424e-06		1.2444610e+01
3.7600000e+02		3.7700000e+02		3.7650000e+02		2.0712302e+01		1.3805418e+01		2.5494635e+01		2.0712297e+01		1.1765092e-05		2.0712285e+01
3.8000000e+02		3.8100000e+02		3.8050000e+02		2.3152543e+01		1.5431917e+01		2.8498312e+01		2.3152538e+01		1.2584392e-05		2.3152525e+01
3.8400000e+02		3.8500000e+02		3.8450000e+02		2.3906976e+01		1.5934771e+01		2.9426938e+01		2.3906971e+01		1.2433035e-05		2.3906958e+01
3.8800000e+02		3.8900000e+02		3.8850000e+02		2.0898498e+01		1.3929524e+01		2.5723823e+01		2.0898494e+01		1.0409321e-05		2.0898483e+01
3.9200000e+02		3.9300000e+02		3.9250000e+02		2.4278089e+01		1.6182130e+01		2.9883739e+01		2.4278084e+01		1.1588932e-05		2.4278073e+01
3.9600000e+02		3.9700000e+02		3.9650000e+02		2.1958736e+01		1.4636207e+01		2.7028863e+01		2.1958732e+01		1.0041185e-05		2.1958722e+01
