Left Bin Edge (nm)	Right Bin Edge (nm)	Bin Center (nm)		Top of Atm Intensity (erg/s/nm/cm2)		Total Surface Flux (erg/s/nm/cm2)		Total Intensity at BOA (erg/s/nm/cm2)		Total Surface Intensity (erg/s/nm/cm2)		Total Surface Diffuse Intensity (erg/s/nm/cm2)		Total Surface Direct Intensity (erg/s/nm/cm2)
1.2000000e+02		1.2100000e+02		1.2050000e+02		2.1823516e-01		1.2674565e-01		2.3517667e-01		1.9015949e-01		2.0487051e-05		1.9013900e-01
1.2400000e+02		1.2500000e+02		1.2450000e+02		9.7968630e-02		3.8050115e-02		7.1619467e-02		5.7087300e-02		4.7513625e-06		5.7082549e-02
1.2800000e+02		1.2900000e+02		1.2850000e+02		2.4783439e-02		3.6252436e-03		7.0843088e-03		5.4390052e-03		3.3548337e-07		5.4386697e-03
1.3200000e+02		1.3300000e+02		1.3250000e+02		1.8363540e-02		9.5491792e-04		1.9489085e-03		1.4326744e-03		6.8229676e-08		1.4326062e-03
1.3600000e+02		1.3700000e+02		1.3650000e+02		1.8919702e-02		1.8839399e-03		3.7399247e-03		2.8264952e-03		1.2249433e-07		2.8263727e-03
1.4000000e+02		1.4100000e+02		1.4050000e+02		1.0984781e-01		1.5092883e-02		2.9568473e-02		2.2644000e-02		8.7467192e-07		2.2643125e-02
1.4400000e+02		1.4500000e+02		1.4450000e+02		3.1137553e-02		3.5656024e-03		7.0374924e-03		5.3495039e-03		1.7586376e-07		5.3493280e-03
1.4800000e+02		1.4900000e+02		1.4850000e+02		5.0061866e-02		6.5440035e-03		1.2846289e-02		9.8180197e-03		2.8520780e-07		9.8177344e-03
1.5200000e+02		1.5300000e+02		1.5250000e+02		6.2473102e-02		1.1831275e-02		2.2883731e-02		1.7750548e-02		4.7069071e-07		1.7750078e-02
1.5600000e+02		1.5700000e+02		1.5650000e+02		1.0145584e-01		2.9751656e-02		5.6584999e-02		4.4636617e-02		1.1034252e-06		4.4635514e-02
1.6000000e+02		1.6100000e+02		1.6050000e+02		3.9120618e-02		1.6308076e-02		3.0616744e-02		2.4467115e-02		5.6653326e-07		2.4466549e-02
1.6400000e+02		1.6500000e+02		1.6450000e+02		3.7897789e-01		1.9669645e-01		3.6640216e-01		2.9510493e-01		6.3379463e-06		2.9509859e-01
1.6800000e+02		1.6900000e+02		1.6850000e+02		1.4115877e-02		8.5551227e-03		1.5850465e-02		1.2835302e-02		2.5463656e-07		1.2835047e-02
1.7200000e+02		1.7300000e+02		1.7250000e+02		3.1862682e-02		2.0409575e-02		3.7741907e-02		3.0620599e-02		5.5053192e-07		3.0620049e-02
1.7600000e+02		1.7700000e+02		1.7650000e+02		2.3393124e-03		1.5390060e-03		2.8433721e-03		2.3089788e-03		3.7472886e-08		2.3089413e-03
1.8000000e+02		1.8100000e+02		1.8050000e+02		2.6448764e-01		1.7551570e-01		3.2417621e-01		2.6332708e-01		3.8507310e-06		2.6332322e-01
1.8400000e+02		1.8500000e+02		1.8450000e+02		8.7320530e-03		5.8137122e-03		1.0736680e-02		8.7223395e-03		1.1509526e-07		8.7222244e-03
1.8800000e+02		1.8900000e+02		1.8850000e+02		2.3789861e-02		1.5851579e-02		2.9273675e-02		2.3782194e-02		2.8376256e-07		2.3781910e-02
1.9200000e+02		1.9300000e+02		1.9250000e+02		2.3747805e-02		1.5826996e-02		2.9228057e-02		2.3745309e-02		2.5682185e-07		2.3745052e-02
1.9600000e+02		1.9700000e+02		1.9650000e+02		4.2694291e-02		2.8456289e-02		5.2550699e-02		4.2693084e-02		4.1959477e-07		4.2692664e-02
2.0000000e+02		2.0100000e+02		2.0050000e+02		5.0804558e-02		3.3862604e-02		6.2534578e-02		5.0804193e-02		4.5479453e-07		5.0803738e-02
2.0400000e+02		2.0500000e+02		2.0450000e+02		2.5892359e-02		1.7258022e-02		3.1870639e-02		2.5892273e-02		2.1159331e-07		2.5892061e-02
2.0800000e+02		2.0900000e+02		2.0850000e+02		3.0213388e-02		2.0138123e-02		3.7189360e-02		3.0213296e-02		2.2588413e-07		3.0213070e-02
2.1200000e+02		2.1300000e+02		2.1250000e+02		6.2013933e-02		4.1334147e-02		7.6332353e-02		6.2013760e-02		4.2505231e-07		6.2013335e-02
2.1600000e+02		2.1700000e+02		2.1650000e+02		5.3522106e-02		3.5674100e-02		6.5879859e-02		5.3521969e-02		3.3696125e-07		5.3521632e-02
2.2000000e+02		2.2100000e+02		2.2050000e+02		4.0739682e-02		2.7154236e-02		5.0146103e-02		4.0739586e-02		2.3602862e-07		4.0739350e-02
2.2400000e+02		2.2500000e+02		2.2450000e+02		9.0177304e-02		6.0105927e-02		1.1099844e-01		9.0177108e-02		4.8168815e-07		9.0176626e-02
2.2800000e+02		2.2900000e+02		2.2850000e+02		1.0737549e-01		7.1569060e-02		1.3216755e-01		1.0737527e-01		5.2966891e-07		1.0737474e-01
2.3200000e+02		2.3300000e+02		2.3250000e+02		2.0042573e-01		1.3358993e-01		2.4670232e-01		2.0042536e-01		9.1448805e-07		2.0042444e-01
2.3600000e+02		2.3700000e+02		2.3650000e+02		3.8039584e-01		2.5354560e-01		4.6822605e-01		3.8039518e-01		1.6082073e-06		3.8039358e-01
2.4000000e+02		2.4100000e+02		2.4050000e+02		4.6113106e-01		3.0735817e-01		5.6760242e-01		4.6113032e-01		1.8088949e-06		4.6112851e-01
2.4400000e+02		2.4500000e+02		2.4450000e+02		2.5150723e-01		1.6763740e-01		3.0957821e-01		2.5150686e-01		9.1680678e-07		2.5150594e-01
2.4800000e+02		2.4900000e+02		2.4850000e+02		3.4334178e-01		2.2884802e-01		4.2261666e-01		3.4334131e-01		1.1647151e-06		3.4334014e-01
2.5200000e+02		2.5300000e+02		2.5250000e+02		3.9487462e-01		2.6319631e-01		4.8604806e-01		3.9487411e-01		1.2479720e-06		3.9487286e-01
2.5600000e+02		2.5700000e+02		2.5650000e+02		4.1898088e-01		2.7926392e-01		5.1572031e-01		4.1898038e-01		1.2355823e-06		4.1897914e-01
2.6000000e+02		2.6100000e+02		2.6050000e+02		1.1666933e+00		7.7763781e-01		1.4360738e+00		1.1666920e+00		3.2142061e-06		1.1666888e+00
2.6400000e+02		2.6500000e+02		2.6450000e+02		9.0327465e-01		6.0206104e-01		1.1118339e+00		9.0327370e-01		2.3275751e-06		9.0327137e-01
2.6800000e+02		2.6900000e+02		2.6850000e+02		1.1719050e+00		7.8111171e-01		1.4424890e+00		1.1719038e+00		2.8275492e-06		1.1719010e+00
2.7200000e+02		2.7300000e+02		2.7250000e+02		1.2144176e+00		8.0944777e-01		1.4948176e+00		1.2144165e+00		2.7470652e-06		1.2144137e+00
2.7600000e+02		2.7700000e+02		2.7650000e+02		2.0006512e+00		1.3334975e+00		2.4625868e+00		2.0006495e+00		4.2468405e-06		2.0006452e+00
2.8000000e+02		2.8100000e+02		2.8050000e+02		7.7188303e+00		5.1448455e+00		9.5010517e+00		7.7188240e+00		1.5392223e-05		7.7188086e+00
2.8400000e+02		2.8500000e+02		2.8450000e+02		1.7135924e+00		1.1421638e+00		2.1092484e+00		1.7135911e+00		3.2134409e-06		1.7135879e+00
2.8800000e+02		2.8900000e+02		2.8850000e+02		3.6157942e+00		2.4100419e+00		4.4506550e+00		3.6157916e+00		6.3825206e-06		3.6157852e+00
2.9200000e+02		2.9300000e+02		2.9250000e+02		4.9464593e+00		3.2969728e+00		6.0885613e+00		4.9464559e+00		8.2267259e-06		4.9464477e+00
2.9600000e+02		2.9700000e+02		2.9650000e+02		3.8816675e+00		2.5872552e+00		4.7779169e+00		3.8816650e+00		6.0887315e-06		3.8816589e+00
3.0000000e+02		3.0100000e+02		3.0050000e+02		4.4653500e+00		2.9762984e+00		5.4963677e+00		4.4653473e+00		6.6115327e-06		4.4653407e+00
3.0400000e+02		3.0500000e+02		3.0450000e+02		5.4251475e+00		3.6160342e+00		6.6777759e+00		5.4251444e+00		7.5890137e-06		5.4251368e+00
3.0800000e+02		3.0900000e+02		3.0850000e+02		7.8900349e+00		5.2589607e+00		9.7117887e+00		7.8900306e+00		1.0434811e-05		7.8900202e+00
3.1200000e+02		3.1300000e+02		3.1250000e+02		9.3111340e+00		6.2061689e+00		1.1461010e+01		9.3111293e+00		1.1653880e-05		9.3111176e+00
3.1600000e+02		3.1700000e+02		3.1650000e+02		1.5426481e+01		1.0282244e+01		1.8988348e+01		1.5426474e+01		1.8283509e-05		1.5426455e+01
3.2000000e+02		3.2100000e+02		3.2050000e+02		1.2569313e+01		8.3778501e+00		1.5471481e+01		1.2569307e+01		1.4117446e-05		1.2569293e+01
3.2400000e+02		3.2500000e+02		3.2450000e+02		1.8550537e+01		1.2364528e+01		2.2833728e+01		1.8550529e+01		1.9758268e-05		1.8550509e+01
3.2800000e+02		3.2900000e+02		3.2850000e+02		2.5007101e+01		1.6668036e+01		3.0781069e+01		2.5007091e+01		2.5293224e-05		2.5007065e+01
3.3200000e+02		3.3300000e+02		3.3250000e+02		3.3226927e+01		2.2146814e+01		4.0898797e+01		3.3226914e+01		3.1911090e-05		3.3226882e+01
3.3600000e+02		3.3700000e+02		3.3650000e+02		3.4744888e+01		2.3158585e+01		4.2767246e+01		3.4744875e+01		3.1718816e-05		3.4744843e+01
3.4000000e+02		3.4100000e+02		3.4050000e+02		4.8120571e+01		3.2073908e+01		5.9231284e+01		4.8120554e+01		4.1782800e-05		4.8120512e+01
3.4400000e+02		3.4500000e+02		3.4450000e+02		3.3873612e+01		2.2577852e+01		4.1694800e+01		3.3873601e+01		2.7984108e-05		3.3873573e+01
3.4800000e+02		3.4900000e+02		3.4850000e+02		6.1028587e+01		4.0677518e+01		7.5119676e+01		6.1028567e+01		4.8016986e-05		6.1028519e+01
3.5200000e+02		3.5300000e+02		3.5250000e+02		5.2758760e+01		3.5165412e+01		6.4940402e+01		5.2758744e+01		3.9559016e-05		5.2758704e+01
3.5600000e+02		3.5700000e+02		3.5650000e+02		5.8096570e+01		3.8723235e+01		7.1510678e+01		5.8096553e+01		4.1532424e-05		5.8096512e+01
3.6000000e+02		3.6100000e+02		3.6050000e+02		4.8782452e+01		3.2515076e+01		6.0045993e+01		4.8782438e+01		3.3270338e-05		4.8782405e+01
3.6400000e+02		3.6500000e+02		3.6450000e+02		6.2363909e+01		4.1567556e+01		7.6763319e+01		6.2363892e+01		4.0589395e-05		6.2363852e+01
3.6800000e+02		3.6900000e+02		3.6850000e+02		7.1534734e+01		4.7680207e+01		8.8051627e+01		7.1534716e+01		4.4493189e-05		7.1534671e+01
3.7200000e+02		3.7300000e+02		3.7250000e+02		4.9193464e+01		3.2789031e+01		6.0551907e+01		4.9193452e+01		2.9229765e-05		4.9193423e+01
3.7600000e+02		3.7700000e+02		3.7650000e+02		7.6702850e+01		5.1124924e+01		9.4413028e+01		7.6702832e+01		4.3569087e-05		7.6702789e+01
3.8000000e+02		3.8100000e+02		3.8050000e+02		9.1593796e+01		6.1050221e+01		1.1274220e+02		9.1593776e+01		4.9785122e-05		9.1593726e+01
3.8400000e+02		3.8500000e+02		3.8450000e+02		8.7101525e+01		5.8055978e+01		1.0721269e+02		8.7101507e+01		4.5297920e-05		8.7101461e+01
3.8800000e+02		3.8900000e+02		3.8850000e+02		8.0252684e+01		5.3491005e+01		9.8782498e+01		8.0252668e+01		3.9973014e-05		8.0252628e+01
3.9200000e+02		3.9300000e+02		3.9250000e+02		7.8769256e+01		5.2502253e+01		9.6956557e+01		7.8769241e+01		3.7599812e-05		7.8769203e+01
3.9600000e+02		3.9700000e+02		3.9650000e+02		6.8535840e+01		4.5681351e+01		8.4360313e+01		6.8535827e+01		3.1339739e-05		6.8535796e+01
