Left Bin Edge (nm)	Right Bin Edge (nm)	Bin Center (nm)		Top of Atm Intensity (erg/s/nm/cm2)		Total Surface Flux (erg/s/nm/cm2)		Total Intensity at BOA (erg/s/nm/cm2)		Total Surface Intensity (erg/s/nm/cm2)		Total Surface Diffuse Intensity (erg/s/nm/cm2)		Total Surface Direct Intensity (erg/s/nm/cm2)
1.0000000e+02		1.0100000e+02		1.0050000e+02		4.4569042e-02		0.0000000e+00		0.0000000e+00		0.0000000e+00		0.0000000e+00		0.0000000e+00
1.0100000e+02		1.0200000e+02		1.0150000e+02		1.7387199e-01		7.6577497e-248		0.0000000e+00		1.1488941e-247		3.1312391e-253		1.1488910e-247
1.0200000e+02		1.0300000e+02		1.0250000e+02		9.2286085e-01		3.3342807e-163		0.0000000e+00		5.0024307e-163		1.9511236e-168		5.0024111e-163
1.0300000e+02		1.0400000e+02		1.0350000e+02		7.0094286e-01		4.2113646e-103		0.0000000e+00		6.3183236e-103		3.7106956e-108		6.3182865e-103
1.0400000e+02		1.0500000e+02		1.0450000e+02		1.4124828e-01		2.0801284e-79		9.4800053e-75		3.1208238e-79		2.2912645e-84		3.1208009e-79
1.0500000e+02		1.0600000e+02		1.0550000e+02		4.8389941e-02		3.5153556e-60		1.2005431e-56		5.2741017e-60		4.9257798e-65		5.2740524e-60
1.0600000e+02		1.0700000e+02		1.0650000e+02		4.5487167e-02		1.5516184e-52		1.9311484e-49		2.3278993e-52		2.3741342e-57		2.3278756e-52
1.0700000e+02		1.0800000e+02		1.0750000e+02		5.0757295e-02		1.1228906e-34		1.3413824e-32		1.6846784e-34		2.5144684e-39		1.6846533e-34
1.0800000e+02		1.0900000e+02		1.0850000e+02		7.1152114e-02		1.9229326e-59		6.0921303e-56		2.8849828e-59		2.3070402e-64		2.8849597e-59
1.0900000e+02		1.1000000e+02		1.0950000e+02		5.5817450e-02		2.9536179e-15		2.7558402e-14		4.4313385e-15		1.4617591e-19		4.4311923e-15
1.1000000e+02		1.1100000e+02		1.1050000e+02		5.4043772e-02		4.0858682e-16		4.2604974e-15		6.1300605e-16		1.8109792e-20		6.1298794e-16
1.1100000e+02		1.1200000e+02		1.1150000e+02		5.0797691e-02		8.4834230e-53		1.0998297e-49		1.2727710e-52		9.9296768e-58		1.2727611e-52
1.1200000e+02		1.1300000e+02		1.1250000e+02		5.1969037e-02		3.5666314e-126		0.0000000e+00		5.3510265e-126		1.6222619e-131		5.3510102e-126
1.1300000e+02		1.1400000e+02		1.1350000e+02		4.1221387e-02		1.2839779e-28		6.8301061e-27		1.9263581e-28		2.6198291e-33		1.9263319e-28
1.1400000e+02		1.1500000e+02		1.1450000e+02		3.1562600e-02		2.2492107e-12		1.3907907e-11		3.3745103e-12		1.1225621e-16		3.3743981e-12
1.1500000e+02		1.1600000e+02		1.1550000e+02		4.3552050e-02		1.4225419e-04		3.3073085e-04		2.1342652e-04		1.7056946e-08		2.1340946e-04
1.1600000e+02		1.1700000e+02		1.1650000e+02		1.0143732e-01		2.0623367e-02		3.9778871e-02		3.0941725e-02		3.3421835e-06		3.0938383e-02
1.1700000e+02		1.1800000e+02		1.1750000e+02		3.6108525e-01		1.4894337e-01		2.7973635e-01		2.2346346e-01		2.5624106e-05		2.2343784e-01
1.1800000e+02		1.1900000e+02		1.1850000e+02		1.2283927e-01		7.0242209e-02		1.3040497e-01		1.0538618e-01		1.2374389e-05		1.0537381e-01
1.1900000e+02		1.2000000e+02		1.1950000e+02		1.7115732e-01		1.0170860e-01		1.8857084e-01		1.5259594e-01		1.7289664e-05		1.5257865e-01
1.2000000e+02		1.2100000e+02		1.2050000e+02		9.3056497e-01		5.4044940e-01		1.0028044e+00		8.1084900e-01		8.7357747e-05		8.1076164e-01
1.2100000e+02		1.2200000e+02		1.2150000e+02		3.6941242e+01		2.0310110e+01		3.7757364e+01		3.0471714e+01		3.0998636e-03		3.0468614e+01
1.2200000e+02		1.2300000e+02		1.2250000e+02		2.4773856e-01		1.2650452e-01		2.3578766e-01		1.8979742e-01		1.8174208e-05		1.8977924e-01
1.2300000e+02		1.2400000e+02		1.2350000e+02		1.3344721e-01		6.1072244e-02		1.1427399e-01		9.1627909e-02		8.2108320e-06		9.1619698e-02
1.2400000e+02		1.2500000e+02		1.2450000e+02		1.0726631e-01		4.1661249e-02		7.8416489e-02		6.2505151e-02		5.2022890e-06		6.2499949e-02
1.2500000e+02		1.2600000e+02		1.2550000e+02		1.0471361e-01		3.3975812e-02		6.4375442e-02		5.0974506e-02		3.9460111e-06		5.0970560e-02
1.2600000e+02		1.2700000e+02		1.2650000e+02		1.4644878e-01		3.7328632e-02		7.1374264e-02		5.6004758e-02		4.0126464e-06		5.6000746e-02
1.2700000e+02		1.2800000e+02		1.2750000e+02		7.6659940e-02		1.4797261e-02		2.8599219e-02		2.2200557e-02		1.4725637e-06		2.2199085e-02
1.2800000e+02		1.2900000e+02		1.2850000e+02		6.1165494e-02		8.9470964e-03		1.7484065e-02		1.3423457e-02		8.2797251e-07		1.3422629e-02
1.2900000e+02		1.3000000e+02		1.2950000e+02		8.1594975e-02		8.4522243e-03		1.6751564e-02		1.2680986e-02		7.2480996e-07		1.2680261e-02
1.3000000e+02		1.3100000e+02		1.3050000e+02		6.7007791e-01		4.7029687e-02		9.4748750e-02		7.0559234e-02		3.7346707e-06		7.0555499e-02
1.3100000e+02		1.3200000e+02		1.3150000e+02		9.0731094e-02		4.8263603e-03		9.8404646e-03		7.2410461e-03		3.5939735e-07		7.2406868e-03
1.3200000e+02		1.3300000e+02		1.3250000e+02		7.0547730e-02		3.6685351e-03		7.4871768e-03		5.5039457e-03		2.6211987e-07		5.5036836e-03
1.3300000e+02		1.3400000e+02		1.3350000e+02		9.5357088e-01		5.2739990e-02		1.0734932e-01		7.9126401e-02		3.6437072e-06		7.9122757e-02
1.3400000e+02		1.3500000e+02		1.3450000e+02		6.5246966e-02		4.0041033e-03		8.1135179e-03		6.0074002e-03		2.6860561e-07		6.0071316e-03
1.3500000e+02		1.3600000e+02		1.3550000e+02		1.3692679e-01		1.2161668e-02		2.4258469e-02		1.8246284e-02		8.1227667e-07		1.8245472e-02
1.3600000e+02		1.3700000e+02		1.3650000e+02		8.9861989e-02		8.9480578e-03		1.7763339e-02		1.3424867e-02		5.8180538e-07		1.3424285e-02
1.3700000e+02		1.3800000e+02		1.3750000e+02		9.2282630e-02		1.1271252e-02		2.2187556e-02		1.6910378e-02		7.2046316e-07		1.6909657e-02
1.3800000e+02		1.3900000e+02		1.3850000e+02		9.4180145e-02		1.3031450e-02		2.5522667e-02		1.9551219e-02		8.1316798e-07		1.9550405e-02
1.3900000e+02		1.4000000e+02		1.3950000e+02		3.1801144e-01		4.6179622e-02		9.0268635e-02		6.9283753e-02		2.7920464e-06		6.9280961e-02
1.4000000e+02		1.4100000e+02		1.4050000e+02		2.7729440e-01		3.8099731e-02		7.4641196e-02		5.7161398e-02		2.2079787e-06		5.7159190e-02
1.4100000e+02		1.4200000e+02		1.4150000e+02		1.3359910e-01		1.7707104e-02		3.4740664e-02		2.6566135e-02		9.8603669e-07		2.6565149e-02
1.4200000e+02		1.4300000e+02		1.4250000e+02		1.4479671e-01		1.8505505e-02		3.6360860e-02		2.7763979e-02		9.9052278e-07		2.7762988e-02
1.4300000e+02		1.4400000e+02		1.4350000e+02		1.6064305e-01		1.9160152e-02		3.7753567e-02		2.8746146e-02		9.8284267e-07		2.8745163e-02
1.4400000e+02		1.4500000e+02		1.4450000e+02		1.5363637e-01		1.7593104e-02		3.4723820e-02		2.6395085e-02		8.6773261e-07		2.6394217e-02
1.4500000e+02		1.4600000e+02		1.4550000e+02		1.6382583e-01		1.8783579e-02		3.7071554e-02		2.8181161e-02		8.9488631e-07		2.8180266e-02
1.4600000e+02		1.4700000e+02		1.4650000e+02		1.9977093e-01		2.4495427e-02		4.8211656e-02		3.6750690e-02		1.1351967e-06		3.6749555e-02
1.4700000e+02		1.4800000e+02		1.4750000e+02		2.4643334e-01		3.2062382e-02		6.2952500e-02		4.8103449e-02		1.4448108e-06		4.8102004e-02
1.4800000e+02		1.4900000e+02		1.4850000e+02		2.4167300e-01		3.1591091e-02		6.2015292e-02		4.7396361e-02		1.3768369e-06		4.7394984e-02
1.4900000e+02		1.5000000e+02		1.4950000e+02		2.1832777e-01		2.9522720e-02		5.7875299e-02		4.4293163e-02		1.2486513e-06		4.4291914e-02
1.5000000e+02		1.5100000e+02		1.5050000e+02		2.4023073e-01		3.5342743e-02		6.9049078e-02		5.3024983e-02		1.4590123e-06		5.3023524e-02
1.5100000e+02		1.5200000e+02		1.5150000e+02		2.5258505e-01		4.1379496e-02		8.0495671e-02		6.2081964e-02		1.6725840e-06		6.2080291e-02
1.5200000e+02		1.5300000e+02		1.5250000e+02		3.2229547e-01		6.1036929e-02		1.1805597e-01		9.1574152e-02		2.4282688e-06		9.1571724e-02
1.5300000e+02		1.5400000e+02		1.5350000e+02		3.5701286e-01		7.4276576e-02		1.4313615e-01		1.1143768e-01		2.8936354e-06		1.1143479e-01
1.5400000e+02		1.5500000e+02		1.5450000e+02		9.5486931e-01		2.1343567e-01		4.1016168e-01		3.2021905e-01		8.1250877e-06		3.2021093e-01
1.5500000e+02		1.5600000e+02		1.5550000e+02		7.8587524e-01		1.9548056e-01		3.7411535e-01		2.9328086e-01		7.3103615e-06		2.9327355e-01
1.5600000e+02		1.5700000e+02		1.5650000e+02		4.6648084e-01		1.3679427e-01		2.6017051e-01		2.0523340e-01		5.0734064e-06		2.0522832e-01
1.5700000e+02		1.5800000e+02		1.5750000e+02		4.2309893e-01		1.3469017e-01		2.5538242e-01		2.0207659e-01		4.9019328e-06		2.0207169e-01
1.5800000e+02		1.5900000e+02		1.5850000e+02		3.9008072e-01		1.3238850e-01		2.5042219e-01		1.9862337e-01		4.7183780e-06		1.9861865e-01
1.5900000e+02		1.6000000e+02		1.5950000e+02		3.8042347e-01		1.4697661e-01		2.7669611e-01		2.2050999e-01		5.1921032e-06		2.2050480e-01
1.6000000e+02		1.6100000e+02		1.6050000e+02		4.1635449e-01		1.7356425e-01		3.2584912e-01		2.6039960e-01		6.0295230e-06		2.6039357e-01
1.6100000e+02		1.6200000e+02		1.6150000e+02		4.7164413e-01		2.0504811e-01		3.8437427e-01		3.0763502e-01		6.9656879e-06		3.0762805e-01
1.6200000e+02		1.6300000e+02		1.6250000e+02		5.2241459e-01		2.4814639e-01		4.6369374e-01		3.7229564e-01		8.3260705e-06		3.7228732e-01
1.6300000e+02		1.6400000e+02		1.6350000e+02		1.1072121e+00		5.5975836e-01		1.0436727e+00		8.3980906e-01		1.8472070e-05		8.3979059e-01
1.6400000e+02		1.6500000e+02		1.6450000e+02		1.1323318e+00		5.8770089e-01		1.0947573e+00		8.8173136e-01		1.8936878e-05		8.8171243e-01
1.6500000e+02		1.6600000e+02		1.6550000e+02		1.3255566e+00		7.3152653e-01		1.3597455e+00		1.0975138e+00		2.3211842e-05		1.0974906e+00
1.6600000e+02		1.6700000e+02		1.6650000e+02		6.2522883e-01		3.5853402e-01		6.6554553e-01		5.3791080e-01		1.1150961e-05		5.3789965e-01
1.6700000e+02		1.6800000e+02		1.6750000e+02		6.6723830e-01		3.8995527e-01		7.2339617e-01		5.8505226e-01		1.1836701e-05		5.8504042e-01
1.6800000e+02		1.6900000e+02		1.6850000e+02		7.1904320e-01		4.3578609e-01		8.0740068e-01		6.5381247e-01		1.2970833e-05		6.5379950e-01
1.6900000e+02		1.7000000e+02		1.6950000e+02		9.0554889e-01		5.5386420e-01		1.0258458e+00		8.3096572e-01		1.6058971e-05		8.3094966e-01
1.7000000e+02		1.7100000e+02		1.7050000e+02		1.0161854e+00		6.3428347e-01		1.1739749e+00		9.5161917e-01		1.7971571e-05		9.5160120e-01
1.7100000e+02		1.7200000e+02		1.7150000e+02		1.0130704e+00		6.4164715e-01		1.1870086e+00		9.6266688e-01		1.7744392e-05		9.6264914e-01
1.7200000e+02		1.7300000e+02		1.7250000e+02		1.0571150e+00		6.7713281e-01		1.2521713e+00		1.0159062e+00		1.8265115e-05		1.0158879e+00
1.7300000e+02		1.7400000e+02		1.7350000e+02		1.0479596e+00		6.7721074e-01		1.2519378e+00		1.0160230e+00		1.7810192e-05		1.0160052e+00
1.7400000e+02		1.7500000e+02		1.7450000e+02		1.2530722e+00		8.1503847e-01		1.5064007e+00		1.2228066e+00		2.0890094e-05		1.2227857e+00
1.7500000e+02		1.7600000e+02		1.7550000e+02		1.4954862e+00		9.8033304e-01		1.8114248e+00		1.4707989e+00		2.4501915e-05		1.4707744e+00
1.7600000e+02		1.7700000e+02		1.7650000e+02		1.6135596e+00		1.0615418e+00		1.9612388e+00		1.5926367e+00		2.5847226e-05		1.5926109e+00
1.7700000e+02		1.7800000e+02		1.7750000e+02		1.9010195e+00		1.2543115e+00		2.3171576e+00		1.8818501e+00		2.9753401e-05		1.8818204e+00
1.7800000e+02		1.7900000e+02		1.7850000e+02		2.0776624e+00		1.3741385e+00		2.5383138e+00		2.0616270e+00		3.1756740e-05		2.0615953e+00
1.7900000e+02		1.8000000e+02		1.7950000e+02		2.0198657e+00		1.3386588e+00		2.4726024e+00		2.0083966e+00		3.0143347e-05		2.0083664e+00
1.8000000e+02		1.8100000e+02		1.8050000e+02		2.4976225e+00		1.6574384e+00		3.0612765e+00		2.4866630e+00		3.6363410e-05		2.4866266e+00
1.8100000e+02		1.8200000e+02		1.8150000e+02		3.0410490e+00		2.0204101e+00		3.7315345e+00		3.0312311e+00		4.3195238e-05		3.0311879e+00
1.8200000e+02		1.8300000e+02		1.8250000e+02		2.8073836e+00		1.8672455e+00		3.4485209e+00		2.8014374e+00		3.8908027e-05		2.8013985e+00
1.8300000e+02		1.8400000e+02		1.8350000e+02		2.9562417e+00		1.9668591e+00		3.6324539e+00		2.9508880e+00		3.9942225e-05		2.9508481e+00
1.8400000e+02		1.8500000e+02		1.8450000e+02		2.5409769e+00		1.6917566e+00		3.1243118e+00		2.5381503e+00		3.3492055e-05		2.5381168e+00
1.8500000e+02		1.8600000e+02		1.8550000e+02		2.8735562e+00		1.9133144e+00		3.5334733e+00		2.8705544e+00		3.6926134e-05		2.8705175e+00
1.8600000e+02		1.8700000e+02		1.8650000e+02		3.2604304e+00		2.1718671e+00		4.0109030e+00		3.2584620e+00		4.0873685e-05		3.2584211e+00
1.8700000e+02		1.8800000e+02		1.8750000e+02		3.6946466e+00		2.4612327e+00		4.5452822e+00		3.6925985e+00		4.5170201e-05		3.6925533e+00
1.8800000e+02		1.8900000e+02		1.8850000e+02		3.8870616e+00		2.5900136e+00		4.7830703e+00		3.8858088e+00		4.6364396e-05		3.8857625e+00
1.8900000e+02		1.9000000e+02		1.8950000e+02		4.3106081e+00		2.8723214e+00		5.3044122e+00		4.3093563e+00		5.0158655e-05		4.3093061e+00
1.9000000e+02		1.9100000e+02		1.9050000e+02		4.4384288e+00		2.9578219e+00		5.4622879e+00		4.4376328e+00		5.0395895e-05		4.4375824e+00
1.9100000e+02		1.9200000e+02		1.9150000e+02		4.8094361e+00		3.2052046e+00		5.9191272e+00		4.8087821e+00		5.3290588e-05		4.8087288e+00
1.9200000e+02		1.9300000e+02		1.9250000e+02		5.0365493e+00		3.3566659e+00		6.1988276e+00		5.0360199e+00		5.4468020e-05		5.0359654e+00
1.9300000e+02		1.9400000e+02		1.9350000e+02		3.8447944e+00		2.5624916e+00		4.7322032e+00		3.8445167e+00		4.0588467e-05		3.8444762e+00
1.9400000e+02		1.9500000e+02		1.9450000e+02		6.1679797e+00		4.1109222e+00		7.5917158e+00		6.1676333e+00		6.3569828e-05		6.1675698e+00
1.9500000e+02		1.9600000e+02		1.9550000e+02		5.9528271e+00		3.9676032e+00		7.3270406e+00		5.9526110e+00		5.9907075e-05		5.9525511e+00
1.9600000e+02		1.9700000e+02		1.9650000e+02		6.5508102e+00		4.3661985e+00		8.0631309e+00		6.5506249e+00		6.4380638e-05		6.5505605e+00
1.9700000e+02		1.9800000e+02		1.9750000e+02		6.5190955e+00		4.3450925e+00		8.0241518e+00		6.5189593e+00		6.2577340e-05		6.5188968e+00
1.9800000e+02		1.9900000e+02		1.9850000e+02		6.3883794e+00		4.2579977e+00		7.8633103e+00		6.3882904e+00		5.9903659e-05		6.3882305e+00
1.9900000e+02		2.0000000e+02		1.9950000e+02		6.7274707e+00		4.4840283e+00		8.2807231e+00		6.7274048e+00		6.1632338e-05		6.7273432e+00
2.0000000e+02		2.0100000e+02		2.0050000e+02		7.1125146e+00		4.7406822e+00		8.7546888e+00		7.1124635e+00		6.3670128e-05		7.1123999e+00
2.0100000e+02		2.0200000e+02		2.0150000e+02		7.5701275e+00		5.0457081e+00		9.3179835e+00		7.5700948e+00		6.6226627e-05		7.5700286e+00
2.0200000e+02		2.0300000e+02		2.0250000e+02		7.4828608e+00		4.9875441e+00		9.2105709e+00		7.4828310e+00		6.3984266e-05		7.4827670e+00
2.0300000e+02		2.0400000e+02		2.0350000e+02		8.0092047e+00		5.3383702e+00		9.8584461e+00		8.0091764e+00		6.6946972e-05		8.0091094e+00
2.0400000e+02		2.0500000e+02		2.0450000e+02		8.6207445e+00		5.7459807e+00		1.0611186e+01		8.6207158e+00		7.0449040e-05		8.6206453e+00
2.0500000e+02		2.0600000e+02		2.0550000e+02		8.6400754e+00		5.7588659e+00		1.0634981e+01		8.6400473e+00		6.9043468e-05		8.6399782e+00
2.0600000e+02		2.0700000e+02		2.0650000e+02		8.6510225e+00		5.7661630e+00		1.0648456e+01		8.6509950e+00		6.7603073e-05		8.6509274e+00
2.0700000e+02		2.0800000e+02		2.0750000e+02		9.3957826e+00		6.2625683e+00		1.1565175e+01		9.3957533e+00		7.1814183e-05		9.3956815e+00
2.0800000e+02		2.0900000e+02		2.0850000e+02		1.0163489e+01		6.7742680e+00		1.2510138e+01		1.0163458e+01		7.5985216e-05		1.0163382e+01
2.0900000e+02		2.1000000e+02		2.0950000e+02		1.3129215e+01		8.7510135e+00		1.6160622e+01		1.3129176e+01		9.6030732e-05		1.3129080e+01
2.1000000e+02		2.1100000e+02		2.1050000e+02		1.6183343e+01		1.0786682e+01		1.9919919e+01		1.6183296e+01		1.1581640e-04		1.6183180e+01
2.1100000e+02		2.1200000e+02		2.1150000e+02		1.8424170e+01		1.2280261e+01		2.2678132e+01		1.8424117e+01		1.2902949e-04		1.8423988e+01
2.1200000e+02		2.1300000e+02		2.1250000e+02		1.6428561e+01		1.0950129e+01		2.0221758e+01		1.6428515e+01		1.1260369e-04		1.6428403e+01
2.1300000e+02		2.1400000e+02		2.1350000e+02		1.6737981e+01		1.1156367e+01		2.0602621e+01		1.6737935e+01		1.1229330e-04		1.6737823e+01
2.1400000e+02		2.1500000e+02		2.1450000e+02		2.1432541e+01		1.4285434e+01		2.6381111e+01		2.1432484e+01		1.4074943e-04		2.1432343e+01
2.1500000e+02		2.1600000e+02		2.1550000e+02		1.8408135e+01		1.2269577e+01		2.2658400e+01		1.8408087e+01		1.1835971e-04		1.8407968e+01
2.1600000e+02		2.1700000e+02		2.1650000e+02		1.7036901e+01		1.1355609e+01		2.0970562e+01		1.7036857e+01		1.0725990e-04		1.7036750e+01
2.1700000e+02		2.1800000e+02		2.1750000e+02		1.7640866e+01		1.1758171e+01		2.1713978e+01		1.7640822e+01		1.0875885e-04		1.7640713e+01
2.1800000e+02		2.1900000e+02		2.1850000e+02		2.3730294e+01		1.5816960e+01		2.9209400e+01		2.3730236e+01		1.4328680e-04		2.3730092e+01
2.1900000e+02		2.2000000e+02		2.1950000e+02		2.5052511e+01		1.6698259e+01		3.0836906e+01		2.5052451e+01		1.4817242e-04		2.5052302e+01
2.2000000e+02		2.2100000e+02		2.2050000e+02		2.5203754e+01		1.6799068e+01		3.1023071e+01		2.5203694e+01		1.4601997e-04		2.5203548e+01
2.2100000e+02		2.2200000e+02		2.2150000e+02		2.0176768e+01		1.3448430e+01		2.4835401e+01		2.0176721e+01		1.1452855e-04		2.0176607e+01
2.2200000e+02		2.2300000e+02		2.2250000e+02		2.7154039e+01		1.8098994e+01		3.3423662e+01		2.7153977e+01		1.5102471e-04		2.7153826e+01
2.2300000e+02		2.2400000e+02		2.2350000e+02		3.5163062e+01		2.3437253e+01		4.3281898e+01		3.5162984e+01		1.9164681e-04		3.5162792e+01
2.2400000e+02		2.2500000e+02		2.2450000e+02		3.2875934e+01		2.1912814e+01		4.0466694e+01		3.2875862e+01		1.7560902e-04		3.2875687e+01
2.2500000e+02		2.2600000e+02		2.2550000e+02		2.8720078e+01		1.9142810e+01		3.5351290e+01		2.8720017e+01		1.5036346e-04		2.8719866e+01
2.2600000e+02		2.2700000e+02		2.2650000e+02		2.1037217e+01		1.4021949e+01		2.5894525e+01		2.1037173e+01		1.0795944e-04		2.1037065e+01
2.2700000e+02		2.2800000e+02		2.2750000e+02		2.0463841e+01		1.3639777e+01		2.5188763e+01		2.0463799e+01		1.0295331e-04		2.0463696e+01
2.2800000e+02		2.2900000e+02		2.2850000e+02		2.8509984e+01		1.9002779e+01		3.5092691e+01		2.8509927e+01		1.4063593e-04		2.8509786e+01
2.2900000e+02		2.3000000e+02		2.2950000e+02		2.5620938e+01		1.7077142e+01		3.1536590e+01		2.5620888e+01		1.2392796e-04		2.5620764e+01
2.3000000e+02		2.3100000e+02		2.3050000e+02		2.9055844e+01		1.9366614e+01		3.5764588e+01		2.9055788e+01		1.3782075e-04		2.9055650e+01
2.3100000e+02		2.3200000e+02		2.3150000e+02		2.7387429e+01		1.8254565e+01		3.3710951e+01		2.7387377e+01		1.2740995e-04		2.7387250e+01
2.3200000e+02		2.3300000e+02		2.3250000e+02		2.9413108e+01		1.9604743e+01		3.6204343e+01		2.9413053e+01		1.3420401e-04		2.9412919e+01
2.3300000e+02		2.3400000e+02		2.3350000e+02		2.6543685e+01		1.7692185e+01		3.2672396e+01		2.6543637e+01		1.1880965e-04		2.6543518e+01
2.3400000e+02		2.3500000e+02		2.3450000e+02		2.3194371e+01		1.5459765e+01		2.8549755e+01		2.3194330e+01		1.0185437e-04		2.3194228e+01
2.3500000e+02		2.3600000e+02		2.3550000e+02		3.1223226e+01		2.0811245e+01		3.8432406e+01		3.1223171e+01		1.3452292e-04		3.1223037e+01
2.3600000e+02		2.3700000e+02		2.3650000e+02		2.8911473e+01		1.9270391e+01		3.5586890e+01		2.8911423e+01		1.2222962e-04		2.8911301e+01
2.3700000e+02		2.3800000e+02		2.3750000e+02		3.0878004e+01		2.0581146e+01		3.8007478e+01		3.0877952e+01		1.2811206e-04		3.0877824e+01
2.3800000e+02		2.3900000e+02		2.3850000e+02		2.5598090e+01		1.7061921e+01		3.1508476e+01		2.5598048e+01		1.0422599e-04		2.5597943e+01
2.3900000e+02		2.4000000e+02		2.3950000e+02		2.7890834e+01		1.8590106e+01		3.4330597e+01		2.7890789e+01		1.1146059e-04		2.7890677e+01
2.4000000e+02		2.4100000e+02		2.4050000e+02		2.5623038e+01		1.7078551e+01		3.1539186e+01		2.5622997e+01		1.0051238e-04		2.5622897e+01
2.4100000e+02		2.4200000e+02		2.4150000e+02		3.0005079e+01		1.9999318e+01		3.6933006e+01		3.0005032e+01		1.1555129e-04		3.0004916e+01
2.4200000e+02		2.4300000e+02		2.4250000e+02		4.1301739e+01		2.7528894e+01		5.0837973e+01		4.1301675e+01		1.5615539e-04		4.1301519e+01
2.4300000e+02		2.4400000e+02		2.4350000e+02		3.8791639e+01		2.5855835e+01		4.7748313e+01		3.8791580e+01		1.4400689e-04		3.8791436e+01
2.4400000e+02		2.4500000e+02		2.4450000e+02		3.6329084e+01		2.4214466e+01		4.4717175e+01		3.6329030e+01		1.3242860e-04		3.6328898e+01
2.4500000e+02		2.4600000e+02		2.4550000e+02		2.9476122e+01		1.9646754e+01		3.6281921e+01		2.9476079e+01		1.0550716e-04		2.9475973e+01
2.4600000e+02		2.4700000e+02		2.4650000e+02		2.8685918e+01		1.9120059e+01		3.5309266e+01		2.8685877e+01		1.0085261e-04		2.8685776e+01
2.4700000e+02		2.4800000e+02		2.4750000e+02		3.1678139e+01		2.1114469e+01		3.8992367e+01		3.1678094e+01		1.0939520e-04		3.1677985e+01
2.4800000e+02		2.4900000e+02		2.4850000e+02		2.5406301e+01		1.6934093e+01		3.1272413e+01		2.5406266e+01		8.6185557e-05		2.5406180e+01
2.4900000e+02		2.5000000e+02		2.4950000e+02		3.0967514e+01		2.0640816e+01		3.8117667e+01		3.0967472e+01		1.0319147e-04		3.0967369e+01
2.5000000e+02		2.5100000e+02		2.5050000e+02		3.3448743e+01		2.2294634e+01		4.1171793e+01		3.3448698e+01		1.0950831e-04		3.3448589e+01
2.5100000e+02		2.5200000e+02		2.5150000e+02		2.7888154e+01		1.8588328e+01		3.4327308e+01		2.7888117e+01		8.9708134e-05		2.7888028e+01
2.5200000e+02		2.5300000e+02		2.5250000e+02		2.5069906e+01		1.6709878e+01		3.0858350e+01		2.5069874e+01		7.9231584e-05		2.5069794e+01
2.5300000e+02		2.5400000e+02		2.5350000e+02		3.1592540e+01		2.1057418e+01		3.8887009e+01		3.1592500e+01		9.8130497e-05		3.1592402e+01
2.5400000e+02		2.5500000e+02		2.5450000e+02		3.5730773e+01		2.3815681e+01		4.3980729e+01		3.5730729e+01		1.0907300e-04		3.5730619e+01
2.5500000e+02		2.5600000e+02		2.5550000e+02		4.8755658e+01		3.2497176e+01		6.0012959e+01		4.8755598e+01		1.4628657e-04		4.8755452e+01
2.5600000e+02		2.5700000e+02		2.5650000e+02		6.2803876e+01		4.1860756e+01		7.7304803e+01		6.2803801e+01		1.8520979e-04		6.2803615e+01
2.5700000e+02		2.5800000e+02		2.5750000e+02		7.8843355e+01		5.2551574e+01		9.7047674e+01		7.8843262e+01		2.2856258e-04		7.8843033e+01
2.5800000e+02		2.5900000e+02		2.5850000e+02		8.2991293e+01		5.5316306e+01		1.0215334e+02		8.2991197e+01		2.3652773e-04		8.2990960e+01
2.5900000e+02		2.6000000e+02		2.5950000e+02		7.0629481e+01		4.7076771e+01		8.6937284e+01		7.0629400e+01		1.9788353e-04		7.0629202e+01
2.6000000e+02		2.6100000e+02		2.6050000e+02		5.7868388e+01		3.8571102e+01		7.1229754e+01		5.7868323e+01		1.5942572e-04		5.7868164e+01
2.6100000e+02		2.6200000e+02		2.6150000e+02		5.9092703e+01		3.9387148e+01		7.2736755e+01		5.9092638e+01		1.6009668e-04		5.9092478e+01
2.6200000e+02		2.6300000e+02		2.6250000e+02		7.0528613e+01		4.7009543e+01		8.6813131e+01		7.0528536e+01		1.8789419e-04		7.0528349e+01
2.6300000e+02		2.6400000e+02		2.6350000e+02		1.0614195e+02		7.0746956e+01		1.3064932e+02		1.0614184e+02		2.7808724e-04		1.0614156e+02
2.6400000e+02		2.6500000e+02		2.6450000e+02		1.6548208e+02		1.1029903e+02		2.0369063e+02		1.6548191e+02		4.2641734e-04		1.6548148e+02
2.6500000e+02		2.6600000e+02		2.6550000e+02		1.7356948e+02		1.1568954e+02		2.1364536e+02		1.7356930e+02		4.3990819e-04		1.7356886e+02
2.6600000e+02		2.6700000e+02		2.6650000e+02		1.6826276e+02		1.1215244e+02		2.0711336e+02		1.6826259e+02		4.1941001e-04		1.6826217e+02
2.6700000e+02		2.6800000e+02		2.6750000e+02		1.6940220e+02		1.1291192e+02		2.0851589e+02		1.6940203e+02		4.1546709e-04		1.6940162e+02
2.6800000e+02		2.6900000e+02		2.6850000e+02		1.6778062e+02		1.1183109e+02		2.0651990e+02		1.6778046e+02		4.0481776e-04		1.6778005e+02
2.6900000e+02		2.7000000e+02		2.6950000e+02		1.5737310e+02		1.0489415e+02		1.9370937e+02		1.5737295e+02		3.7360663e-04		1.5737257e+02
2.7000000e+02		2.7100000e+02		2.7050000e+02		1.8181465e+02		1.2118521e+02		2.2379429e+02		1.8181448e+02		4.2467658e-04		1.8181405e+02
2.7100000e+02		2.7200000e+02		2.7150000e+02		1.5108640e+02		1.0070387e+02		1.8597112e+02		1.5108626e+02		3.4728041e-04		1.5108591e+02
2.7200000e+02		2.7300000e+02		2.7250000e+02		1.2154404e+02		8.1012950e+01		1.4960765e+02		1.2154393e+02		2.7493789e-04		1.2154365e+02
2.7300000e+02		2.7400000e+02		2.7350000e+02		1.2960124e+02		8.6383331e+01		1.5952520e+02		1.2960112e+02		2.8848500e-04		1.2960083e+02
2.7400000e+02		2.7500000e+02		2.7450000e+02		8.9183780e+01		5.9443815e+01		1.0977565e+02		8.9183700e+01		1.9536901e-04		8.9183505e+01
2.7500000e+02		2.7600000e+02		2.7550000e+02		1.1893609e+02		7.9274673e+01		1.4639755e+02		1.1893599e+02		2.5646072e-04		1.1893573e+02
2.7600000e+02		2.7700000e+02		2.7650000e+02		1.6564211e+02		1.1040572e+02		2.0388765e+02		1.6564197e+02		3.5161333e-04		1.6564162e+02
2.7700000e+02		2.7800000e+02		2.7750000e+02		1.5837296e+02		1.0556060e+02		1.9494011e+02		1.5837283e+02		3.3094657e-04		1.5837249e+02
2.7800000e+02		2.7900000e+02		2.7850000e+02		1.0921797e+02		7.2797242e+01		1.3443560e+02		1.0921788e+02		2.2465812e-04		1.0921765e+02
2.7900000e+02		2.8000000e+02		2.7950000e+02		6.1368404e+01		4.0903989e+01		7.5537918e+01		6.1368353e+01		1.2429462e-04		6.1368229e+01
2.8000000e+02		2.8100000e+02		2.8050000e+02		6.7313201e+01		4.4866386e+01		8.2855326e+01		6.7313146e+01		1.3423015e-04		6.7313012e+01
2.8100000e+02		2.8200000e+02		2.8150000e+02		1.3943196e+02		9.2935830e+01		1.7162578e+02		1.3943185e+02		2.7375900e-04		1.3943157e+02
2.8200000e+02		2.8300000e+02		2.8250000e+02		1.8983287e+02		1.2652964e+02		2.3366389e+02		1.8983272e+02		3.6705952e-04		1.8983235e+02
2.8300000e+02		2.8400000e+02		2.8350000e+02		1.9610227e+02		1.3070840e+02		2.4138086e+02		1.9610212e+02		3.7338634e-04		1.9610174e+02
2.8400000e+02		2.8500000e+02		2.8450000e+02		1.4459284e+02		9.6375725e+01		1.7797828e+02		1.4459273e+02		2.7114998e-04		1.4459246e+02
2.8500000e+02		2.8600000e+02		2.8550000e+02		9.2944992e+01		6.1950793e+01		1.1440532e+02		9.2944922e+01		1.7166887e-04		9.2944750e+01
2.8600000e+02		2.8700000e+02		2.8650000e+02		1.9045522e+02		1.2694446e+02		2.3442995e+02		1.9045508e+02		3.4642781e-04		1.9045473e+02
2.8700000e+02		2.8800000e+02		2.8750000e+02		2.2108403e+02		1.4735954e+02		2.7213073e+02		2.2108387e+02		3.9618767e-04		2.2108347e+02
2.8800000e+02		2.8900000e+02		2.8850000e+02		2.1010240e+02		1.4003994e+02		2.5861353e+02		2.1010225e+02		3.7086815e-04		2.1010188e+02
2.8900000e+02		2.9000000e+02		2.8950000e+02		3.1885068e+02		2.1252413e+02		3.9247101e+02		3.1885045e+02		5.5445063e-04		3.1884990e+02
2.9000000e+02		2.9100000e+02		2.9050000e+02		4.1860542e+02		2.7901385e+02		5.1525840e+02		4.1860513e+02		7.1718941e-04		4.1860441e+02
2.9100000e+02		2.9200000e+02		2.9150000e+02		4.0318642e+02		2.6873659e+02		4.9627927e+02		4.0318614e+02		6.8049113e-04		4.0318546e+02
2.9200000e+02		2.9300000e+02		2.9250000e+02		3.5818014e+02		2.3873848e+02		4.4088137e+02		3.5817990e+02		5.9570890e-04		3.5817930e+02
2.9300000e+02		2.9400000e+02		2.9350000e+02		3.7393440e+02		2.4923920e+02		4.6027318e+02		3.7393415e+02		6.1282856e-04		3.7393354e+02
2.9400000e+02		2.9500000e+02		2.9450000e+02		3.4819581e+02		2.3208361e+02		4.2859174e+02		3.4819558e+02		5.6230180e-04		3.4819502e+02
2.9500000e+02		2.9600000e+02		2.9550000e+02		3.7701055e+02		2.5128956e+02		4.6405960e+02		3.7701031e+02		6.0003056e-04		3.7700971e+02
2.9600000e+02		2.9700000e+02		2.9650000e+02		3.4493460e+02		2.2990992e+02		4.2457754e+02		3.4493438e+02		5.4105978e-04		3.4493384e+02
2.9700000e+02		2.9800000e+02		2.9750000e+02		3.5165811e+02		2.3439135e+02		4.3285347e+02		3.5165789e+02		5.4357292e-04		3.5165734e+02
2.9800000e+02		2.9900000e+02		2.9850000e+02		3.0223333e+02		2.0144816e+02		3.7201686e+02		3.0223314e+02		4.6044095e-04		3.0223268e+02
2.9900000e+02		3.0000000e+02		2.9950000e+02		3.4101318e+02		2.2729617e+02		4.1975071e+02		3.4101297e+02		5.1216172e-04		3.4101246e+02
3.0000000e+02		3.0100000e+02		3.0050000e+02		2.7131061e+02		1.8083719e+02		3.3395431e+02		2.7131045e+02		4.0171072e-04		2.7131004e+02
3.0100000e+02		3.0200000e+02		3.0150000e+02		3.1202593e+02		2.0797525e+02		3.8407051e+02		3.1202574e+02		4.5549330e-04		3.1202529e+02
3.0200000e+02		3.0300000e+02		3.0250000e+02		3.2846528e+02		2.1893260e+02		4.0430559e+02		3.2846509e+02		4.7262699e-04		3.2846461e+02
3.0300000e+02		3.0400000e+02		3.0350000e+02		4.2601061e+02		2.8394969e+02		5.2437346e+02		4.2601036e+02		6.0433349e-04		4.2600976e+02
3.0400000e+02		3.0500000e+02		3.0450000e+02		4.0776836e+02		2.7179065e+02		5.0191920e+02		4.0776813e+02		5.7041024e-04		4.0776756e+02
3.0500000e+02		3.0600000e+02		3.0550000e+02		4.1174793e+02		2.7444316e+02		5.0681763e+02		4.1174770e+02		5.6785362e-04		4.1174713e+02
3.0600000e+02		3.0700000e+02		3.0650000e+02		3.9053943e+02		2.6030702e+02		4.8071224e+02		3.9053921e+02		5.3097435e-04		3.9053868e+02
3.0700000e+02		3.0800000e+02		3.0750000e+02		4.3847484e+02		2.9225751e+02		5.3971560e+02		4.3847460e+02		5.8792885e-04		4.3847401e+02
3.0800000e+02		3.0900000e+02		3.0850000e+02		4.3035211e+02		2.8684345e+02		5.2971740e+02		4.3035188e+02		5.6915376e-04		4.3035131e+02
3.0900000e+02		3.1000000e+02		3.0950000e+02		3.4901328e+02		2.3262852e+02		4.2959800e+02		3.4901309e+02		4.5522315e-04		3.4901264e+02
3.1000000e+02		3.1100000e+02		3.1050000e+02		4.3927411e+02		2.9279025e+02		5.4069943e+02		4.3927388e+02		5.6510284e-04		4.3927331e+02
3.1100000e+02		3.1200000e+02		3.1150000e+02		5.2246540e+02		3.4823991e+02		6.4309901e+02		5.2246513e+02		6.6288416e-04		5.2246447e+02
3.1200000e+02		3.1300000e+02		3.1250000e+02		4.6521908e+02		3.1008341e+02		5.7263492e+02		4.6521884e+02		5.8227144e-04		4.6521826e+02
3.1300000e+02		3.1400000e+02		3.1350000e+02		4.9544367e+02		3.3022907e+02		6.0983816e+02		4.9544342e+02		6.1157932e-04		4.9544281e+02
3.1400000e+02		3.1500000e+02		3.1450000e+02		4.6729179e+02		3.1146495e+02		5.7518621e+02		4.6729156e+02		5.6905279e-04		4.6729099e+02
3.1500000e+02		3.1600000e+02		3.1550000e+02		4.5343123e+02		3.0222644e+02		5.5812535e+02		4.5343101e+02		5.4469194e-04		4.5343046e+02
3.1600000e+02		3.1700000e+02		3.1650000e+02		4.4229406e+02		2.9480316e+02		5.4441669e+02		4.4229385e+02		5.2420817e-04		4.4229332e+02
3.1700000e+02		3.1800000e+02		3.1750000e+02		5.6102832e+02		3.7394336e+02		6.9056587e+02		5.6102805e+02		6.5604420e-04		5.6102740e+02
3.1800000e+02		3.1900000e+02		3.1850000e+02		4.6340678e+02		3.0887547e+02		5.7040420e+02		4.6340656e+02		5.3462225e-04		4.6340603e+02
3.1900000e+02		3.2000000e+02		3.1950000e+02		4.9774832e+02		3.3176521e+02		6.1267496e+02		4.9774809e+02		5.6674041e-04		4.9774752e+02
3.2000000e+02		3.2100000e+02		3.2050000e+02		5.7184857e+02		3.8115541e+02		7.0388445e+02		5.7184831e+02		6.4228184e-04		5.7184767e+02
3.2100000e+02		3.2200000e+02		3.2150000e+02		4.8024660e+02		3.2009976e+02		5.9113222e+02		4.8024638e+02		5.3236592e-04		4.8024585e+02
3.2200000e+02		3.2300000e+02		3.2250000e+02		4.8228681e+02		3.2145963e+02		5.9364351e+02		4.8228660e+02		5.2750219e-04		4.8228607e+02
3.2300000e+02		3.2400000e+02		3.2350000e+02		4.6607071e+02		3.1065108e+02		5.7368323e+02		4.6607051e+02		5.0317266e-04		4.6607000e+02
3.2400000e+02		3.2500000e+02		3.2450000e+02		5.4882129e+02		3.6580700e+02		6.7554035e+02		5.4882105e+02		5.8455226e-04		5.4882047e+02
3.2500000e+02		3.2600000e+02		3.2550000e+02		6.3196128e+02		4.2122247e+02		7.7787679e+02		6.3196101e+02		6.6445690e-04		6.3196034e+02
3.2600000e+02		3.2700000e+02		3.2650000e+02		7.1301257e+02		4.7524576e+02		8.7764227e+02		7.1301227e+02		7.3987335e-04		7.1301153e+02
3.2700000e+02		3.2800000e+02		3.2750000e+02		6.8984049e+02		4.5980083e+02		8.4911992e+02		6.8984020e+02		7.0668430e-04		6.8983950e+02
3.2800000e+02		3.2900000e+02		3.2850000e+02		6.6596082e+02		4.4388427e+02		8.1972661e+02		6.6596055e+02		6.7358052e-04		6.6595987e+02
3.2900000e+02		3.3000000e+02		3.2950000e+02		7.7527139e+02		5.1674328e+02		9.5427624e+02		7.7527107e+02		7.7377695e-04		7.7527030e+02
3.3000000e+02		3.3100000e+02		3.3050000e+02		7.3029799e+02		4.8676706e+02		8.9891880e+02		7.3029770e+02		7.1958241e-04		7.3029698e+02
3.3100000e+02		3.3200000e+02		3.3150000e+02		6.9881652e+02		4.6578366e+02		8.6016847e+02		6.9881624e+02		6.7976489e-04		6.9881556e+02
3.3200000e+02		3.3300000e+02		3.3250000e+02		6.8562051e+02		4.5698809e+02		8.4392560e+02		6.8562024e+02		6.5846890e-04		6.8561958e+02
3.3300000e+02		3.3400000e+02		3.3350000e+02		6.5878216e+02		4.3909948e+02		8.1089046e+02		6.5878191e+02		6.2462431e-04		6.5878128e+02
3.3400000e+02		3.3500000e+02		3.3450000e+02		6.9405546e+02		4.6261027e+02		8.5430813e+02		6.9405520e+02		6.4973240e-04		6.9405455e+02
3.3500000e+02		3.3600000e+02		3.3550000e+02		6.8541663e+02		4.5685221e+02		8.4367466e+02		6.8541637e+02		6.3357100e-04		6.8541574e+02
3.3600000e+02		3.3700000e+02		3.3650000e+02		5.6469084e+02		3.7638459e+02		6.9507411e+02		5.6469063e+02		5.1550964e-04		5.6469011e+02
3.3700000e+02		3.3800000e+02		3.3750000e+02		5.9573781e+02		3.9707840e+02		7.3328962e+02		5.9573759e+02		5.3706806e-04		5.9573705e+02
3.3800000e+02		3.3900000e+02		3.3850000e+02		6.4448401e+02		4.2956931e+02		7.9329098e+02		6.4448378e+02		5.7367853e-04		6.4448320e+02
3.3900000e+02		3.4000000e+02		3.3950000e+02		6.7448220e+02		4.4956407e+02		8.3021556e+02		6.7448196e+02		5.9291274e-04		6.7448137e+02
3.4000000e+02		3.4100000e+02		3.4050000e+02		7.1196374e+02		4.7454673e+02		8.7635133e+02		7.1196349e+02		6.1819380e-04		7.1196287e+02
3.4100000e+02		3.4200000e+02		3.4150000e+02		6.4984945e+02		4.3314556e+02		7.9989528e+02		6.4984922e+02		5.5725495e-04		6.4984867e+02
3.4200000e+02		3.4300000e+02		3.4250000e+02		7.0477558e+02		4.6975559e+02		8.6750348e+02		7.0477534e+02		5.9692678e-04		7.0477474e+02
3.4300000e+02		3.4400000e+02		3.4350000e+02		6.9264465e+02		4.6166994e+02		8.5257161e+02		6.9264441e+02		5.7915958e-04		6.9264383e+02
3.4400000e+02		3.4500000e+02		3.4450000e+02		5.5710877e+02		3.7133092e+02		6.8574141e+02		5.5710858e+02		4.6024593e-04		5.5710812e+02
3.4500000e+02		3.4600000e+02		3.4550000e+02		6.7138909e+02		4.4750243e+02		8.2640829e+02		6.7138887e+02		5.4797411e-04		6.7138832e+02
3.4600000e+02		3.4700000e+02		3.4650000e+02		6.5194093e+02		4.3453961e+02		8.0246968e+02		6.5194072e+02		5.2552091e-04		6.5194019e+02
3.4700000e+02		3.4800000e+02		3.4750000e+02		6.4525828e+02		4.3008541e+02		7.9424406e+02		6.4525807e+02		5.1405753e-04		6.4525756e+02
3.4800000e+02		3.4900000e+02		3.4850000e+02		6.6761091e+02		4.4498416e+02		8.2175776e+02		6.6761070e+02		5.2527292e-04		6.6761017e+02
3.4900000e+02		3.5000000e+02		3.4950000e+02		6.3989005e+02		4.2650732e+02		7.8763634e+02		6.3988985e+02		4.9740587e-04		6.3988935e+02
3.5000000e+02		3.5100000e+02		3.5050000e+02		7.6650484e+02		5.1090015e+02		9.4348564e+02		7.6650460e+02		5.8872580e-04		7.6650401e+02
3.5100000e+02		3.5200000e+02		3.5150000e+02		7.1211510e+02		4.7464764e+02		8.7653768e+02		7.1211488e+02		5.4041933e-04		7.1211434e+02
3.5200000e+02		3.5300000e+02		3.5250000e+02		6.5785102e+02		4.3847889e+02		8.0974439e+02		6.5785082e+02		4.9326290e-04		6.5785033e+02
3.5300000e+02		3.5400000e+02		3.5350000e+02		7.5263834e+02		5.0165769e+02		9.2641747e+02		7.5263811e+02		5.5736873e-04		7.5263756e+02
3.5400000e+02		3.5500000e+02		3.5450000e+02		8.0329241e+02		5.3542026e+02		9.8876722e+02		8.0329217e+02		5.8796226e-04		8.0329158e+02
3.5500000e+02		3.5600000e+02		3.5550000e+02		7.5433512e+02		5.0278865e+02		9.2850603e+02		7.5433490e+02		5.4561112e-04		7.5433435e+02
3.5600000e+02		3.5700000e+02		3.5650000e+02		6.5576441e+02		4.3708810e+02		8.0717601e+02		6.5576422e+02		4.6879679e-04		6.5576375e+02
3.5700000e+02		3.5800000e+02		3.5750000e+02		5.7307986e+02		3.8197619e+02		7.0540015e+02		5.7307970e+02		4.0487362e-04		5.7307929e+02
3.5800000e+02		3.5900000e+02		3.5850000e+02		4.9194729e+02		3.2789872e+02		6.0553462e+02		4.9194715e+02		3.4342869e-04		4.9194681e+02
3.5900000e+02		3.6000000e+02		3.5950000e+02		7.1030971e+02		4.7344431e+02		8.7431546e+02		7.1030951e+02		4.9020762e-04		7.1030902e+02
3.6000000e+02		3.6100000e+02		3.6050000e+02		7.0092701e+02		4.6719044e+02		8.6276636e+02		7.0092682e+02		4.7804236e-04		7.0092634e+02
3.6100000e+02		3.6200000e+02		3.6150000e+02		6.5110481e+02		4.3398234e+02		8.0144055e+02		6.5110463e+02		4.3887799e-04		6.5110419e+02
3.6200000e+02		3.6300000e+02		3.6250000e+02		7.3500056e+02		4.8990156e+02		9.0470727e+02		7.3500036e+02		4.8976129e-04		7.3499987e+02
3.6300000e+02		3.6400000e+02		3.6350000e+02		7.1558904e+02		4.7696316e+02		8.8081376e+02		7.1558885e+02		4.7112144e-04		7.1558838e+02
3.6400000e+02		3.6500000e+02		3.6450000e+02		7.4837927e+02		4.9881891e+02		9.2117504e+02		7.4837907e+02		4.8708079e-04		7.4837858e+02
3.6500000e+02		3.6600000e+02		3.6550000e+02		8.5179486e+02		5.6774873e+02		1.0484686e+03		8.5179464e+02		5.4823268e-04		8.5179409e+02
3.6600000e+02		3.6700000e+02		3.6650000e+02		9.1042532e+02		6.0682783e+02		1.1206364e+03		9.1042508e+02		5.7918693e-04		9.1042450e+02
3.6700000e+02		3.6800000e+02		3.6750000e+02		8.7909512e+02		5.8594524e+02		1.0820723e+03		8.7909489e+02		5.5282503e-04		8.7909434e+02
3.6800000e+02		3.6900000e+02		3.6850000e+02		8.1047729e+02		5.4020925e+02		9.9761109e+02		8.1047708e+02		5.0410084e-04		8.1047658e+02
3.6900000e+02		3.7000000e+02		3.6950000e+02		8.9967825e+02		5.9966457e+02		1.1074080e+03		8.9967802e+02		5.5291034e-04		8.9967747e+02
3.7000000e+02		3.7100000e+02		3.7050000e+02		8.4427990e+02		5.6273978e+02		1.0392185e+03		8.4427969e+02		5.1318474e-04		8.4427918e+02
3.7100000e+02		3.7200000e+02		3.7150000e+02		8.7164560e+02		5.8097991e+02		1.0729028e+03		8.7164539e+02		5.2383716e-04		8.7164486e+02
3.7200000e+02		3.7300000e+02		3.7250000e+02		7.2411383e+02		4.8264522e+02		8.9130689e+02		7.2411365e+02		4.3025385e-04		7.2411322e+02
3.7300000e+02		3.7400000e+02		3.7350000e+02		6.3155746e+02		4.2095342e+02		7.7737987e+02		6.3155731e+02		3.7107259e-04		6.3155694e+02
3.7400000e+02		3.7500000e+02		3.7450000e+02		6.4642322e+02		4.3086193e+02		7.9567804e+02		6.4642307e+02		3.7536318e-04		6.4642269e+02
3.7500000e+02		3.7600000e+02		3.7550000e+02		7.4036161e+02		4.9347490e+02		9.1130618e+02		7.4036144e+02		4.2516858e-04		7.4036101e+02
3.7600000e+02		3.7700000e+02		3.7650000e+02		7.6758018e+02		5.1161696e+02		9.4480934e+02		7.6758000e+02		4.3600424e-04		7.6757957e+02
3.7700000e+02		3.7800000e+02		3.7750000e+02		9.0048278e+02		6.0020083e+02		1.1083983e+03		9.0048257e+02		5.0596483e-04		9.0048207e+02
3.7800000e+02		3.7900000e+02		3.7850000e+02		9.3786543e+02		6.2511757e+02		1.1544123e+03		9.3786522e+02		5.2111177e-04		9.3786470e+02
3.7900000e+02		3.8000000e+02		3.7950000e+02		7.6051322e+02		5.0690660e+02		9.3611067e+02		7.6051305e+02		4.1805004e-04		7.6051263e+02
3.8000000e+02		3.8100000e+02		3.8050000e+02		8.2814537e+02		5.5198562e+02		1.0193586e+03		8.2814519e+02		4.5013222e-04		8.2814474e+02
3.8100000e+02		3.8200000e+02		3.8150000e+02		7.4366886e+02		4.9567930e+02		9.1537707e+02		7.4366870e+02		3.9978694e-04		7.4366830e+02
3.8200000e+02		3.8300000e+02		3.8250000e+02		5.3336093e+02		3.5550228e+02		6.5651043e+02		5.3336081e+02		2.8360083e-04		5.3336053e+02
3.8300000e+02		3.8400000e+02		3.8350000e+02		4.7073026e+02		3.1375691e+02		5.7941876e+02		4.7073016e+02		2.4755662e-04		4.7072991e+02
3.8400000e+02		3.8500000e+02		3.8450000e+02		6.2969557e+02		4.1971243e+02		7.7508810e+02		6.2969544e+02		3.2747876e-04		6.2969511e+02
3.8500000e+02		3.8600000e+02		3.8550000e+02		6.6694888e+02		4.4454296e+02		8.2094296e+02		6.6694874e+02		3.4298002e-04		6.6694840e+02
3.8600000e+02		3.8700000e+02		3.8650000e+02		6.6977732e+02		4.4642821e+02		8.2442447e+02		6.6977718e+02		3.4080691e-04		6.6977684e+02
3.8700000e+02		3.8800000e+02		3.8750000e+02		6.6902499e+02		4.4592676e+02		8.2349843e+02		6.6902485e+02		3.3685442e-04		6.6902452e+02
3.8800000e+02		3.8900000e+02		3.8850000e+02		6.7841027e+02		4.5218235e+02		8.3505071e+02		6.7841013e+02		3.3790898e-04		6.7840979e+02
3.8900000e+02		3.9000000e+02		3.8950000e+02		8.1451188e+02		5.4289847e+02		1.0025773e+03		8.1451172e+02		4.0135451e-04		8.1451132e+02
3.9000000e+02		3.9100000e+02		3.9050000e+02		8.5560997e+02		5.7029168e+02		1.0531647e+03		8.5560980e+02		4.1723636e-04		8.5560938e+02
3.9100000e+02		3.9200000e+02		3.9150000e+02		9.2006232e+02		6.1325125e+02		1.1324986e+03		9.2006214e+02		4.4360973e-04		9.2006170e+02
3.9200000e+02		3.9300000e+02		3.9250000e+02		7.0614281e+02		4.7066699e+02		8.6918652e+02		7.0614267e+02		3.3707106e-04		7.0614234e+02
3.9300000e+02		3.9400000e+02		3.9350000e+02		4.3291589e+02		2.8855242e+02		5.3287331e+02		4.3291581e+02		2.0441798e-04		4.3291560e+02
3.9400000e+02		3.9500000e+02		3.9450000e+02		7.1565803e+02		4.7700919e+02		8.8089875e+02		7.1565789e+02		3.3439568e-04		7.1565756e+02
3.9500000e+02		3.9600000e+02		3.9550000e+02		8.7888136e+02		5.8580282e+02		1.0818093e+03		8.7888119e+02		4.0624922e-04		8.7888079e+02
3.9600000e+02		3.9700000e+02		3.9650000e+02		6.0712893e+02		4.0467105e+02		7.4731100e+02		6.0712882e+02		2.7762500e-04		6.0712854e+02
3.9700000e+02		3.9800000e+02		3.9750000e+02		6.8053003e+02		4.5359525e+02		8.3765993e+02		6.8052990e+02		3.0789082e-04		6.8052960e+02
3.9800000e+02		3.9900000e+02		3.9850000e+02		1.0480559e+03		6.9856312e+02		1.2900451e+03		1.0480557e+03		4.6931269e-04		1.0480552e+03
3.9900000e+02		4.0000000e+02		3.9950000e+02		1.1577145e+03		7.7165412e+02		1.4250231e+03		1.1577143e+03		5.1305869e-04		1.1577138e+03
4.0000000e+02		4.0100000e+02		4.0050000e+02		1.1939713e+03		7.9582045e+02		1.4696514e+03		1.1939711e+03		5.2366650e-04		1.1939706e+03
4.0100000e+02		4.0200000e+02		4.0150000e+02		1.2509583e+03		8.3380413e+02		1.5397963e+03		1.2509581e+03		5.4307152e-04		1.2509575e+03
4.0200000e+02		4.0300000e+02		4.0250000e+02		1.2664199e+03		8.4410979e+02		1.5588279e+03		1.2664197e+03		5.4425668e-04		1.2664191e+03
4.0300000e+02		4.0400000e+02		4.0350000e+02		1.2115903e+03		8.0756409e+02		1.4913385e+03		1.2115901e+03		5.1515601e-04		1.2115896e+03
4.0400000e+02		4.0500000e+02		4.0450000e+02		1.1914959e+03		7.9417052e+02		1.4666045e+03		1.1914957e+03		5.0153059e-04		1.1914952e+03
4.0500000e+02		4.0600000e+02		4.0550000e+02		1.1904731e+03		7.9348880e+02		1.4653455e+03		1.1904729e+03		4.9577423e-04		1.1904724e+03
4.0600000e+02		4.0700000e+02		4.0650000e+02		1.1388815e+03		7.5910133e+02		1.4018418e+03		1.1388813e+03		4.6947962e-04		1.1388808e+03
4.0700000e+02		4.0800000e+02		4.0750000e+02		1.1575323e+03		7.7153269e+02		1.4247989e+03		1.1575321e+03		4.7227206e-04		1.1575316e+03
4.0800000e+02		4.0900000e+02		4.0850000e+02		1.2307397e+03		8.2032779e+02		1.5149094e+03		1.2307395e+03		4.9679853e-04		1.2307390e+03
4.0900000e+02		4.1000000e+02		4.0950000e+02		1.2243097e+03		8.1604199e+02		1.5069948e+03		1.2243095e+03		4.8931619e-04		1.2243090e+03
4.1000000e+02		4.1100000e+02		4.1050000e+02		1.1216634e+03		7.4762492e+02		1.3806481e+03		1.1216632e+03		4.4391714e-04		1.1216628e+03
4.1100000e+02		4.1200000e+02		4.1150000e+02		1.3003372e+03		8.6671678e+02		1.6005765e+03		1.3003370e+03		5.0947564e-04		1.3003365e+03
4.1200000e+02		4.1300000e+02		4.1250000e+02		1.2760342e+03		8.5051805e+02		1.5706621e+03		1.2760340e+03		4.9487744e-04		1.2760335e+03
4.1300000e+02		4.1400000e+02		4.1350000e+02		1.2308584e+03		8.2040692e+02		1.5150555e+03		1.2308582e+03		4.7269415e-04		1.2308577e+03
4.1400000e+02		4.1500000e+02		4.1450000e+02		1.2488872e+03		8.3242370e+02		1.5372471e+03		1.2488870e+03		4.7473765e-04		1.2488865e+03
4.1500000e+02		4.1600000e+02		4.1550000e+02		1.2477523e+03		8.3166725e+02		1.5358501e+03		1.2477521e+03		4.6959994e-04		1.2477516e+03
4.1600000e+02		4.1700000e+02		4.1650000e+02		1.2947363e+03		8.6298361e+02		1.5936824e+03		1.2947361e+03		4.8244057e-04		1.2947356e+03
4.1700000e+02		4.1800000e+02		4.1750000e+02		1.1781342e+03		7.8526454e+02		1.4501577e+03		1.1781340e+03		4.3456245e-04		1.1781336e+03
4.1800000e+02		4.1900000e+02		4.1850000e+02		1.2217101e+03		8.1430929e+02		1.5037950e+03		1.2217099e+03		4.4614029e-04		1.2217095e+03
4.1900000e+02		4.2000000e+02		4.1950000e+02		1.2338424e+03		8.2239586e+02		1.5187285e+03		1.2338422e+03		4.4606558e-04		1.2338418e+03
4.2000000e+02		4.2100000e+02		4.2050000e+02		1.2494927e+03		8.3282729e+02		1.5379924e+03		1.2494925e+03		4.4693890e-04		1.2494921e+03
4.2100000e+02		4.2200000e+02		4.2150000e+02		1.2299982e+03		8.1983358e+02		1.5139967e+03		1.2299980e+03		4.3604439e-04		1.2299976e+03
4.2200000e+02		4.2300000e+02		4.2250000e+02		1.1657134e+03		7.7698568e+02		1.4348690e+03		1.1657132e+03		4.0908922e-04		1.1657128e+03
4.2300000e+02		4.2400000e+02		4.2350000e+02		1.2419943e+03		8.2782937e+02		1.5287627e+03		1.2419941e+03		4.3164096e-04		1.2419937e+03
4.2400000e+02		4.2500000e+02		4.2450000e+02		1.2850442e+03		8.5652353e+02		1.5817525e+03		1.2850440e+03		4.4233323e-04		1.2850436e+03
4.2500000e+02		4.2600000e+02		4.2550000e+02		1.2367256e+03		8.2431762e+02		1.5222775e+03		1.2367254e+03		4.2174580e-04		1.2367250e+03
4.2600000e+02		4.2700000e+02		4.2650000e+02		1.2316584e+03		8.2094017e+02		1.5160403e+03		1.2316582e+03		4.1585113e-04		1.2316578e+03
4.2700000e+02		4.2800000e+02		4.2750000e+02		1.1420512e+03		7.6121407e+02		1.4057434e+03		1.1420510e+03		3.8181370e-04		1.1420507e+03
4.2800000e+02		4.2900000e+02		4.2850000e+02		1.1495483e+03		7.6621113e+02		1.4149715e+03		1.1495481e+03		3.8059237e-04		1.1495478e+03
4.2900000e+02		4.3000000e+02		4.2950000e+02		1.0698649e+03		7.1309957e+02		1.3168897e+03		1.0698648e+03		3.5081475e-04		1.0698644e+03
4.3000000e+02		4.3100000e+02		4.3050000e+02		8.6065012e+02		5.7365115e+02		1.0593686e+03		8.6065001e+02		2.7949409e-04		8.6064973e+02
4.3100000e+02		4.3200000e+02		4.3150000e+02		1.0641754e+03		7.0930733e+02		1.3098865e+03		1.0641753e+03		3.4218947e-04		1.0641749e+03
4.3200000e+02		4.3300000e+02		4.3250000e+02		1.1990384e+03		7.9919789e+02		1.4758885e+03		1.1990382e+03		3.8180408e-04		1.1990379e+03
4.3300000e+02		4.3400000e+02		4.3350000e+02		1.3017454e+03		8.6765543e+02		1.6023099e+03		1.3017452e+03		4.1018661e-04		1.3017448e+03
4.3400000e+02		4.3500000e+02		4.3450000e+02		1.1054356e+03		7.3680860e+02		1.3606735e+03		1.1054355e+03		3.4535205e-04		1.1054351e+03
4.3500000e+02		4.3600000e+02		4.3550000e+02		1.2347447e+03		8.2299730e+02		1.5198392e+03		1.2347445e+03		3.8199642e-04		1.2347442e+03
4.3600000e+02		4.3700000e+02		4.3650000e+02		1.3814970e+03		9.2081246e+02		1.7004756e+03		1.3814968e+03		4.2342523e-04		1.3814964e+03
4.3700000e+02		4.3800000e+02		4.3750000e+02		1.2223713e+03		8.1475003e+02		1.5046089e+03		1.2223711e+03		3.7127601e-04		1.2223708e+03
4.3800000e+02		4.3900000e+02		4.3850000e+02		1.1905029e+03		7.9350871e+02		1.4653823e+03		1.1905028e+03		3.5825644e-04		1.1905024e+03
4.3900000e+02		4.4000000e+02		4.3950000e+02		1.3250738e+03		8.8320457e+02		1.6310247e+03		1.3250736e+03		3.9490982e-04		1.3250732e+03
4.4000000e+02		4.4100000e+02		4.4050000e+02		1.2562739e+03		8.3734721e+02		1.5463394e+03		1.2562737e+03		3.7083554e-04		1.2562734e+03
4.4100000e+02		4.4200000e+02		4.4150000e+02		1.3817384e+03		9.2097336e+02		1.7007728e+03		1.3817382e+03		4.0423661e-04		1.3817378e+03
4.4200000e+02		4.4300000e+02		4.4250000e+02		1.4526378e+03		9.6823011e+02		1.7880424e+03		1.4526376e+03		4.2071897e-04		1.4526372e+03
4.4300000e+02		4.4400000e+02		4.4350000e+02		1.4050936e+03		9.3654036e+02		1.7295206e+03		1.4050934e+03		4.0326753e-04		1.4050930e+03
4.4400000e+02		4.4500000e+02		4.4450000e+02		1.4475318e+03		9.6482680e+02		1.7817575e+03		1.4475316e+03		4.1173466e-04		1.4475312e+03
4.4500000e+02		4.4600000e+02		4.4550000e+02		1.3420773e+03		8.9453796e+02		1.6519542e+03		1.3420771e+03		3.7788834e-04		1.3420768e+03
4.4600000e+02		4.4700000e+02		4.4650000e+02		1.3689269e+03		9.1243409e+02		1.6850032e+03		1.3689267e+03		3.8187454e-04		1.3689264e+03
4.4700000e+02		4.4800000e+02		4.4750000e+02		1.4837056e+03		9.8893781e+02		1.8262836e+03		1.4837054e+03		4.1025025e-04		1.4837050e+03
4.4800000e+02		4.4900000e+02		4.4850000e+02		1.4587166e+03		9.7228183e+02		1.7955248e+03		1.4587164e+03		3.9953610e-04		1.4587160e+03
4.4900000e+02		4.5000000e+02		4.4950000e+02		1.4737837e+03		9.8232455e+02		1.8140708e+03		1.4737835e+03		4.0004594e-04		1.4737831e+03
4.5000000e+02		4.5100000e+02		4.5050000e+02		1.5636828e+03		1.0422452e+03		1.9247270e+03		1.5636826e+03		4.2068997e-04		1.5636822e+03
4.5100000e+02		4.5200000e+02		4.5150000e+02		1.5589734e+03		1.0391062e+03		1.9189302e+03		1.5589732e+03		4.1575392e-04		1.5589728e+03
4.5200000e+02		4.5300000e+02		4.5250000e+02		1.4757889e+03		9.8366108e+02		1.8165390e+03		1.4757887e+03		3.8986680e-04		1.4757884e+03
4.5300000e+02		4.5400000e+02		4.5350000e+02		1.4141855e+03		9.4260042e+02		1.7407117e+03		1.4141853e+03		3.7011294e-04		1.4141850e+03
4.5400000e+02		4.5500000e+02		4.5450000e+02		1.5096596e+03		1.0062370e+03		1.8582302e+03		1.5096594e+03		3.9161242e-04		1.5096590e+03
4.5500000e+02		4.5600000e+02		4.5550000e+02		1.4952815e+03		9.9665353e+02		1.8405323e+03		1.4952813e+03		3.8419249e-04		1.4952810e+03
4.5600000e+02		4.5700000e+02		4.5650000e+02		1.5527317e+03		1.0349460e+03		1.9112474e+03		1.5527315e+03		3.9543288e-04		1.5527311e+03
4.5700000e+02		4.5800000e+02		4.5750000e+02		1.5677329e+03		1.0449447e+03		1.9297122e+03		1.5677327e+03		3.9552954e-04		1.5677323e+03
4.5800000e+02		4.5900000e+02		4.5850000e+02		1.4734199e+03		9.8208207e+02		1.8136230e+03		1.4734197e+03		3.6837770e-04		1.4734194e+03
4.5900000e+02		4.6000000e+02		4.5950000e+02		1.5222067e+03		1.0146001e+03		1.8736743e+03		1.5222065e+03		3.7701882e-04		1.5222062e+03
4.6000000e+02		4.6100000e+02		4.6050000e+02		1.5039223e+03		1.0024129e+03		1.8511682e+03		1.5039221e+03		3.6927429e-04		1.5039218e+03
4.6100000e+02		4.6200000e+02		4.6150000e+02		1.5386000e+03		1.0255267e+03		1.8938527e+03		1.5385998e+03		3.7448721e-04		1.5385995e+03
4.6200000e+02		4.6300000e+02		4.6250000e+02		1.5538294e+03		1.0356776e+03		1.9125985e+03		1.5538292e+03		3.7492620e-04		1.5538289e+03
4.6300000e+02		4.6400000e+02		4.6350000e+02		1.5018384e+03		1.0010239e+03		1.8486031e+03		1.5018383e+03		3.5913247e-04		1.5018379e+03
4.6400000e+02		4.6500000e+02		4.6450000e+02		1.5281564e+03		1.0185657e+03		1.8809978e+03		1.5281563e+03		3.6241915e-04		1.5281559e+03
4.6500000e+02		4.6600000e+02		4.6550000e+02		1.4760608e+03		9.8384233e+02		1.8168737e+03		1.4760607e+03		3.4684245e-04		1.4760603e+03
4.6600000e+02		4.6700000e+02		4.6650000e+02		1.4854121e+03		9.9007527e+02		1.8283841e+03		1.4854120e+03		3.4578206e-04		1.4854116e+03
4.6700000e+02		4.6800000e+02		4.6750000e+02		1.4997486e+03		9.9963101e+02		1.8460308e+03		1.4997485e+03		3.4604423e-04		1.4997481e+03
4.6800000e+02		4.6900000e+02		4.6850000e+02		1.4665907e+03		9.7753020e+02		1.8052170e+03		1.4665906e+03		3.3559490e-04		1.4665902e+03
4.6900000e+02		4.7000000e+02		4.6950000e+02		1.5086728e+03		1.0055793e+03		1.8570156e+03		1.5086727e+03		3.4232711e-04		1.5086723e+03
4.7000000e+02		4.7100000e+02		4.7050000e+02		1.4256243e+03		9.5022477e+02		1.7547917e+03		1.4256242e+03		3.2043467e-04		1.4256238e+03
4.7100000e+02		4.7200000e+02		4.7150000e+02		1.4904926e+03		9.9346159e+02		1.8346377e+03		1.4904925e+03		3.3219048e-04		1.4904921e+03
4.7200000e+02		4.7300000e+02		4.7250000e+02		1.5269264e+03		1.0177459e+03		1.8794838e+03		1.5269263e+03		3.3700473e-04		1.5269259e+03
4.7300000e+02		4.7400000e+02		4.7350000e+02		1.4995420e+03		9.9949332e+02		1.8457765e+03		1.4995419e+03		3.2807733e-04		1.4995415e+03
4.7400000e+02		4.7500000e+02		4.7450000e+02		1.5448084e+03		1.0296648e+03		1.9014946e+03		1.5448083e+03		3.3530459e-04		1.5448079e+03
4.7500000e+02		4.7600000e+02		4.7550000e+02		1.5413846e+03		1.0273828e+03		1.8972803e+03		1.5413845e+03		3.3155157e-04		1.5413841e+03
4.7600000e+02		4.7700000e+02		4.7650000e+02		1.4853490e+03		9.9003322e+02		1.8283065e+03		1.4853489e+03		3.1672697e-04		1.4853486e+03
4.7700000e+02		4.7800000e+02		4.7750000e+02		1.5508368e+03		1.0336830e+03		1.9089150e+03		1.5508367e+03		3.2801124e-04		1.5508363e+03
4.7800000e+02		4.7900000e+02		4.7850000e+02		1.5358791e+03		1.0237132e+03		1.8905036e+03		1.5358790e+03		3.2216807e-04		1.5358786e+03
4.7900000e+02		4.8000000e+02		4.7950000e+02		1.5403519e+03		1.0266944e+03		1.8960092e+03		1.5403518e+03		3.2015587e-04		1.5403514e+03
4.8000000e+02		4.8100000e+02		4.8050000e+02		1.5442750e+03		1.0293093e+03		1.9008381e+03		1.5442749e+03		3.1846143e-04		1.5442746e+03
4.8100000e+02		4.8200000e+02		4.8150000e+02		1.5475498e+03		1.0314921e+03		1.9048690e+03		1.5475497e+03		3.1627657e-04		1.5475494e+03
4.8200000e+02		4.8300000e+02		4.8250000e+02		1.5416562e+03		1.0275638e+03		1.8976146e+03		1.5416561e+03		3.1235262e-04		1.5416558e+03
4.8300000e+02		4.8400000e+02		4.8350000e+02		1.5183412e+03		1.0120236e+03		1.8689164e+03		1.5183411e+03		3.0523341e-04		1.5183408e+03
4.8400000e+02		4.8500000e+02		4.8450000e+02		1.4920771e+03		9.9451773e+02		1.8365880e+03		1.4920770e+03		2.9718849e-04		1.4920767e+03
4.8500000e+02		4.8600000e+02		4.8550000e+02		1.4021236e+03		9.3456081e+02		1.7258649e+03		1.4021235e+03		2.7707730e-04		1.4021232e+03
4.8600000e+02		4.8700000e+02		4.8650000e+02		1.2173217e+03		8.1138435e+02		1.4983934e+03		1.2173216e+03		2.3812930e-04		1.2173214e+03
4.8700000e+02		4.8800000e+02		4.8750000e+02		1.3927585e+03		9.2831867e+02		1.7143374e+03		1.3927584e+03		2.6999760e-04		1.3927581e+03
4.8800000e+02		4.8900000e+02		4.8850000e+02		1.4651201e+03		9.7655002e+02		1.8034069e+03		1.4651200e+03		2.8186826e-04		1.4651197e+03
4.8900000e+02		4.9000000e+02		4.8950000e+02		1.4372192e+03		9.5795316e+02		1.7690638e+03		1.4372191e+03		2.7442766e-04		1.4372188e+03
4.9000000e+02		4.9100000e+02		4.9050000e+02		1.5307557e+03		1.0202983e+03		1.8841973e+03		1.5307556e+03		2.8981167e-04		1.5307553e+03
4.9100000e+02		4.9200000e+02		4.9150000e+02		1.4425606e+03		9.6151338e+02		1.7756385e+03		1.4425605e+03		2.7097081e-04		1.4425602e+03
4.9200000e+02		4.9300000e+02		4.9250000e+02		1.3729411e+03		9.1510973e+02		1.6899443e+03		1.3729410e+03		2.5575269e-04		1.3729407e+03
4.9300000e+02		4.9400000e+02		4.9350000e+02		1.4509629e+03		9.6711379e+02		1.7859809e+03		1.4509628e+03		2.6814014e-04		1.4509625e+03
4.9400000e+02		4.9500000e+02		4.9450000e+02		1.4929449e+03		9.9509615e+02		1.8376562e+03		1.4929448e+03		2.7342588e-04		1.4929445e+03
4.9500000e+02		4.9600000e+02		4.9550000e+02		1.4663156e+03		9.7734686e+02		1.8048784e+03		1.4663155e+03		2.6608610e-04		1.4663152e+03
4.9600000e+02		4.9700000e+02		4.9650000e+02		1.4846220e+03		9.8954867e+02		1.8274116e+03		1.4846219e+03		2.6756442e-04		1.4846216e+03
4.9700000e+02		4.9800000e+02		4.9750000e+02		1.5123203e+03		1.0080105e+03		1.8615053e+03		1.5123202e+03		2.7009913e-04		1.5123199e+03
4.9800000e+02		4.9900000e+02		4.9850000e+02		1.3744029e+03		9.1608407e+02		1.6917436e+03		1.3744028e+03		2.4355289e-04		1.3744026e+03
4.9900000e+02		5.0000000e+02		4.9950000e+02		1.4721832e+03		9.8125781e+02		1.8121008e+03		1.4721831e+03		2.5856685e-04		1.4721828e+03
