Left Bin Edge (nm)	Right Bin Edge (nm)	Bin Center (nm)		Top of Atm Intensity (erg/s/nm/cm2)		Total Surface Flux (erg/s/nm/cm2)		Total Intensity at BOA (erg/s/nm/cm2)		Total Surface Intensity (erg/s/nm/cm2)		Total Surface Diffuse Intensity (erg/s/nm/cm2)		Total Surface Direct Intensity (erg/s/nm/cm2)
1.2000000e+02		1.2400000e+02		1.2200000e+02		9.8177077e+00		5.1313748e+00		9.5563706e+00		7.6987134e+00		7.5848544e-04		7.6979549e+00
1.2400000e+02		1.2800000e+02		1.2600000e+02		8.5268665e-02		2.3946662e-02		4.5619030e-02		3.5927581e-02		2.6682934e-06		3.5924913e-02
1.2800000e+02		1.3200000e+02		1.3000000e+02		4.2633707e-02		3.6945607e-03		7.3770553e-03		5.5429977e-03		3.0560183e-07		5.5426921e-03
1.3200000e+02		1.3600000e+02		1.3400000e+02		2.0691676e-01		1.3039201e-02		2.6391185e-02		1.9562859e-02		8.9484656e-07		1.9561964e-02
1.3600000e+02		1.4000000e+02		1.3800000e+02		6.3890989e-02		7.9836444e-03		1.5701228e-02		1.1977945e-02		5.0263434e-07		1.1977442e-02
1.4000000e+02		1.4400000e+02		1.4200000e+02		5.7859158e-02		7.4694167e-03		1.4670398e-02		1.1206435e-02		4.0783903e-07		1.1206028e-02
1.4400000e+02		1.4800000e+02		1.4600000e+02		4.6296753e-02		5.5698318e-03		1.0971024e-02		8.3564649e-03		2.6233579e-07		8.3562025e-03
1.4800000e+02		1.5200000e+02		1.5000000e+02		6.0458897e-02		8.6827283e-03		1.6979928e-02		1.3026763e-02		3.6380726e-07		1.3026400e-02
1.5200000e+02		1.5600000e+02		1.5400000e+02		4.0501379e-01		8.7737477e-02		1.6881087e-01		1.3163317e-01		3.3832519e-06		1.3162978e-01
1.5600000e+02		1.6000000e+02		1.5800000e+02		1.0241088e-01		3.4063975e-02		6.4482507e-02		5.1106414e-02		1.2299899e-06		5.1105184e-02
1.6000000e+02		1.6400000e+02		1.6200000e+02		8.0555783e-02		3.6792680e-02		6.8848091e-02		5.5200298e-02		1.2440977e-06		5.5199054e-02
1.6400000e+02		1.6800000e+02		1.6600000e+02		3.8317364e-01		2.1327964e-01		3.9632100e-01		3.1998477e-01		6.6872185e-06		3.1997809e-01
1.6800000e+02		1.7200000e+02		1.7000000e+02		6.0384329e-02		3.7359899e-02		6.9169196e-02		5.6051275e-02		1.0718257e-06		5.6050203e-02
1.7200000e+02		1.7600000e+02		1.7400000e+02		2.1792850e-02		1.4125738e-02		2.6111089e-02		2.1192921e-02		3.6693368e-07		2.1192555e-02
1.7600000e+02		1.8000000e+02		1.7800000e+02		1.2678953e-02		8.3738816e-03		1.5469009e-02		1.2563378e-02		1.9615718e-07		1.2563181e-02
1.8000000e+02		1.8400000e+02		1.8200000e+02		2.8510425e-01		1.8948230e-01		3.4995442e-01		2.8428121e-01		4.0011258e-06		2.8427721e-01
1.8400000e+02		1.8800000e+02		1.8600000e+02		3.2898348e-02		2.1909609e-02		4.0461957e-02		3.2871087e-02		4.1775706e-07		3.2870669e-02
1.8800000e+02		1.9200000e+02		1.9000000e+02		7.3139407e-02		4.8738402e-02		9.0006659e-02		7.3122435e-02		8.4108418e-07		7.3121594e-02
1.9200000e+02		1.9600000e+02		1.9400000e+02		5.5655366e-02		3.7093555e-02		6.8501378e-02		5.5651612e-02		5.8078293e-07		5.5651031e-02
1.9600000e+02		2.0000000e+02		1.9800000e+02		2.9105892e-02		1.9399644e-02		3.5825630e-02		2.9105362e-02		2.7625310e-07		2.9105086e-02
2.0000000e+02		2.0400000e+02		2.0200000e+02		3.9892238e-02		2.6589315e-02		4.9102879e-02		3.9892048e-02		3.4516554e-07		3.9891703e-02
2.0400000e+02		2.0800000e+02		2.0600000e+02		5.6242140e-02		3.7487052e-02		6.9227881e-02		5.6241959e-02		4.4460109e-07		5.6241514e-02
2.0800000e+02		2.1200000e+02		2.1000000e+02		2.9204295e-02		1.9465535e-02		3.5947280e-02		2.9204209e-02		2.1136198e-07		2.9203998e-02
2.1200000e+02		2.1600000e+02		2.1400000e+02		5.6840914e-02		3.7886179e-02		6.9964940e-02		5.6840760e-02		3.7742186e-07		5.6840383e-02
2.1600000e+02		2.2000000e+02		2.1800000e+02		6.9415493e-02		4.6267527e-02		8.5442887e-02		6.9415320e-02		4.2366906e-07		6.9414897e-02
2.2000000e+02		2.2400000e+02		2.2200000e+02		9.8228338e-02		6.5472178e-02		1.2090837e-01		9.8228113e-02		5.5208985e-07		9.8227561e-02
2.2400000e+02		2.2800000e+02		2.2600000e+02		1.4016770e-01		9.3426061e-02		1.7253118e-01		1.4016740e-01		7.2677204e-07		1.4016668e-01
2.2800000e+02		2.3200000e+02		2.3000000e+02		1.2516591e-01		8.3426927e-02		1.5406564e-01		1.2516567e-01		5.9969720e-07		1.2516507e-01
2.3200000e+02		2.3600000e+02		2.3400000e+02		5.1797104e-01		3.4524369e-01		6.3756616e-01		5.1797010e-01		2.2970865e-06		5.1796781e-01
2.3600000e+02		2.4000000e+02		2.3800000e+02		6.9572966e-01		4.6372538e-01		8.5636785e-01		6.9572849e-01		2.8601137e-06		6.9572563e-01
2.4000000e+02		2.4400000e+02		2.4200000e+02		3.4710968e-01		2.3135939e-01		4.2725446e-01		3.4710914e-01		1.3247823e-06		3.4710782e-01
2.4400000e+02		2.4800000e+02		2.4600000e+02		2.7204882e-01		1.8132902e-01		3.3486270e-01		2.7204843e-01		9.6537253e-07		2.7204746e-01
2.4800000e+02		2.5200000e+02		2.5000000e+02		3.7782077e-01		2.5182936e-01		4.6505658e-01		3.7782026e-01		1.2482506e-06		3.7781901e-01
2.5200000e+02		2.5600000e+02		2.5400000e+02		3.9993056e-01		2.6656626e-01		4.9227139e-01		3.9993006e-01		1.2317760e-06		3.9992883e-01
2.5600000e+02		2.6000000e+02		2.5800000e+02		5.8856036e-01		3.9229398e-01		7.2445439e-01		5.8855967e-01		1.6921132e-06		5.8855798e-01
2.6000000e+02		2.6400000e+02		2.6200000e+02		1.6007097e+00		1.0669234e+00		1.9703013e+00		1.6007079e+00		4.3011689e-06		1.6007036e+00
2.6400000e+02		2.6800000e+02		2.6600000e+02		6.7481339e-01		4.4978442e-01		8.3062269e-01		6.7481270e-01		1.6965370e-06		6.7481100e-01
2.6800000e+02		2.7200000e+02		2.7000000e+02		7.8694866e-01		5.2452617e-01		9.6864921e-01		7.8694790e-01		1.8534945e-06		7.8694605e-01
2.7200000e+02		2.7600000e+02		2.7400000e+02		1.2551073e+00		8.3656877e-01		1.5449023e+00		1.2551062e+00		2.7720614e-06		1.2551034e+00
2.7600000e+02		2.8000000e+02		2.7800000e+02		4.6406262e+00		3.0931246e+00		5.7121126e+00		4.6406223e+00		9.6229107e-06		4.6406127e+00
2.8000000e+02		2.8400000e+02		2.8200000e+02		4.2434705e+00		2.8284079e+00		5.2232569e+00		4.2434671e+00		8.2697672e-06		4.2434589e+00
2.8400000e+02		2.8800000e+02		2.8600000e+02		1.3251150e+00		8.8323130e-01		1.6310744e+00		1.3251140e+00		2.4293429e-06		1.3251116e+00
2.8800000e+02		2.9200000e+02		2.9000000e+02		2.1874290e+00		1.4579911e+00		2.6924906e+00		2.1874275e+00		3.7762419e-06		2.1874237e+00
2.9200000e+02		2.9600000e+02		2.9400000e+02		2.5689834e+00		1.7123093e+00		3.1621433e+00		2.5689817e+00		4.1800381e-06		2.5689775e+00
2.9600000e+02		3.0000000e+02		2.9800000e+02		2.5481507e+00		1.6984238e+00		3.1365006e+00		2.5481491e+00		3.9109746e-06		2.5481452e+00
3.0000000e+02		3.0400000e+02		3.0200000e+02		2.6194726e+00		1.7459622e+00		3.2242903e+00		2.6194711e+00		3.7968976e-06		2.6194673e+00
3.0400000e+02		3.0800000e+02		3.0600000e+02		3.3319489e+00		2.2208505e+00		4.1012725e+00		3.3319470e+00		4.5640597e-06		3.3319425e+00
3.0800000e+02		3.1200000e+02		3.1000000e+02		4.4304195e+00		2.9530164e+00		5.4533724e+00		4.4304172e+00		5.7401791e-06		4.4304114e+00
3.1200000e+02		3.1600000e+02		3.1400000e+02		5.6520824e+00		3.7672939e+00		6.9571089e+00		5.6520796e+00		6.9307900e-06		5.6520726e+00
3.1600000e+02		3.2000000e+02		3.1800000e+02		7.6806142e+00		5.1193755e+00		9.4540148e+00		7.6806106e+00		8.9223691e-06		7.6806016e+00
3.2000000e+02		3.2400000e+02		3.2200000e+02		1.0801902e+01		7.1998141e+00		1.3295987e+01		1.0801897e+01		1.1895042e-05		1.0801885e+01
3.2400000e+02		3.2800000e+02		3.2600000e+02		1.0684700e+01		7.1216955e+00		1.3151724e+01		1.0684695e+01		1.1163316e-05		1.0684684e+01
3.2800000e+02		3.3200000e+02		3.3000000e+02		1.7429173e+01		1.1617103e+01		2.1453450e+01		1.7429166e+01		1.7284105e-05		1.7429149e+01
3.3200000e+02		3.3600000e+02		3.3400000e+02		2.2191774e+01		1.4791530e+01		2.7315703e+01		2.2191765e+01		2.0911025e-05		2.2191745e+01
3.3600000e+02		3.4000000e+02		3.3800000e+02		2.4676141e+01		1.6447441e+01		3.0373694e+01		2.4676132e+01		2.2109395e-05		2.4676110e+01
3.4000000e+02		3.4400000e+02		3.4200000e+02		2.9069553e+01		1.9375792e+01		3.5781516e+01		2.9069543e+01		2.4774828e-05		2.9069518e+01
3.4400000e+02		3.4800000e+02		3.4600000e+02		2.7329921e+01		1.8216272e+01		3.3640215e+01		2.7329912e+01		2.2174670e-05		2.7329890e+01
3.4800000e+02		3.5200000e+02		3.5000000e+02		3.5574428e+01		2.3711501e+01		4.3788323e+01		3.5574417e+01		2.7489060e-05		3.5574389e+01
3.5200000e+02		3.5600000e+02		3.5400000e+02		4.4855318e+01		2.9897514e+01		5.5212109e+01		4.4855305e+01		3.3029774e-05		4.4855272e+01
3.5600000e+02		3.6000000e+02		3.5800000e+02		3.0588065e+01		2.0387931e+01		3.7650644e+01		3.0588056e+01		2.1492160e-05		3.0588035e+01
3.6000000e+02		3.6400000e+02		3.6200000e+02		3.6233132e+01		2.4150550e+01		4.4599120e+01		3.6233122e+01		2.4285083e-05		3.6233098e+01
3.6400000e+02		3.6800000e+02		3.6600000e+02		4.2517569e+01		2.8339330e+01		5.2334592e+01		4.2517558e+01		2.7197721e-05		4.2517531e+01
3.6800000e+02		3.7200000e+02		3.7000000e+02		4.2947155e+01		2.8625664e+01		5.2863367e+01		4.2947144e+01		2.6255280e-05		4.2947118e+01
3.7200000e+02		3.7600000e+02		3.7400000e+02		3.1536281e+01		2.1019949e+01		3.8817798e+01		3.1536273e+01		1.8421741e-05		3.1536255e+01
3.7600000e+02		3.8000000e+02		3.7800000e+02		5.1280944e+01		3.4180404e+01		6.3121373e+01		5.1280932e+01		2.8654947e-05		5.1280904e+01
3.8000000e+02		3.8400000e+02		3.8200000e+02		4.4085324e+01		2.9384291e+01		5.4264333e+01		4.4085314e+01		2.3571339e-05		4.4085291e+01
3.8400000e+02		3.8800000e+02		3.8600000e+02		4.3887216e+01		2.9252246e+01		5.4020484e+01		4.3887207e+01		2.2455419e-05		4.3887184e+01
3.8800000e+02		3.9200000e+02		3.9000000e+02		5.5547295e+01		3.7024066e+01		6.8372798e+01		5.5547284e+01		2.7232809e-05		5.5547257e+01
3.9200000e+02		3.9600000e+02		3.9400000e+02		5.3205576e+01		3.5463235e+01		6.5490392e+01		5.3205566e+01		2.4994956e-05		5.3205541e+01
3.9600000e+02		4.0000000e+02		3.9800000e+02		7.0333626e+01		4.6879634e+01		8.6573197e+01		7.0333613e+01		3.1659966e-05		7.0333581e+01
