Left Bin Edge (nm)	Right Bin Edge (nm)	Bin Center (nm)		Top of Atm Intensity (erg/s/nm/cm2)		Total Surface Flux (erg/s/nm/cm2)		Total Intensity at BOA (erg/s/nm/cm2)		Total Surface Intensity (erg/s/nm/cm2)		Total Surface Diffuse Intensity (erg/s/nm/cm2)		Total Surface Direct Intensity (erg/s/nm/cm2)
1.3200000e+02		1.3600000e+02		1.3400000e+02		5.2258747e-01		3.2931712e-02		6.6653385e-02		4.9407816e-02		2.2600180e-06		4.9405556e-02
1.3600000e+02		1.4000000e+02		1.3800000e+02		3.0309218e-01		3.7873575e-02		7.4484984e-02		5.6822120e-02		2.3844448e-06		5.6819735e-02
1.4000000e+02		1.4400000e+02		1.4200000e+02		2.2492132e-01		2.9036563e-02		5.7029611e-02		4.3563825e-02		1.5854308e-06		4.3562240e-02
1.4400000e+02		1.4800000e+02		1.4600000e+02		1.4354034e-01		1.7268933e-02		3.4015008e-02		2.5908724e-02		8.1335658e-07		2.5907911e-02
1.4800000e+02		1.5200000e+02		1.5000000e+02		1.6486494e-01		2.3676871e-02		4.6302446e-02		3.5522589e-02		9.9206344e-07		3.5521597e-02
1.5200000e+02		1.5600000e+02		1.5400000e+02		1.7652406e+00		3.8240119e-01		7.3575716e-01		5.7371925e-01		1.4745803e-05		5.7370451e-01
1.5600000e+02		1.6000000e+02		1.5800000e+02		2.2050825e-01		7.3345600e-02		1.3884194e-01		1.1004090e-01		2.6483799e-06		1.1003826e-01
1.6000000e+02		1.6400000e+02		1.6200000e+02		3.8345378e-01		1.7513693e-01		3.2772397e-01		2.6275907e-01		5.9220326e-06		2.6275315e-01
1.6400000e+02		1.6800000e+02		1.6600000e+02		5.8558261e-01		3.2594322e-01		6.0567497e-01		4.8901464e-01		1.0219698e-05		4.8900442e-01
1.6800000e+02		1.7200000e+02		1.7000000e+02		1.1180695e-01		6.9175172e-02		1.2807291e-01		1.0378391e-01		1.9845806e-06		1.0378193e-01
1.7200000e+02		1.7600000e+02		1.7400000e+02		1.0128614e-01		6.5651874e-02		1.2135592e-01		9.8497866e-02		1.7053894e-06		9.8496160e-02
1.7600000e+02		1.8000000e+02		1.7800000e+02		1.0926244e-01		7.2162957e-02		1.3330609e-01		1.0826645e-01		1.6904087e-06		1.0826476e-01
1.8000000e+02		1.8400000e+02		1.8200000e+02		1.1873702e-01		7.8913463e-02		1.4574509e-01		1.1839425e-01		1.6663440e-06		1.1839258e-01
1.8400000e+02		1.8800000e+02		1.8600000e+02		1.2970985e-01		8.6384038e-02		1.5953125e-01		1.2960237e-01		1.6471102e-06		1.2960072e-01
1.8800000e+02		1.9200000e+02		1.9000000e+02		1.4218095e-01		9.4746083e-02		1.7497041e-01		1.4214796e-01		1.6350440e-06		1.4214632e-01
1.9200000e+02		1.9600000e+02		1.9400000e+02		1.5615031e-01		1.0407209e-01		1.9219192e-01		1.5613978e-01		1.6294823e-06		1.5613815e-01
1.9600000e+02		2.0000000e+02		1.9800000e+02		1.7971690e-01		1.1978482e-01		2.2120851e-01		1.7971363e-01		1.7057492e-06		1.7971192e-01
2.0000000e+02		2.0400000e+02		2.0200000e+02		2.7901984e-01		1.8597468e-01		3.4344219e-01		2.7901851e-01		2.4142049e-06		2.7901610e-01
2.0400000e+02		2.0800000e+02		2.0600000e+02		1.7032756e-01		1.1352836e-01		2.0965447e-01		1.7032701e-01		1.3464605e-06		1.7032566e-01
2.0800000e+02		2.1200000e+02		2.1000000e+02		2.3791003e-01		1.5857414e-01		2.9284112e-01		2.3790933e-01		1.7218404e-06		2.3790761e-01
2.1200000e+02		2.1600000e+02		2.1400000e+02		2.1800478e-01		1.4530674e-01		2.6834001e-01		2.1800419e-01		1.4475448e-06		2.1800274e-01
2.1600000e+02		2.2000000e+02		2.1800000e+02		2.2656386e-01		1.5101167e-01		2.7887536e-01		2.2656330e-01		1.3828051e-06		2.2656191e-01
2.2000000e+02		2.2400000e+02		2.2200000e+02		2.2285693e-01		1.4854093e-01		2.7431258e-01		2.2285642e-01		1.2525617e-06		2.2285517e-01
2.2400000e+02		2.2800000e+02		2.2600000e+02		2.8579677e-01		1.9049229e-01		3.5178472e-01		2.8579617e-01		1.4818614e-06		2.8579468e-01
2.2800000e+02		2.3200000e+02		2.3000000e+02		2.5050785e-01		1.6697118e-01		3.0834795e-01		2.5050736e-01		1.2002378e-06		2.5050616e-01
2.3200000e+02		2.3600000e+02		2.3400000e+02		5.3237717e-01		3.5484582e-01		6.5529854e-01		5.3237621e-01		2.3609745e-06		5.3237385e-01
2.3600000e+02		2.4000000e+02		2.3800000e+02		6.8503908e-01		4.5659977e-01		8.4320890e-01		6.8503793e-01		2.8161652e-06		6.8503512e-01
2.4000000e+02		2.4400000e+02		2.4200000e+02		4.1034669e-01		2.7350883e-01		5.0509238e-01		4.1034605e-01		1.5661333e-06		4.1034449e-01
2.4400000e+02		2.4800000e+02		2.4600000e+02		3.4927022e-01		2.3279950e-01		4.2991390e-01		3.4926972e-01		1.2393947e-06		3.4926848e-01
2.4800000e+02		2.5200000e+02		2.5000000e+02		3.9665588e-01		2.6438355e-01		4.8824057e-01		3.9665535e-01		1.3104783e-06		3.9665404e-01
2.5200000e+02		2.5600000e+02		2.5400000e+02		3.4919969e-01		2.3275254e-01		4.2982716e-01		3.4919925e-01		1.0755262e-06		3.4919818e-01
2.5600000e+02		2.6000000e+02		2.5800000e+02		6.0965457e-01		4.0635393e-01		7.5041909e-01		6.0965386e-01		1.7527591e-06		6.0965210e-01
2.6000000e+02		2.6400000e+02		2.6200000e+02		1.0281544e+00		6.8529730e-01		1.2655474e+00		1.0281533e+00		2.7626906e-06		1.0281505e+00
2.6400000e+02		2.6800000e+02		2.6600000e+02		3.9574438e-01		2.6377612e-01		4.8711876e-01		3.9574397e-01		9.9493431e-07		3.9574298e-01
2.6800000e+02		2.7200000e+02		2.7000000e+02		2.4455998e-01		1.6300696e-01		3.0102705e-01		2.4455975e-01		5.7601035e-07		2.4455917e-01
2.7200000e+02		2.7600000e+02		2.7400000e+02		5.5888408e-01		3.7251394e-01		6.8792626e-01		5.5888358e-01		1.2343654e-06		5.5888234e-01
2.7600000e+02		2.8000000e+02		2.7800000e+02		2.8706280e+00		1.9133646e+00		3.5334349e+00		2.8706256e+00		5.9526011e-06		2.8706196e+00
2.8000000e+02		2.8400000e+02		2.8200000e+02		2.0631718e+00		1.3751695e+00		2.5395431e+00		2.0631702e+00		4.0207539e-06		2.0631661e+00
2.8400000e+02		2.8800000e+02		2.8600000e+02		4.3753123e-01		2.9162848e-01		5.3855402e-01		4.3753090e-01		8.0212917e-07		4.3753010e-01
2.8800000e+02		2.9200000e+02		2.9000000e+02		2.8324485e-01		1.8879171e-01		3.4864405e-01		2.8324465e-01		4.8897636e-07		2.8324416e-01
2.9200000e+02		2.9600000e+02		2.9400000e+02		3.8846068e-01		2.5892143e-01		4.7815347e-01		3.8846042e-01		6.3207121e-07		3.8845979e-01
2.9600000e+02		3.0000000e+02		2.9800000e+02		3.4356459e-01		2.2899676e-01		4.2289121e-01		3.4356438e-01		5.2731277e-07		3.4356385e-01
3.0000000e+02		3.0400000e+02		3.0200000e+02		2.6764109e-01		1.7839134e-01		3.2943753e-01		2.6764093e-01		3.8794290e-07		2.6764054e-01
3.0400000e+02		3.0800000e+02		3.0600000e+02		2.9548618e-01		1.9695099e-01		3.6371186e-01		2.9548602e-01		4.0475307e-07		2.9548561e-01
3.0800000e+02		3.1200000e+02		3.1000000e+02		1.8893284e-01		1.2592978e-01		2.3255611e-01		1.8893274e-01		2.4478683e-07		1.8893250e-01
3.1200000e+02		3.1600000e+02		3.1400000e+02		9.4699696e-02		6.3120380e-02		1.1656520e-01		9.4699649e-02		1.1612423e-07		9.4699533e-02
3.1600000e+02		3.2000000e+02		3.1800000e+02		3.3606872e-01		2.2400057e-01		4.1366466e-01		3.3606856e-01		3.9040226e-07		3.3606817e-01
3.2000000e+02		3.2400000e+02		3.2200000e+02		3.1539694e-01		2.1022218e-01		3.8821992e-01		3.1539680e-01		3.4731474e-07		3.1539645e-01
3.2400000e+02		3.2800000e+02		3.2600000e+02		3.0987571e-01		2.0654211e-01		3.8142388e-01		3.0987558e-01		3.2375646e-07		3.0987525e-01
3.2800000e+02		3.3200000e+02		3.3000000e+02		7.4529143e-01		4.9676067e-01		9.1737412e-01		7.4529113e-01		7.3908814e-07		7.4529039e-01
3.3200000e+02		3.3600000e+02		3.3400000e+02		9.3751200e-01		6.2488187e-01		1.1539771e+00		9.3751164e-01		8.8340559e-07		9.3751076e-01
3.3600000e+02		3.4000000e+02		3.3800000e+02		1.0779362e+00		7.1847913e-01		1.3268243e+00		1.0779358e+00		9.6581218e-07		1.0779348e+00
3.4000000e+02		3.4400000e+02		3.4200000e+02		1.3253878e+00		8.8341360e-01		1.6314109e+00		1.3253873e+00		1.1295755e-06		1.3253862e+00
3.4400000e+02		3.4800000e+02		3.4600000e+02		1.5477016e+00		1.0315929e+00		1.9050554e+00		1.5477011e+00		1.2557582e-06		1.5476998e+00
3.4800000e+02		3.5200000e+02		3.5000000e+02		2.2485489e+00		1.4987302e+00		2.7677237e+00		2.2485482e+00		1.7374979e-06		2.2485465e+00
3.5200000e+02		3.5600000e+02		3.5400000e+02		3.1232382e+00		2.0817388e+00		3.8443729e+00		3.1232373e+00		2.2998355e-06		3.1232350e+00
3.5600000e+02		3.6000000e+02		3.5800000e+02		2.1024437e+00		1.4013465e+00		2.5878838e+00		2.1024431e+00		1.4772447e-06		2.1024416e+00
3.6000000e+02		3.6400000e+02		3.6200000e+02		2.5551256e+00		1.7030736e+00		3.1450870e+00		2.5551249e+00		1.7125607e-06		2.5551232e+00
3.6400000e+02		3.6800000e+02		3.6600000e+02		2.6591808e+00		1.7724297e+00		3.2731679e+00		2.6591801e+00		1.7010299e-06		2.6591784e+00
3.6800000e+02		3.7200000e+02		3.7000000e+02		2.7358769e+00		1.8235502e+00		3.3675726e+00		2.7358762e+00		1.6725488e-06		2.7358745e+00
3.7200000e+02		3.7600000e+02		3.7400000e+02		2.2620495e+00		1.5077290e+00		2.7843417e+00		2.2620490e+00		1.3213635e-06		2.2620476e+00
3.7600000e+02		3.8000000e+02		3.7800000e+02		3.9438677e+00		2.6287151e+00		4.8544805e+00		3.9438668e+00		2.2037683e-06		3.9438646e+00
3.8000000e+02		3.8400000e+02		3.8200000e+02		4.0224191e+00		2.6810722e+00		4.9511690e+00		4.0224182e+00		2.1506886e-06		4.0224161e+00
3.8400000e+02		3.8800000e+02		3.8600000e+02		3.3387918e+00		2.2254125e+00		4.1096967e+00		3.3387911e+00		1.7083327e-06		3.3387894e+00
3.8800000e+02		3.9200000e+02		3.9000000e+02		4.2574676e+00		2.8377396e+00		5.2404887e+00		4.2574668e+00		2.0872808e-06		4.2574647e+00
3.9200000e+02		3.9600000e+02		3.9400000e+02		5.5753398e+00		3.7161441e+00		6.8626490e+00		5.5753387e+00		2.6191874e-06		5.5753361e+00
3.9600000e+02		4.0000000e+02		3.9800000e+02		7.7229336e+00		5.1475848e+00		9.5061081e+00		7.7229322e+00		3.4764000e-06		7.7229287e+00
