Left Bin Edge (nm)	Right Bin Edge (nm)	Bin Center (nm)		Top of Atm Intensity (erg/s/nm/cm2)		Total Surface Flux (erg/s/nm/cm2)		Total Intensity at BOA (erg/s/nm/cm2)		Total Surface Intensity (erg/s/nm/cm2)		Total Surface Diffuse Intensity (erg/s/nm/cm2)		Total Surface Direct Intensity (erg/s/nm/cm2)
1.2000000e+02		1.2400000e+02		1.2200000e+02		7.7936060e+02		0.0000000e+00		0.0000000e+00		0.0000000e+00		0.0000000e+00		0.0000000e+00
1.2400000e+02		1.2800000e+02		1.2600000e+02		1.5150754e+01		0.0000000e+00		0.0000000e+00		0.0000000e+00		0.0000000e+00		0.0000000e+00
1.2800000e+02		1.3200000e+02		1.3000000e+02		1.3642586e+01		0.0000000e+00		0.0000000e+00		0.0000000e+00		0.0000000e+00		0.0000000e+00
1.3200000e+02		1.3600000e+02		1.3400000e+02		2.0360323e+01		0.0000000e+00		0.0000000e+00		0.0000000e+00		0.0000000e+00		0.0000000e+00
1.3600000e+02		1.4000000e+02		1.3800000e+02		8.8232915e+00		0.0000000e+00		0.0000000e+00		0.0000000e+00		0.0000000e+00		0.0000000e+00
1.4000000e+02		1.4400000e+02		1.4200000e+02		1.0005579e+01		0.0000000e+00		0.0000000e+00		0.0000000e+00		0.0000000e+00		0.0000000e+00
1.4400000e+02		1.4800000e+02		1.4600000e+02		6.7344260e+00		0.0000000e+00		0.0000000e+00		0.0000000e+00		0.0000000e+00		0.0000000e+00
1.4800000e+02		1.5200000e+02		1.5000000e+02		9.4645463e+00		0.0000000e+00		0.0000000e+00		0.0000000e+00		0.0000000e+00		0.0000000e+00
1.5200000e+02		1.5600000e+02		1.5400000e+02		4.7123873e+01		0.0000000e+00		0.0000000e+00		0.0000000e+00		0.0000000e+00		0.0000000e+00
1.5600000e+02		1.6000000e+02		1.5800000e+02		1.3073742e+01		0.0000000e+00		0.0000000e+00		0.0000000e+00		0.0000000e+00		0.0000000e+00
1.6000000e+02		1.6400000e+02		1.6200000e+02		1.4775299e+01		0.0000000e+00		0.0000000e+00		0.0000000e+00		0.0000000e+00		0.0000000e+00
1.6400000e+02		1.6800000e+02		1.6600000e+02		2.6899801e+01		0.0000000e+00		0.0000000e+00		0.0000000e+00		0.0000000e+00		0.0000000e+00
1.6800000e+02		1.7200000e+02		1.7000000e+02		9.1983582e+00		0.0000000e+00		0.0000000e+00		0.0000000e+00		0.0000000e+00		0.0000000e+00
1.7200000e+02		1.7600000e+02		1.7400000e+02		1.1372305e+01		0.0000000e+00		0.0000000e+00		0.0000000e+00		0.0000000e+00		0.0000000e+00
1.7600000e+02		1.8000000e+02		1.7800000e+02		5.6112959e+00		0.0000000e+00		0.0000000e+00		0.0000000e+00		0.0000000e+00		0.0000000e+00
1.8000000e+02		1.8400000e+02		1.8200000e+02		1.4296353e+01		0.0000000e+00		0.0000000e+00		0.0000000e+00		0.0000000e+00		0.0000000e+00
1.8400000e+02		1.8800000e+02		1.8600000e+02		7.7686614e+00		0.0000000e+00		0.0000000e+00		0.0000000e+00		0.0000000e+00		0.0000000e+00
1.8800000e+02		1.9200000e+02		1.9000000e+02		8.1862416e+00		1.1636409e-105		0.0000000e+00		1.8076125e-105		4.6188027e-106		1.3457322e-105
1.9200000e+02		1.9600000e+02		1.9400000e+02		4.8376792e+00		1.6410089e-33		2.6094640e-31		2.7307667e-33		2.0086500e-33		7.2211677e-34
1.9600000e+02		2.0000000e+02		1.9800000e+02		2.4899171e+00		2.8340471e-10		2.1484480e-09		4.9051230e-10		4.8818778e-10		2.3245226e-12
2.0000000e+02		2.0400000e+02		2.0200000e+02		3.9400370e+00		2.1512424e-02		6.9029797e-02		3.7259697e-02		3.7253777e-02		5.9203842e-06
2.0400000e+02		2.0800000e+02		2.0600000e+02		3.5731557e-02		4.1799067e-03		1.2220302e-02		7.2397296e-03		7.2392034e-03		5.2612219e-07
2.0800000e+02		2.1200000e+02		2.1000000e+02		1.3763140e-01		1.7324699e-02		4.9580060e-02		3.0006458e-02		3.0001273e-02		5.1849137e-06
2.1200000e+02		2.1600000e+02		2.1400000e+02		1.3049428e-01		1.7626716e-02		4.9447930e-02		3.0528607e-02		3.0517206e-02		1.1401558e-05
2.1600000e+02		2.2000000e+02		2.1800000e+02		-2.4990428e+00		-3.6126160e-01		9.9471431e-01		-6.2565167e-01		-6.2518702e-01		-4.6465493e-04
2.2000000e+02		2.2400000e+02		2.2200000e+02		-1.7386673e+00		-2.6829053e-01		7.2594175e-01		-4.6459430e-01		-4.6395645e-01		-6.3785136e-04
2.2400000e+02		2.2800000e+02		2.2600000e+02		-9.8550604e-01		-1.6191827e-01		4.3101086e-01		-2.8034759e-01		-2.7968022e-01		-6.6737070e-04
2.2800000e+02		2.3200000e+02		2.3000000e+02		1.8233360e+00		3.1819306e-01		8.3408839e-01		5.5079462e-01		5.4864578e-01		2.1488365e-03
2.3200000e+02		2.3600000e+02		2.3400000e+02		1.5146613e+00		2.8009015e-01		7.2366912e-01		4.8467490e-01		4.8172627e-01		2.9486296e-03
2.3600000e+02		2.4000000e+02		2.3800000e+02		3.7376296e-01		7.3069754e-02		1.8623163e-01		1.2638328e-01		1.2523581e-01		1.1474694e-03
2.4000000e+02		2.4400000e+02		2.4200000e+02		1.6291021e-01		3.3595280e-02		8.4524817e-02		5.8071823e-02		5.7314968e-02		7.5685462e-04
2.4400000e+02		2.4800000e+02		2.4600000e+02		4.7761812e-01		1.0367085e-01		2.5765377e-01		1.7906324e-01		1.7582677e-01		3.2364710e-03
2.4800000e+02		2.5200000e+02		2.5000000e+02		5.3703479e-01		1.2243585e-01		3.0075772e-01		2.1127178e-01		2.0613588e-01		5.1359036e-03
2.5200000e+02		2.5600000e+02		2.5400000e+02		5.7884470e-01		1.3832784e-01		3.3602771e-01		2.3841915e-01		2.3083371e-01		7.5854311e-03
2.5600000e+02		2.6000000e+02		2.5800000e+02		9.8324322e-01		2.4580302e-01		5.9076823e-01		4.2308744e-01		4.0589374e-01		1.7193699e-02
2.6000000e+02		2.6400000e+02		2.6200000e+02		1.3917039e+00		3.6325807e-01		8.6416846e-01		6.2428339e-01		5.9257426e-01		3.1709133e-02
2.6400000e+02		2.6800000e+02		2.6600000e+02		6.8020160e-01		1.8502815e-01		4.3586075e-01		3.1742533e-01		2.9766188e-01		1.9763452e-02
2.6800000e+02		2.7200000e+02		2.7000000e+02		9.3959400e-01		2.6588126e-01		6.2041988e-01		4.5524568e-01		4.2110162e-01		3.4144060e-02
2.7200000e+02		2.7600000e+02		2.7400000e+02		1.6785223e+00		4.9324608e-01		1.1405146e+00		8.4274869e-01		7.6779092e-01		7.4957769e-02
2.7600000e+02		2.8000000e+02		2.7800000e+02		3.2997863e+00		1.0052619e+00		2.3040866e+00		1.7136346e+00		1.5354093e+00		1.7822528e-01
2.8000000e+02		2.8400000e+02		2.8200000e+02		2.3735493e+00		7.4841504e-01		1.7009093e+00		1.2726864e+00		1.1198621e+00		1.5282427e-01
2.8400000e+02		2.8800000e+02		2.8600000e+02		8.9426513e-01		2.9139453e-01		6.5685663e-01		4.9424618e-01		4.2650434e-01		6.7741839e-02
2.8800000e+02		2.9200000e+02		2.9000000e+02		1.0135494e+00		3.4078213e-01		7.6215572e-01		5.7646505e-01		4.8721098e-01		8.9254071e-02
2.9200000e+02		2.9600000e+02		2.9400000e+02		9.7314666e-01		3.3713095e-01		7.4828456e-01		5.6870685e-01		4.7016814e-01		9.8538701e-02
2.9600000e+02		3.0000000e+02		2.9800000e+02		1.0742466e+00		3.8292157e-01		8.4372247e-01		6.4411113e-01		5.2027662e-01		1.2383450e-01
3.0000000e+02		3.0400000e+02		3.0200000e+02		2.8159598e+00		1.0314304e+00		2.2566740e+00		1.7299251e+00		1.3637350e+00		3.6619013e-01
3.0400000e+02		3.0800000e+02		3.0600000e+02		5.7927002e+00		2.1774534e+00		4.7318576e+00		3.6412905e+00		2.7985958e+00		8.4269464e-01
3.0800000e+02		3.1200000e+02		3.1000000e+02		6.6217034e+00		2.5513068e+00		5.5082229e+00		4.2538067e+00		3.1844190e+00		1.0693877e+00
3.1200000e+02		3.1600000e+02		3.1400000e+02		5.4274148e+00		2.1409445e+00		4.5933521e+00		3.5589751e+00		2.5927596e+00		9.6621551e-01
3.1600000e+02		3.2000000e+02		3.1800000e+02		4.6179906e+00		1.8629534e+00		3.9729094e+00		3.0876471e+00		2.1872480e+00		9.0039910e-01
3.2000000e+02		3.2400000e+02		3.2200000e+02		4.7471319e+00		1.9563932e+00		4.1480999e+00		3.2329178e+00		2.2252367e+00		1.0076812e+00
3.2400000e+02		3.2800000e+02		3.2600000e+02		5.8474662e+00		2.4594004e+00		5.1857309e+00		4.0522100e+00		2.7082665e+00		1.3439435e+00
3.2800000e+02		3.3200000e+02		3.3000000e+02		9.2231303e+00		3.9551052e+00		8.2951613e+00		6.4977087e+00		4.2141662e+00		2.2835425e+00
3.3200000e+02		3.3600000e+02		3.3400000e+02		9.0050625e+00		3.9335627e+00		8.2079437e+00		6.4438658e+00		4.0533099e+00		2.3905559e+00
3.3600000e+02		3.4000000e+02		3.3800000e+02		6.9520339e+00		3.0906622e+00		6.4176166e+00		5.0488424e+00		3.0785872e+00		1.9702552e+00
3.4000000e+02		3.4400000e+02		3.4200000e+02		4.2006519e+00		1.8990472e+00		3.9248342e+00		3.0937127e+00		1.8278619e+00		1.2658508e+00
3.4400000e+02		3.4800000e+02		3.4600000e+02		3.6430777e+00		1.6734921e+00		3.4431731e+00		2.7189293e+00		1.5559446e+00		1.1629847e+00
3.4800000e+02		3.5200000e+02		3.5000000e+02		5.1627693e+00		2.4079516e+00		4.9330535e+00		3.9019323e+00		2.1620118e+00		1.7399205e+00
3.5200000e+02		3.5600000e+02		3.5400000e+02		6.4210892e+00		3.0385986e+00		6.1994684e+00		4.9112493e+00		2.6340294e+00		2.2772199e+00
3.5600000e+02		3.6000000e+02		3.5800000e+02		6.4073280e+00		3.0743010e+00		6.2476638e+00		4.9565738e+00		2.5724462e+00		2.3841276e+00
3.6000000e+02		3.6400000e+02		3.6200000e+02		7.5231134e+00		3.6575622e+00		7.4050371e+00		5.8826633e+00		2.9537719e+00		2.9288915e+00
3.6400000e+02		3.6800000e+02		3.6600000e+02		1.1147687e+01		5.4882953e+00		1.1071548e+01		8.8063865e+00		4.2771678e+00		4.5292187e+00
3.6800000e+02		3.7200000e+02		3.7000000e+02		9.5264797e+00		4.7466909e+00		9.5425702e+00		7.5990682e+00		3.5694878e+00		4.0295803e+00
3.7200000e+02		3.7600000e+02		3.7400000e+02		9.1824157e+00		4.6278699e+00		9.2730892e+00		7.3924904e+00		3.3579005e+00		4.0345899e+00
3.7600000e+02		3.8000000e+02		3.7800000e+02		1.1375034e+01		5.7958150e+00		1.1576819e+01		9.2383697e+00		4.0575174e+00		5.1808523e+00
3.8000000e+02		3.8400000e+02		3.8200000e+02		1.2427650e+01		6.3984064e+00		1.2742006e+01		1.0177814e+01		4.3219047e+00		5.8559091e+00
3.8400000e+02		3.8800000e+02		3.8600000e+02		9.0582715e+00		4.7102436e+00		9.3531493e+00		7.4775299e+00		3.0698160e+00		4.4077139e+00
3.8800000e+02		3.9200000e+02		3.9000000e+02		8.9514397e+00		4.6990567e+00		9.3052570e+00		7.4453884e+00		2.9550332e+00		4.4903552e+00
3.9200000e+02		3.9600000e+02		3.9400000e+02		1.4048127e+01		7.4416684e+00		1.4697498e+01		1.1768958e+01		4.5157494e+00		7.2532089e+00
3.9600000e+02		4.0000000e+02		3.9800000e+02		2.7033869e+01		1.4445008e+01		2.8457462e+01		2.2803687e+01		8.4589728e+00		1.4344714e+01
