Left Bin Edge (nm)	Right Bin Edge (nm)	Bin Center (nm)		Top of Atm Intensity (erg/s/nm/cm2)		Total Surface Flux (erg/s/nm/cm2)		Total Intensity at BOA (erg/s/nm/cm2)		Total Surface Intensity (erg/s/nm/cm2)		Total Surface Diffuse Intensity (erg/s/nm/cm2)		Total Surface Direct Intensity (erg/s/nm/cm2)
1.2000000e+02		1.2100000e+02		1.2050000e+02		5.8397742e+02		0.0000000e+00		0.0000000e+00		0.0000000e+00		0.0000000e+00		0.0000000e+00
1.2400000e+02		1.2500000e+02		1.2450000e+02		4.1234565e+02		0.0000000e+00		0.0000000e+00		0.0000000e+00		0.0000000e+00		0.0000000e+00
1.2800000e+02		1.2900000e+02		1.2850000e+02		3.8849948e+02		0.0000000e+00		0.0000000e+00		0.0000000e+00		0.0000000e+00		0.0000000e+00
1.3200000e+02		1.3300000e+02		1.3250000e+02		3.8730057e+02		0.0000000e+00		0.0000000e+00		0.0000000e+00		0.0000000e+00		0.0000000e+00
1.3600000e+02		1.3700000e+02		1.3650000e+02		3.7242740e+02		0.0000000e+00		0.0000000e+00		0.0000000e+00		0.0000000e+00		0.0000000e+00
1.4000000e+02		1.4100000e+02		1.4050000e+02		5.3575257e+02		0.0000000e+00		0.0000000e+00		0.0000000e+00		0.0000000e+00		0.0000000e+00
1.4400000e+02		1.4500000e+02		1.4450000e+02		3.6622478e+02		0.0000000e+00		0.0000000e+00		0.0000000e+00		0.0000000e+00		0.0000000e+00
1.4800000e+02		1.4900000e+02		1.4850000e+02		4.1416493e+02		0.0000000e+00		0.0000000e+00		0.0000000e+00		0.0000000e+00		0.0000000e+00
1.5200000e+02		1.5300000e+02		1.5250000e+02		4.1503662e+02		0.0000000e+00		0.0000000e+00		0.0000000e+00		0.0000000e+00		0.0000000e+00
1.5600000e+02		1.5700000e+02		1.5650000e+02		4.1737298e+02		0.0000000e+00		0.0000000e+00		0.0000000e+00		0.0000000e+00		0.0000000e+00
1.6000000e+02		1.6100000e+02		1.6050000e+02		4.0702251e+02		0.0000000e+00		0.0000000e+00		0.0000000e+00		0.0000000e+00		0.0000000e+00
1.6400000e+02		1.6500000e+02		1.6450000e+02		4.6755916e+02		0.0000000e+00		0.0000000e+00		0.0000000e+00		0.0000000e+00		0.0000000e+00
1.6800000e+02		1.6900000e+02		1.6850000e+02		3.8573745e+02		0.0000000e+00		0.0000000e+00		0.0000000e+00		0.0000000e+00		0.0000000e+00
1.7200000e+02		1.7300000e+02		1.7250000e+02		3.9856362e+02		0.0000000e+00		0.0000000e+00		0.0000000e+00		0.0000000e+00		0.0000000e+00
1.7600000e+02		1.7700000e+02		1.7650000e+02		4.1195344e+02		0.0000000e+00		0.0000000e+00		0.0000000e+00		0.0000000e+00		0.0000000e+00
1.8000000e+02		1.8100000e+02		1.8050000e+02		4.1507482e+02		0.0000000e+00		0.0000000e+00		0.0000000e+00		0.0000000e+00		0.0000000e+00
1.8400000e+02		1.8500000e+02		1.8450000e+02		3.8989658e+02		0.0000000e+00		0.0000000e+00		0.0000000e+00		0.0000000e+00		0.0000000e+00
1.8800000e+02		1.8900000e+02		1.8850000e+02		3.8471072e+02		0.0000000e+00		0.0000000e+00		0.0000000e+00		0.0000000e+00		0.0000000e+00
1.9200000e+02		1.9300000e+02		1.9250000e+02		3.8878505e+02		-9.7456967e-114		0.0000000e+00		-1.6880042e-113		-1.6880042e-113		9.7391996e-152
1.9600000e+02		1.9700000e+02		1.9650000e+02		3.7933305e+02		2.4173396e-57		1.8379309e-45		3.6826343e-57		4.1774882e-58		3.2648855e-57
2.0000000e+02		2.0100000e+02		2.0050000e+02		3.6042391e+02		4.3384199e-02		1.6314623e-01		7.5138304e-02		7.5103774e-02		3.4530204e-05
2.0400000e+02		2.0500000e+02		2.0450000e+02		3.6844160e+02		4.1840843e+01		1.2407790e+02		7.2469905e+01		7.2466269e+01		3.6358280e-03
2.0800000e+02		2.0900000e+02		2.0850000e+02		3.3863516e+02		4.1425061e+01		1.2015185e+02		7.1748934e+01		7.1740018e+01		8.9158236e-03
2.1200000e+02		2.1300000e+02		2.1250000e+02		4.8127954e+02		6.3242897e+01		1.7967264e+02		1.0953520e+02		1.0950471e+02		3.0486844e-02
2.1600000e+02		2.1700000e+02		2.1650000e+02		4.6091861e+02		6.4885055e+01		1.8080172e+02		1.1237430e+02		1.1231013e+02		6.4167862e-02
2.2000000e+02		2.2100000e+02		2.2050000e+02		5.2692283e+02		7.9256208e+01		2.1687980e+02		1.3725278e+02		1.3710387e+02		1.4890552e-01
2.2400000e+02		2.2500000e+02		2.2450000e+02		5.6967790e+02		9.1322187e+01		2.4568926e+02		1.5812760e+02		1.5782289e+02		3.0470684e-01
2.2800000e+02		2.2900000e+02		2.2850000e+02		6.6306068e+02		1.1300275e+02		2.9920975e+02		1.9562903e+02		1.9499796e+02		6.3106367e-01
2.3200000e+02		2.3300000e+02		2.3250000e+02		8.3747566e+02		1.5137586e+02		3.9484899e+02		2.6198327e+02		2.6064045e+02		1.3428176e+00
2.3600000e+02		2.3700000e+02		2.3650000e+02		1.4782124e+03		2.8272239e+02		7.2709828e+02		4.8910196e+02		4.8529799e+02		3.8039729e+00
2.4000000e+02		2.4100000e+02		2.4050000e+02		1.7552469e+03		3.5442134e+02		8.9938322e+02		6.1280329e+02		6.0586021e+02		6.9430783e+00
2.4400000e+02		2.4500000e+02		2.4450000e+02		1.2296628e+03		2.6156126e+02		6.5537464e+02		4.5192607e+02		4.4473156e+02		7.1945131e+00
2.4800000e+02		2.4900000e+02		2.4850000e+02		1.4268490e+03		3.1904058e+02		7.8980888e+02		5.5075160e+02		5.3882105e+02		1.1930550e+01
2.5200000e+02		2.5300000e+02		2.5250000e+02		1.7702595e+03		4.1522825e+02		1.0161655e+03		7.1602795e+02		6.9551579e+02		2.0512160e+01
2.5600000e+02		2.5700000e+02		2.5650000e+02		1.2718337e+03		3.1231311e+02		7.5594038e+02		5.3787364e+02		5.1800842e+02		1.9865222e+01
2.6000000e+02		2.6100000e+02		2.6050000e+02		1.8031255e+03		4.6264706e+02		1.1080656e+03		7.9560786e+02		7.5857531e+02		3.7032557e+01
2.6400000e+02		2.6500000e+02		2.6450000e+02		9.7915601e+02		2.6201114e+02		6.2120638e+02		4.4982252e+02		4.2396546e+02		2.5857060e+01
2.6800000e+02		2.6900000e+02		2.6850000e+02		1.2518044e+03		3.4870199e+02		8.1872805e+02		5.9753538e+02		5.5588157e+02		4.1653808e+01
2.7200000e+02		2.7300000e+02		2.7250000e+02		1.6099964e+03		4.6604200e+02		1.0840194e+03		7.9696996e+02		7.3068792e+02		6.6282045e+01
2.7600000e+02		2.7700000e+02		2.7650000e+02		1.8718074e+03		5.6208461e+02		1.2956545e+03		9.5907362e+02		8.6529712e+02		9.3776498e+01
2.8000000e+02		2.8100000e+02		2.8050000e+02		1.9199257e+03		5.9710347e+02		1.3644397e+03		1.0164024e+03		9.0109571e+02		1.1530664e+02
2.8400000e+02		2.8500000e+02		2.8450000e+02		1.4021228e+03		4.5090616e+02		1.0217485e+03		7.6561077e+02		6.6603287e+02		9.9577898e+01
2.8800000e+02		2.8900000e+02		2.8850000e+02		1.4388215e+03		4.7772527e+02		1.0737925e+03		8.0900993e+02		6.8966804e+02		1.1934188e+02
2.9200000e+02		2.9300000e+02		2.9250000e+02		1.5823954e+03		5.4165093e+02		1.2080173e+03		9.1475550e+02		7.6319397e+02		1.5156153e+02
2.9600000e+02		2.9700000e+02		2.9650000e+02		1.5892873e+03		5.6005100e+02		1.2396998e+03		9.4316415e+02		7.6919529e+02		1.7396886e+02
3.0000000e+02		3.0100000e+02		3.0050000e+02		1.3464871e+03		4.8782125e+02		1.0720268e+03		8.1915626e+02		6.5229381e+02		1.6686245e+02
3.0400000e+02		3.0500000e+02		3.0450000e+02		1.3369360e+03		4.9732455e+02		1.0853221e+03		8.3266822e+02		6.4671940e+02		1.8594882e+02
3.0800000e+02		3.0900000e+02		3.0850000e+02		1.3129304e+03		5.0084507e+02		1.0857030e+03		8.3608100e+02		6.3275029e+02		2.0333071e+02
3.1200000e+02		3.1300000e+02		3.1250000e+02		1.2433463e+03		4.8581575e+02		1.0463584e+03		8.0857955e+02		5.9573293e+02		2.1284661e+02
3.1600000e+02		3.1700000e+02		3.1650000e+02		1.2506799e+03		4.9997912e+02		1.0702163e+03		8.2967610e+02		5.9459102e+02		2.3508507e+02
3.2000000e+02		3.2100000e+02		3.2050000e+02		1.3042744e+03		5.3288285e+02		1.1338851e+03		8.8165508e+02		6.1412355e+02		2.6753153e+02
3.2400000e+02		3.2500000e+02		3.2450000e+02		1.2836601e+03		5.3545437e+02		1.1328732e+03		8.8330199e+02		5.9759777e+02		2.8570421e+02
3.2800000e+02		3.2900000e+02		3.2850000e+02		1.7724124e+03		7.5408522e+02		1.5867253e+03		1.2403397e+03		8.1452874e+02		4.2581095e+02
3.3200000e+02		3.3300000e+02		3.3250000e+02		7.9819839e+02		3.4605372e+02		7.2434475e+02		5.6756365e+02		3.6157306e+02		2.0599059e+02
3.3600000e+02		3.3700000e+02		3.3650000e+02		7.9819839e+02		3.5231720e+02		7.3375491e+02		5.7620391e+02		3.5591652e+02		2.2028740e+02
3.4000000e+02		3.4100000e+02		3.4050000e+02		7.9819839e+02		3.5839024e+02		7.4281476e+02		5.8451133e+02		3.4990781e+02		2.3460353e+02
3.4400000e+02		3.4500000e+02		3.4450000e+02		7.9819839e+02		3.6427422e+02		7.5153404e+02		5.9249527e+02		3.4360131e+02		2.4889396e+02
3.4800000e+02		3.4900000e+02		3.4850000e+02		7.9819839e+02		3.6997112e+02		7.5992273e+02		6.0016547e+02		3.3704772e+02		2.6311775e+02
3.5200000e+02		3.5300000e+02		3.5250000e+02		7.9819839e+02		3.7548341e+02		7.6799103e+02		6.0753192e+02		3.3029393e+02		2.7723798e+02
3.5600000e+02		3.5700000e+02		3.5650000e+02		9.4905150e+02		4.5278481e+02		9.2235964e+02		7.3076013e+02		3.8449987e+02		3.4626026e+02
3.6000000e+02		3.6100000e+02		3.6050000e+02		9.4949068e+02		4.5912310e+02		9.3165861e+02		7.3917460e+02		3.7631699e+02		3.6285761e+02
3.6400000e+02		3.6500000e+02		3.6450000e+02		9.1401690e+02		4.4766947e+02		9.0506024e+02		7.1902009e+02		3.5411514e+02		3.6490495e+02
3.6800000e+02		3.6900000e+02		3.6850000e+02		9.5357393e+02		4.7278585e+02		9.5246046e+02		7.5760826e+02		3.6088647e+02		3.9672179e+02
3.7200000e+02		3.7300000e+02		3.7250000e+02		9.0746035e+02		4.5519718e+02		9.1392747e+02		7.2779249e+02		3.3527032e+02		3.9252218e+02
3.7600000e+02		3.7700000e+02		3.7650000e+02		8.8904104e+02		4.5094414e+02		9.0246204e+02		7.1943165e+02		3.2047218e+02		3.9895947e+02
3.8000000e+02		3.8100000e+02		3.8050000e+02		8.8664394e+02		4.5452537e+02		9.0681755e+02		7.2362651e+02		3.1166757e+02		4.1195894e+02
3.8400000e+02		3.8500000e+02		3.8450000e+02		8.0398367e+02		4.1634564e+02		8.2819057e+02		6.6150073e+02		2.7545936e+02		3.8604137e+02
3.8800000e+02		3.8900000e+02		3.8850000e+02		1.1628675e+03		6.0804463e+02		1.2060976e+03		9.6418785e+02		3.8817035e+02		5.7601751e+02
3.9200000e+02		3.9300000e+02		3.9250000e+02		7.5270516e+02		3.9722724e+02		7.8579722e+02		6.2870153e+02		2.4469840e+02		3.8400313e+02
3.9600000e+02		3.9700000e+02		3.9650000e+02		1.2406604e+03		6.6040140e+02		1.3030669e+03		1.0433266e+03		3.9256355e+02		6.5076309e+02
