Left Bin Edge (nm)	Right Bin Edge (nm)	Bin Center (nm)		Top of Atm Intensity (erg/s/nm/cm2)		Total Surface Flux (erg/s/nm/cm2)		Total Intensity at BOA (erg/s/nm/cm2)		Total Surface Intensity (erg/s/nm/cm2)		Total Surface Diffuse Intensity (erg/s/nm/cm2)		Total Surface Direct Intensity (erg/s/nm/cm2)
1.2000000e+02		1.2100000e+02		1.2050000e+02		2.4560908e+00		0.0000000e+00		0.0000000e+00		0.0000000e+00		0.0000000e+00		0.0000000e+00
1.2400000e+02		1.2500000e+02		1.2450000e+02		1.0385058e+00		0.0000000e+00		0.0000000e+00		0.0000000e+00		0.0000000e+00		0.0000000e+00
1.2800000e+02		1.2900000e+02		1.2850000e+02		4.4468485e-01		0.0000000e+00		0.0000000e+00		0.0000000e+00		0.0000000e+00		0.0000000e+00
1.3200000e+02		1.3300000e+02		1.3250000e+02		4.7757581e-01		0.0000000e+00		0.0000000e+00		0.0000000e+00		0.0000000e+00		0.0000000e+00
1.3600000e+02		1.3700000e+02		1.3650000e+02		4.9613233e-01		0.0000000e+00		0.0000000e+00		0.0000000e+00		0.0000000e+00		0.0000000e+00
1.4000000e+02		1.4100000e+02		1.4050000e+02		9.8275219e-01		0.0000000e+00		0.0000000e+00		0.0000000e+00		0.0000000e+00		0.0000000e+00
1.4400000e+02		1.4500000e+02		1.4450000e+02		5.0153606e-01		0.0000000e+00		0.0000000e+00		0.0000000e+00		0.0000000e+00		0.0000000e+00
1.4800000e+02		1.4900000e+02		1.4850000e+02		5.6796426e-01		0.0000000e+00		0.0000000e+00		0.0000000e+00		0.0000000e+00		0.0000000e+00
1.5200000e+02		1.5300000e+02		1.5250000e+02		5.7462269e-01		0.0000000e+00		0.0000000e+00		0.0000000e+00		0.0000000e+00		0.0000000e+00
1.5600000e+02		1.5700000e+02		1.5650000e+02		9.6263442e-01		0.0000000e+00		0.0000000e+00		0.0000000e+00		0.0000000e+00		0.0000000e+00
1.6000000e+02		1.6100000e+02		1.6050000e+02		1.1517474e+00		0.0000000e+00		0.0000000e+00		0.0000000e+00		0.0000000e+00		0.0000000e+00
1.6400000e+02		1.6500000e+02		1.6450000e+02		1.8997540e+00		0.0000000e+00		0.0000000e+00		0.0000000e+00		0.0000000e+00		0.0000000e+00
1.6800000e+02		1.6900000e+02		1.6850000e+02		7.8463279e-01		0.0000000e+00		0.0000000e+00		0.0000000e+00		0.0000000e+00		0.0000000e+00
1.7200000e+02		1.7300000e+02		1.7250000e+02		7.8050190e-01		0.0000000e+00		0.0000000e+00		0.0000000e+00		0.0000000e+00		0.0000000e+00
1.7600000e+02		1.7700000e+02		1.7650000e+02		9.0621888e-01		0.0000000e+00		0.0000000e+00		0.0000000e+00		0.0000000e+00		0.0000000e+00
1.8000000e+02		1.8100000e+02		1.8050000e+02		3.6581263e-01		0.0000000e+00		0.0000000e+00		0.0000000e+00		0.0000000e+00		0.0000000e+00
1.8400000e+02		1.8500000e+02		1.8450000e+02		3.4316932e-01		0.0000000e+00		0.0000000e+00		0.0000000e+00		0.0000000e+00		0.0000000e+00
1.8800000e+02		1.8900000e+02		1.8850000e+02		3.6557940e-01		1.9623920e-146		0.0000000e+00		3.0220236e-146		5.8178433e-147		2.4402393e-146
1.9200000e+02		1.9300000e+02		1.9250000e+02		3.9960212e-01		2.2800572e-51		3.0945971e-48		3.6721627e-51		1.8788332e-51		1.7933294e-51
1.9600000e+02		1.9700000e+02		1.9650000e+02		1.0182884e+00		9.6546729e-16		1.4164678e-14		1.6678194e-15		1.6392112e-15		2.8608123e-17
2.0000000e+02		2.0100000e+02		2.0050000e+02		1.2074726e+00		1.4685284e-04		5.4625970e-04		2.5433820e-04		2.5421915e-04		1.1905129e-07
2.0400000e+02		2.0500000e+02		2.0450000e+02		1.2331512e+00		1.4028845e-01		4.1355902e-01		2.4298480e-01		2.4297234e-01		1.2469146e-05
2.0800000e+02		2.0900000e+02		2.0850000e+02		1.3684242e+00		1.6769186e-01		4.8363453e-01		2.9044512e-01		2.9040828e-01		3.6838610e-05
2.1200000e+02		2.1300000e+02		2.1250000e+02		9.8919849e-01		1.3020999e-01		3.6793001e-01		2.2552044e-01		2.2545649e-01		6.3947597e-05
2.1600000e+02		2.1700000e+02		2.1650000e+02		1.6101488e+00		2.2704887e-01		6.2941457e-01		3.9322490e-01		3.9299652e-01		2.2837479e-04
2.2000000e+02		2.2100000e+02		2.2050000e+02		1.1588540e+00		1.7459598e-01		4.7542779e-01		3.0235764e-01		3.0202451e-01		3.3313684e-04
2.2400000e+02		2.2500000e+02		2.2450000e+02		9.9822736e-01		1.6028094e-01		4.2919755e-01		2.7753095e-01		2.7698855e-01		5.4240265e-04
2.2800000e+02		2.2900000e+02		2.2850000e+02		2.0232411e-01		3.4536234e-02		9.1038298e-02		5.9788333e-02		5.9592955e-02		1.9537807e-04
2.3200000e+02		2.3300000e+02		2.3250000e+02		1.6999125e+00		3.0774328e-01		7.9931571e-01		5.3260029e-01		5.2983780e-01		2.7624889e-03
2.3600000e+02		2.3700000e+02		2.3650000e+02		5.7137455e-01		1.0944795e-01		2.8033989e-01		1.8933945e-01		1.8785072e-01		1.4887351e-03
2.4000000e+02		2.4100000e+02		2.4050000e+02		1.1364392e+00		2.2981420e-01		5.8093986e-01		3.9734744e-01		3.9280003e-01		4.5474020e-03
2.4400000e+02		2.4500000e+02		2.4450000e+02		2.8671133e-01		6.1075451e-02		1.5247320e-01		1.0552388e-01		1.0382834e-01		1.6955352e-03
2.4800000e+02		2.4900000e+02		2.4850000e+02		5.1655448e-01		1.1566548e-01		2.8534347e-01		1.9966464e-01		1.9530229e-01		4.3623489e-03
2.5200000e+02		2.5300000e+02		2.5250000e+02		5.2078659e-01		1.2232482e-01		2.9836926e-01		2.1093200e-01		2.0484141e-01		6.0905961e-03
2.5600000e+02		2.5700000e+02		2.5650000e+02		5.2898456e-01		1.3007467e-01		3.1385013e-01		2.2400858e-01		2.1567444e-01		8.3341411e-03
2.6000000e+02		2.6100000e+02		2.6050000e+02		9.6144472e-01		2.4701476e-01		5.8984480e-01		4.2476724e-01		4.0486102e-01		1.9906224e-02
2.6400000e+02		2.6500000e+02		2.6450000e+02		6.2767848e-01		1.6817626e-01		3.9759752e-01		2.8871004e-01		2.7200899e-01		1.6701055e-02
2.6800000e+02		2.6900000e+02		2.6850000e+02		3.9163515e-01		1.0923052e-01		2.5577177e-01		1.8716555e-01		1.7404143e-01		1.3124126e-02
2.7200000e+02		2.7300000e+02		2.7250000e+02		5.6754351e-01		1.6448584e-01		3.8161144e-01		2.8126465e-01		2.5774406e-01		2.3520598e-02
2.7600000e+02		2.7700000e+02		2.7650000e+02		3.8702768e-01		1.1635810e-01		2.6755907e-01		1.9852435e-01		1.7901351e-01		1.9510837e-02
2.8000000e+02		2.8100000e+02		2.8050000e+02		5.4819255e+00		1.7068578e+00		3.8912531e+00		2.9052105e+00		2.5740485e+00		3.3116201e-01
2.8400000e+02		2.8500000e+02		2.8450000e+02		6.1389259e-01		1.9764081e-01		4.4685963e-01		3.3555228e-01		2.9171379e-01		4.3838494e-02
2.8800000e+02		2.8900000e+02		2.8850000e+02		4.4732941e-01		1.4868533e-01		3.3349831e-01		2.5176953e-01		2.1447374e-01		3.7295793e-02
2.9200000e+02		2.9300000e+02		2.9250000e+02		4.9315567e-01		1.6898312e-01		3.7611849e-01		2.8535550e-01		2.3789035e-01		4.7465144e-02
2.9600000e+02		2.9700000e+02		2.9650000e+02		5.0984662e-01		1.7984782e-01		3.9734145e-01		3.0284505e-01		2.4677833e-01		5.6066721e-02
3.0000000e+02		3.0100000e+02		3.0050000e+02		5.8300927e-01		2.1142696e-01		4.6378309e-01		3.5499354e-01		2.8243030e-01		7.2563237e-02
3.0400000e+02		3.0500000e+02		3.0450000e+02		7.4807931e-01		2.7854124e-01		6.0681409e-01		4.6630957e-01		3.6183483e-01		1.0447474e-01
3.0800000e+02		3.0900000e+02		3.0850000e+02		9.2687126e-01		3.5389969e-01		7.6589819e-01		5.9071336e-01		4.4661310e-01		1.4410026e-01
3.1200000e+02		3.1300000e+02		3.1250000e+02		1.9338371e+00		7.5628456e-01		1.6263397e+00		1.2585985e+00		9.2633057e-01		3.3226791e-01
3.1600000e+02		3.1700000e+02		3.1650000e+02		3.3281103e+00		1.3316080e+00		2.8460688e+00		2.2094454e+00		1.5816960e+00		6.2774939e-01
3.2000000e+02		3.2100000e+02		3.2050000e+02		4.4934665e+00		1.8374042e+00		3.9041077e+00		3.0396350e+00		2.1148972e+00		9.2473779e-01
3.2400000e+02		3.2500000e+02		3.2450000e+02		6.4864579e+00		2.7078727e+00		5.7213130e+00		4.4664708e+00		3.0182600e+00		1.4482108e+00
3.2800000e+02		3.2900000e+02		3.2850000e+02		7.4616045e+00		3.1770513e+00		6.6763875e+00		5.2250913e+00		3.4271601e+00		1.7979312e+00
3.3200000e+02		3.3300000e+02		3.3250000e+02		9.0303365e+00		3.9179732e+00		8.1907777e+00		6.4251316e+00		4.0880987e+00		2.3370328e+00
3.3600000e+02		3.3700000e+02		3.3650000e+02		7.1341817e+00		3.1512354e+00		6.5551775e+00		5.1531519e+00		3.1789713e+00		1.9741807e+00
3.4000000e+02		3.4100000e+02		3.4050000e+02		1.4956422e+01		6.7201027e+00		1.3912653e+01		1.0958794e+01		6.5516359e+00		4.4071580e+00
3.4400000e+02		3.4500000e+02		3.4450000e+02		3.0144405e+00		1.3766284e+00		2.8370610e+00		2.2388434e+00		1.2965976e+00		9.4224577e-01
3.4800000e+02		3.4900000e+02		3.4850000e+02		1.2501622e+01		5.7983660e+00		1.1897614e+01		9.4050239e+00		5.2744578e+00		4.1305661e+00
3.5200000e+02		3.5300000e+02		3.5250000e+02		5.8469671e+00		2.7522195e+00		5.6236839e+00		4.4525944e+00		2.4172901e+00		2.0353043e+00
3.5600000e+02		3.5700000e+02		3.5650000e+02		1.1587325e+01		5.5315689e+00		1.1257656e+01		8.9265522e+00		4.6900392e+00		4.2365130e+00
3.6000000e+02		3.6100000e+02		3.6050000e+02		7.4304694e+00		3.5950806e+00		7.2886201e+00		5.7873497e+00		2.9420207e+00		2.8453290e+00
3.6400000e+02		3.6500000e+02		3.6450000e+02		1.6347081e+01		8.0110347e+00		1.6182087e+01		1.2865485e+01		6.3267003e+00		6.5387851e+00
3.6800000e+02		3.6900000e+02		3.6850000e+02		1.4198364e+01		7.0434441e+00		1.4177821e+01		1.1285484e+01		5.3676310e+00		5.9178525e+00
3.7200000e+02		3.7300000e+02		3.7250000e+02		5.9600665e+00		2.9912416e+00		6.0009611e+00		4.7820627e+00		2.1995248e+00		2.5825379e+00
3.7600000e+02		3.7700000e+02		3.7650000e+02		1.5410188e+01		7.8204090e+00		1.5638938e+01		1.2475356e+01		5.5484259e+00		6.9269300e+00
3.8000000e+02		3.8100000e+02		3.8050000e+02		3.4869444e+01		1.7884092e+01		3.5654471e+01		2.8469567e+01		1.2242343e+01		1.6227224e+01
3.8400000e+02		3.8500000e+02		3.8450000e+02		2.6893363e+01		1.3933415e+01		2.7696965e+01		2.2135660e+01		9.2027391e+00		1.2932920e+01
3.8800000e+02		3.8900000e+02		3.8850000e+02		1.4220540e+01		7.4390920e+00		1.4746116e+01		1.1795210e+01		4.7408386e+00		7.0543714e+00
3.9200000e+02		3.9300000e+02		3.9250000e+02		1.3314913e+01		7.0298215e+00		1.3897550e+01		1.1125263e+01		4.3229227e+00		6.8023407e+00
3.9600000e+02		3.9700000e+02		3.9650000e+02		1.1114745e+01		5.9200831e+00		1.1673706e+01		9.3519641e+00		3.5130856e+00		5.8388785e+00
