Left Bin Edge (nm)	Right Bin Edge (nm)	Bin Center (nm)		Top of Atm Intensity (erg/s/nm/cm2)		Total Surface Flux (erg/s/nm/cm2)		Total Intensity at BOA (erg/s/nm/cm2)		Total Surface Intensity (erg/s/nm/cm2)		Total Surface Diffuse Intensity (erg/s/nm/cm2)		Total Surface Direct Intensity (erg/s/nm/cm2)
1.2000000e+02		1.2400000e+02		1.2200000e+02		8.0366998e+00		0.0000000e+00		0.0000000e+00		0.0000000e+00		0.0000000e+00		0.0000000e+00
1.2400000e+02		1.2800000e+02		1.2600000e+02		3.6130867e-02		0.0000000e+00		0.0000000e+00		0.0000000e+00		0.0000000e+00		0.0000000e+00
1.2800000e+02		1.3200000e+02		1.3000000e+02		1.1441395e-02		0.0000000e+00		0.0000000e+00		0.0000000e+00		0.0000000e+00		0.0000000e+00
1.3200000e+02		1.3600000e+02		1.3400000e+02		6.7865459e-02		0.0000000e+00		0.0000000e+00		0.0000000e+00		0.0000000e+00		0.0000000e+00
1.3600000e+02		1.4000000e+02		1.3800000e+02		2.4922982e-02		0.0000000e+00		0.0000000e+00		0.0000000e+00		0.0000000e+00		0.0000000e+00
1.4000000e+02		1.4400000e+02		1.4200000e+02		2.5513213e-02		0.0000000e+00		0.0000000e+00		0.0000000e+00		0.0000000e+00		0.0000000e+00
1.4400000e+02		1.4800000e+02		1.4600000e+02		1.6461786e-02		0.0000000e+00		0.0000000e+00		0.0000000e+00		0.0000000e+00		0.0000000e+00
1.4800000e+02		1.5200000e+02		1.5000000e+02		1.7416193e-02		0.0000000e+00		0.0000000e+00		0.0000000e+00		0.0000000e+00		0.0000000e+00
1.5200000e+02		1.5600000e+02		1.5400000e+02		1.2770979e-01		0.0000000e+00		0.0000000e+00		0.0000000e+00		0.0000000e+00		0.0000000e+00
1.5600000e+02		1.6000000e+02		1.5800000e+02		1.7640617e-02		0.0000000e+00		0.0000000e+00		0.0000000e+00		0.0000000e+00		0.0000000e+00
1.6000000e+02		1.6400000e+02		1.6200000e+02		2.2264855e-02		0.0000000e+00		0.0000000e+00		0.0000000e+00		0.0000000e+00		0.0000000e+00
1.6400000e+02		1.6800000e+02		1.6600000e+02		1.1522906e-01		0.0000000e+00		0.0000000e+00		0.0000000e+00		0.0000000e+00		0.0000000e+00
1.6800000e+02		1.7200000e+02		1.7000000e+02		1.1938598e-04		0.0000000e+00		0.0000000e+00		0.0000000e+00		0.0000000e+00		0.0000000e+00
1.7200000e+02		1.7600000e+02		1.7400000e+02		1.1938598e-04		0.0000000e+00		0.0000000e+00		0.0000000e+00		0.0000000e+00		0.0000000e+00
1.7600000e+02		1.8000000e+02		1.7800000e+02		1.1938598e-04		0.0000000e+00		0.0000000e+00		0.0000000e+00		0.0000000e+00		0.0000000e+00
1.8000000e+02		1.8400000e+02		1.8200000e+02		2.9244844e-02		0.0000000e+00		0.0000000e+00		0.0000000e+00		0.0000000e+00		0.0000000e+00
1.8400000e+02		1.8800000e+02		1.8600000e+02		2.1955700e-02		0.0000000e+00		0.0000000e+00		0.0000000e+00		0.0000000e+00		0.0000000e+00
1.8800000e+02		1.9200000e+02		1.9000000e+02		6.7709247e-02		9.6245938e-108		0.0000000e+00		1.4950949e-107		3.8202593e-108		1.1130690e-107
1.9200000e+02		1.9600000e+02		1.9400000e+02		1.1123925e-01		3.7733919e-35		6.0002908e-33		6.2792184e-35		4.6187584e-35		1.6604600e-35
1.9600000e+02		2.0000000e+02		1.9800000e+02		9.2967561e-02		1.0581656e-11		8.0217920e-11		1.8314558e-11		1.8227766e-11		8.6792125e-14
2.0000000e+02		2.0400000e+02		2.0200000e+02		4.9286048e-02		2.6909960e-04		8.6349593e-04		4.6608274e-04		4.6600868e-04		7.4058274e-08
2.0400000e+02		2.0800000e+02		2.0600000e+02		5.1540076e-02		6.0292002e-03		1.7626864e-02		1.0442764e-02		1.0442005e-02		7.5889158e-07
2.0800000e+02		2.1200000e+02		2.1000000e+02		6.4609367e-02		8.1328666e-03		2.3274749e-02		1.4086162e-02		1.4083728e-02		2.4339939e-06
2.1200000e+02		2.1600000e+02		2.1400000e+02		5.8847956e-02		7.9489785e-03		2.2299135e-02		1.3767240e-02		1.3762099e-02		5.1416689e-06
2.1600000e+02		2.2000000e+02		2.1800000e+02		5.5437492e-02		8.0140432e-03		2.2066235e-02		1.3879138e-02		1.3868830e-02		1.0307668e-05
2.2000000e+02		2.2400000e+02		2.2200000e+02		8.5801629e-02		1.3239890e-02		3.5824556e-02		2.2927301e-02		2.2895823e-02		3.1477377e-05
2.2400000e+02		2.2800000e+02		2.2600000e+02		9.0541473e-02		1.4875930e-02		3.9598294e-02		2.5756396e-02		2.5695083e-02		6.1313400e-05
2.2800000e+02		2.3200000e+02		2.3000000e+02		6.8675597e-02		1.1984680e-02		3.1415777e-02		2.0745572e-02		2.0664637e-02		8.0935509e-05
2.3200000e+02		2.3600000e+02		2.3400000e+02		2.3684713e-01		4.3797612e-02		1.1315992e-01		7.5788468e-02		7.5327392e-02		4.6107631e-04
2.3600000e+02		2.4000000e+02		2.3800000e+02		2.6652138e-01		5.2104285e-02		1.3279730e-01		9.0120878e-02		8.9302645e-02		8.1823282e-04
2.4000000e+02		2.4400000e+02		2.4200000e+02		1.3505146e-01		2.7850260e-02		7.0070500e-02		4.8141147e-02		4.7513720e-02		6.2742735e-04
2.4400000e+02		2.4800000e+02		2.4600000e+02		1.2403236e-01		2.6922220e-02		6.6909950e-02		4.6500825e-02		4.5660348e-02		8.4047719e-04
2.4800000e+02		2.5200000e+02		2.5000000e+02		1.6801655e-01		3.8305245e-02		9.4094974e-02		6.6098428e-02		6.4491611e-02		1.6068173e-03
2.5200000e+02		2.5600000e+02		2.5400000e+02		1.7551532e-01		4.1943298e-02		1.0188918e-01		7.2292642e-02		6.9992613e-02		2.3000286e-03
2.5600000e+02		2.6000000e+02		2.5800000e+02		2.7762428e-01		6.9403871e-02		1.6680675e-01		1.1946113e-01		1.1460639e-01		4.8547381e-03
2.6000000e+02		2.6400000e+02		2.6200000e+02		6.5544917e-01		1.7108323e-01		4.0699642e-01		2.9401802e-01		2.7908401e-01		1.4934013e-02
2.6400000e+02		2.6800000e+02		2.6600000e+02		4.2334879e-01		1.1515916e-01		2.7127416e-01		1.9756147e-01		1.8526095e-01		1.2300520e-02
2.6800000e+02		2.7200000e+02		2.7000000e+02		4.6401687e-01		1.3130500e-01		3.0639328e-01		2.2482229e-01		2.0796030e-01		1.6861985e-02
2.7200000e+02		2.7600000e+02		2.7400000e+02		6.7425751e-01		1.9813551e-01		4.5814139e-01		3.3852969e-01		3.0841937e-01		3.0110317e-02
2.7600000e+02		2.8000000e+02		2.7800000e+02		2.1801444e+00		6.6416910e-01		1.5222930e+00		1.1321857e+00		1.0144336e+00		1.1775213e-01
2.8000000e+02		2.8400000e+02		2.8200000e+02		1.7756763e+00		5.5989688e-01		1.2724675e+00		9.5210960e-01		8.3778021e-01		1.1432939e-01
2.8400000e+02		2.8800000e+02		2.8600000e+02		7.6409199e-01		2.4897787e-01		5.6124171e-01		4.2230154e-01		3.6442050e-01		5.7881041e-02
2.8800000e+02		2.9200000e+02		2.9000000e+02		1.4485567e+00		4.8704309e-01		1.0892669e+00		8.2387924e-01		6.9631803e-01		1.2756120e-01
2.9200000e+02		2.9600000e+02		2.9400000e+02		1.4573590e+00		5.0487850e-01		1.1206114e+00		8.5168051e-01		7.0411152e-01		1.4756898e-01
2.9600000e+02		3.0000000e+02		2.9800000e+02		1.4763082e+00		5.2623881e-01		1.1595051e+00		8.8518459e-01		7.1500216e-01		1.7018243e-01
3.0000000e+02		3.0400000e+02		3.0200000e+02		1.5875587e+00		5.8149136e-01		1.2722492e+00		9.7528299e-01		7.6883533e-01		2.0644766e-01
3.0400000e+02		3.0800000e+02		3.0600000e+02		1.9359703e+00		7.2772368e-01		1.5814276e+00		1.2169506e+00		9.3531484e-01		2.8163581e-01
3.0800000e+02		3.1200000e+02		3.1000000e+02		2.6810173e+00		1.0329816e+00		2.2301876e+00		1.7222954e+00		1.2893181e+00		4.3297725e-01
3.1200000e+02		3.1600000e+02		3.1400000e+02		3.3528051e+00		1.3225762e+00		2.8375598e+00		2.1985697e+00		1.6016866e+00		5.9688312e-01
3.1600000e+02		3.2000000e+02		3.1800000e+02		6.5248162e+00		2.6321900e+00		5.6133730e+00		4.3625748e+00		3.0903898e+00		1.2721851e+00
3.2000000e+02		3.2400000e+02		3.2200000e+02		5.7199662e+00		2.3573187e+00		4.9981740e+00		3.8954428e+00		2.6812565e+00		1.2141862e+00
3.2400000e+02		3.2800000e+02		3.2600000e+02		9.1182362e+00		3.8350617e+00		8.0863604e+00		6.3188066e+00		4.2231307e+00		2.0956759e+00
3.2800000e+02		3.3200000e+02		3.3000000e+02		1.2807260e+01		5.4920682e+00		1.1518680e+01		9.0227333e+00		5.8518008e+00		3.1709324e+00
3.3200000e+02		3.3600000e+02		3.3400000e+02		1.3603668e+01		5.9423109e+00		1.2399485e+01		9.7345478e+00		6.1232093e+00		3.6113385e+00
3.3600000e+02		3.4000000e+02		3.3800000e+02		1.6910809e+01		7.5180298e+00		1.5610840e+01		1.2281299e+01		7.4886573e+00		4.7926420e+00
3.4000000e+02		3.4400000e+02		3.4200000e+02		2.0940469e+01		9.4668495e+00		1.9565503e+01		1.5422319e+01		9.1119870e+00		6.3103323e+00
3.4400000e+02		3.4800000e+02		3.4600000e+02		2.0363582e+01		9.3542592e+00		1.9246182e+01		1.5197902e+01		8.6972084e+00		6.5006940e+00
3.4800000e+02		3.5200000e+02		3.5000000e+02		2.5522535e+01		1.1903888e+01		2.4386918e+01		1.9289493e+01		1.0688067e+01		8.6014265e+00
3.5200000e+02		3.5600000e+02		3.5400000e+02		3.4223755e+01		1.6195423e+01		3.3042538e+01		2.6176461e+01		1.4039110e+01		1.2137351e+01
3.5600000e+02		3.6000000e+02		3.5800000e+02		2.3609174e+01		1.1327921e+01		2.3020857e+01		1.8263559e+01		9.4787295e+00		8.7848295e+00
3.6000000e+02		3.6400000e+02		3.6200000e+02		2.7586704e+01		1.3412012e+01		2.7153727e+01		2.1571294e+01		1.0831264e+01		1.0740030e+01
3.6400000e+02		3.6800000e+02		3.6600000e+02		3.1383415e+01		1.5450869e+01		3.1169065e+01		2.4792092e+01		1.2041254e+01		1.2750838e+01
3.6800000e+02		3.7200000e+02		3.7000000e+02		3.1987858e+01		1.5938361e+01		3.2041886e+01		2.5516027e+01		1.1985568e+01		1.3530459e+01
3.7200000e+02		3.7600000e+02		3.7400000e+02		2.2803699e+01		1.1492896e+01		2.3028878e+01		1.8358581e+01		8.3390423e+00		1.0019539e+01
3.7600000e+02		3.8000000e+02		3.7800000e+02		3.9507899e+01		2.0130092e+01		4.0208741e+01		3.2086812e+01		1.4092616e+01		1.7994196e+01
3.8000000e+02		3.8400000e+02		3.8200000e+02		3.2158135e+01		1.6556695e+01		3.2971573e+01		2.6336396e+01		1.1183482e+01		1.5152914e+01
3.8400000e+02		3.8800000e+02		3.8600000e+02		3.6082762e+01		1.8762807e+01		3.7257380e+01		2.9786029e+01		1.2228320e+01		1.7557709e+01
3.8800000e+02		3.9200000e+02		3.9000000e+02		4.2252426e+01		2.2180404e+01		4.3922508e+01		3.5143589e+01		1.3948295e+01		2.1195294e+01
3.9200000e+02		3.9600000e+02		3.9400000e+02		3.9701245e+01		2.1030811e+01		4.1536425e+01		3.3260114e+01		1.2761906e+01		2.0498208e+01
3.9600000e+02		4.0000000e+02		3.9800000e+02		5.5819496e+01		2.9826033e+01		5.8758929e+01		4.7085022e+01		1.7466075e+01		2.9618946e+01
