Left Bin Edge (nm)	Right Bin Edge (nm)	Bin Center (nm)		Top of Atm Intensity (erg/s/nm/cm2)		Total Surface Flux (erg/s/nm/cm2)		Total Intensity at BOA (erg/s/nm/cm2)		Total Surface Intensity (erg/s/nm/cm2)		Total Surface Diffuse Intensity (erg/s/nm/cm2)		Total Surface Direct Intensity (erg/s/nm/cm2)
1.2000000e+02		1.2100000e+02		1.2050000e+02		1.3414373e-01		7.7907401e-02		1.4455726e-01		1.1688631e-01		1.2592881e-05		1.1687372e-01
1.2400000e+02		1.2500000e+02		1.2450000e+02		7.2156954e-02		2.8025098e-02		5.2749973e-02		4.2046578e-02		3.4995268e-06		4.2043079e-02
1.2800000e+02		1.2900000e+02		1.2850000e+02		2.5328988e-02		3.7050448e-03		7.2402532e-03		5.5587320e-03		3.4286825e-07		5.5583892e-03
1.3200000e+02		1.3300000e+02		1.3250000e+02		2.0267926e-02		1.0539474e-03		2.1510195e-03		1.5812495e-03		7.5305416e-08		1.5811742e-03
1.3600000e+02		1.3700000e+02		1.3650000e+02		1.2070798e-02		1.2019565e-03		2.3860775e-03		1.8033081e-03		7.8151566e-08		1.8032300e-03
1.4000000e+02		1.4100000e+02		1.4050000e+02		7.8782129e-02		1.0824517e-02		2.1206315e-02		1.6240128e-02		6.2730897e-07		1.6239501e-02
1.4400000e+02		1.4500000e+02		1.4450000e+02		1.8639721e-02		2.1344591e-03		4.2128196e-03		3.2023473e-03		1.0527646e-07		3.2022421e-03
1.4800000e+02		1.4900000e+02		1.4850000e+02		4.1658068e-02		5.4454730e-03		1.0689805e-02		8.1698858e-03		2.3733046e-07		8.1696485e-03
1.5200000e+02		1.5300000e+02		1.5250000e+02		2.4755140e-02		4.6881755e-03		9.0677419e-03		7.0337041e-03		1.8651250e-07		7.0335175e-03
1.5600000e+02		1.5700000e+02		1.5650000e+02		5.9673864e-02		1.7499203e-02		3.3281924e-02		2.6254175e-02		6.4900793e-07		2.6253526e-02
1.6000000e+02		1.6100000e+02		1.6050000e+02		2.4649813e-02		1.0275682e-02		1.9291541e-02		1.5416674e-02		3.5697132e-07		1.5416317e-02
1.6400000e+02		1.6500000e+02		1.6450000e+02		3.0217247e-01		1.5683303e-01		2.9214540e-01		2.3529759e-01		5.0534687e-06		2.3529254e-01
1.6800000e+02		1.6900000e+02		1.6850000e+02		3.4167579e-04		2.0707734e-04		3.8366160e-04		3.1067938e-04		6.1634958e-09		3.1067321e-04
1.7200000e+02		1.7300000e+02		1.7250000e+02		1.2985711e-03		8.3179701e-04		1.5381803e-03		1.2479497e-03		2.2437058e-08		1.2479273e-03
1.7600000e+02		1.7700000e+02		1.7650000e+02		6.9608424e-03		4.5794560e-03		8.4607191e-03		6.8705819e-03		1.1150407e-07		6.8704704e-03
1.8000000e+02		1.8100000e+02		1.8050000e+02		3.5997079e-01		2.3887894e-01		4.4120764e-01		3.5839125e-01		5.2408902e-06		3.5838601e-01
1.8400000e+02		1.8500000e+02		1.8450000e+02		1.5667052e-01		1.0430964e-01		1.9263755e-01		1.5649624e-01		2.0650395e-06		1.5649418e-01
1.8800000e+02		1.8900000e+02		1.8850000e+02		2.3471871e-03		1.5639697e-03		2.8882385e-03		2.3464306e-03		2.7996961e-08		2.3464026e-03
1.9200000e+02		1.9300000e+02		1.9250000e+02		4.7562041e-02		3.1698267e-02		5.8537875e-02		4.7557042e-02		5.1436213e-07		4.7556527e-02
1.9600000e+02		1.9700000e+02		1.9650000e+02		9.9445520e-02		6.6281706e-02		1.2240352e-01		9.9442707e-02		9.7733957e-07		9.9441730e-02
2.0000000e+02		2.0100000e+02		2.0050000e+02		1.3037688e-01		8.6899696e-02		1.6047897e-01		1.3037594e-01		1.1671136e-06		1.3037478e-01
2.0400000e+02		2.0500000e+02		2.0450000e+02		5.0679944e-02		3.3779679e-02		6.2381424e-02		5.0679775e-02		4.1415836e-07		5.0679361e-02
2.0800000e+02		2.0900000e+02		2.0850000e+02		1.3482903e-01		8.9867563e-02		1.6595972e-01		1.3482862e-01		1.0080213e-06		1.3482761e-01
2.1200000e+02		2.1300000e+02		2.1250000e+02		3.8465009e-02		2.5638082e-02		4.7346209e-02		3.8464902e-02		2.6364464e-07		3.8464638e-02
2.1600000e+02		2.1700000e+02		2.1650000e+02		5.4238520e-03		3.6151612e-03		6.6761687e-03		5.4238381e-03		3.4147161e-08		5.4238039e-03
2.2000000e+02		2.2100000e+02		2.2050000e+02		1.7238019e-01		1.1489663e-01		2.1218120e-01		1.7237978e-01		9.9869847e-07		1.7237878e-01
2.2400000e+02		2.2500000e+02		2.2450000e+02		6.0053364e-02		4.0027401e-02		7.3919151e-02		6.0053233e-02		3.2077910e-07		6.0052913e-02
2.2800000e+02		2.2900000e+02		2.2850000e+02		1.6806304e-01		1.1201917e-01		2.0686733e-01		1.6806270e-01		8.2903246e-07		1.6806187e-01
2.3200000e+02		2.3300000e+02		2.3250000e+02		1.7305302e-01		1.1534517e-01		2.1300948e-01		1.7305270e-01		7.8959382e-07		1.7305191e-01
2.3600000e+02		2.3700000e+02		2.3650000e+02		1.9892640e-01		1.3259060e-01		2.4485684e-01		1.9892606e-01		8.4100520e-07		1.9892522e-01
2.4000000e+02		2.4100000e+02		2.4050000e+02		2.5868971e-01		1.7242473e-01		3.1841903e-01		2.5868930e-01		1.0147711e-06		2.5868828e-01
2.4400000e+02		2.4500000e+02		2.4450000e+02		1.4274177e-01		9.5141837e-02		1.7569969e-01		1.4274156e-01		5.2032947e-07		1.4274104e-01
2.4800000e+02		2.4900000e+02		2.4850000e+02		2.9633864e-01		1.9751896e-01		3.6476087e-01		2.9633823e-01		1.0052668e-06		2.9633723e-01
2.5200000e+02		2.5300000e+02		2.5250000e+02		1.8462554e-01		1.2305871e-01		2.2725412e-01		1.8462530e-01		5.8349537e-07		1.8462472e-01
2.5600000e+02		2.5700000e+02		2.5650000e+02		2.4060091e-01		1.6036806e-01		2.9615379e-01		2.4060062e-01		7.0953651e-07		2.4059991e-01
2.6000000e+02		2.6100000e+02		2.6050000e+02		5.7360621e-01		3.8232659e-01		7.0604748e-01		5.7360557e-01		1.5802684e-06		5.7360399e-01
2.6400000e+02		2.6500000e+02		2.6450000e+02		4.2528530e-01		2.8346607e-01		5.2348044e-01		4.2528485e-01		1.0958832e-06		4.2528376e-01
2.6800000e+02		2.6900000e+02		2.6850000e+02		7.3938326e-01		4.9282231e-01		9.1010129e-01		7.3938253e-01		1.7839693e-06		7.3938075e-01
2.7200000e+02		2.7300000e+02		2.7250000e+02		5.0411640e-01		3.3600954e-01		6.2051312e-01		5.0411594e-01		1.1403331e-06		5.0411480e-01
2.7600000e+02		2.7700000e+02		2.7650000e+02		1.0492233e+00		6.9934059e-01		1.2914812e+00		1.0492224e+00		2.2272168e-06		1.0492202e+00
2.8000000e+02		2.8100000e+02		2.8050000e+02		4.9567971e+00		3.3038626e+00		6.1012852e+00		4.9567931e+00		9.8844153e-06		4.9567832e+00
2.8400000e+02		2.8500000e+02		2.8450000e+02		1.1419833e+00		7.6116818e-01		1.4056589e+00		1.1419824e+00		2.1415220e-06		1.1419803e+00
2.8800000e+02		2.8900000e+02		2.8850000e+02		2.1392650e+00		1.4258882e+00		2.6332059e+00		2.1392635e+00		3.7761836e-06		2.1392597e+00
2.9200000e+02		2.9300000e+02		2.9250000e+02		2.8747577e+00		1.9161176e+00		3.5385187e+00		2.8747558e+00		4.7811661e-06		2.8747510e+00
2.9600000e+02		2.9700000e+02		2.9650000e+02		2.0836468e+00		1.3888171e+00		2.5647460e+00		2.0836455e+00		3.2683804e-06		2.0836422e+00
3.0000000e+02		3.0100000e+02		3.0050000e+02		2.8904845e+00		1.9266002e+00		3.5578769e+00		2.8904828e+00		4.2797391e-06		2.8904785e+00
3.0400000e+02		3.0500000e+02		3.0450000e+02		2.9953636e+00		1.9965056e+00		3.6869720e+00		2.9953619e+00		4.1900898e-06		2.9953577e+00
3.0800000e+02		3.0900000e+02		3.0850000e+02		3.9996252e+00		2.6658782e+00		4.9231106e+00		3.9996230e+00		5.2896261e-06		3.9996178e+00
3.1200000e+02		3.1300000e+02		3.1250000e+02		5.7580683e+00		3.8379369e+00		7.0875661e+00		5.7580654e+00		7.2068384e-06		5.7580582e+00
3.1600000e+02		3.1700000e+02		3.1650000e+02		8.6845824e+00		5.7885524e+00		1.0689792e+01		8.6845782e+00		1.0292992e-05		8.6845679e+00
3.2000000e+02		3.2100000e+02		3.2050000e+02		1.4114177e+01		9.4075515e+00		1.7373043e+01		1.4114171e+01		1.5852588e-05		1.4114155e+01
3.2400000e+02		3.2500000e+02		3.2450000e+02		1.3294143e+01		8.8609729e+00		1.6363669e+01		1.3294137e+01		1.4159657e-05		1.3294123e+01
3.2800000e+02		3.2900000e+02		3.2850000e+02		2.4968584e+01		1.6642363e+01		3.0733659e+01		2.4968574e+01		2.5254266e-05		2.4968548e+01
3.3200000e+02		3.3300000e+02		3.3250000e+02		2.7853605e+01		1.8565322e+01		3.4284812e+01		2.7853594e+01		2.6750560e-05		2.7853567e+01
3.3600000e+02		3.3700000e+02		3.3650000e+02		1.2820117e+01		8.5450200e+00		1.5780195e+01		1.2820112e+01		1.1703561e-05		1.2820101e+01
3.4000000e+02		3.4100000e+02		3.4050000e+02		2.6289134e+01		1.7522553e+01		3.2359117e+01		2.6289125e+01		2.2826696e-05		2.6289102e+01
3.4400000e+02		3.4500000e+02		3.4450000e+02		7.3801803e+00		4.9191276e+00		9.0842140e+00		7.3801778e+00		6.0970103e-06		7.3801717e+00
3.4800000e+02		3.4900000e+02		3.4850000e+02		2.5260013e+01		1.6836612e+01		3.1092379e+01		2.5260005e+01		1.9874452e-05		2.5259985e+01
3.5200000e+02		3.5300000e+02		3.5250000e+02		1.3016193e+01		8.6757118e+00		1.6021544e+01		1.3016189e+01		9.7596643e-06		1.3016179e+01
3.5600000e+02		3.5700000e+02		3.5650000e+02		2.2381822e+01		1.4918205e+01		2.7549634e+01		2.2381815e+01		1.6000451e-05		2.2381799e+01
3.6000000e+02		3.6100000e+02		3.6050000e+02		1.6030999e+01		1.0685177e+01		1.9732449e+01		1.6030995e+01		1.0933373e-05		1.6030984e+01
3.6400000e+02		3.6500000e+02		3.6450000e+02		2.6638110e+01		1.7755159e+01		3.2788671e+01		2.6638103e+01		1.7337348e-05		2.6638086e+01
3.6800000e+02		3.6900000e+02		3.6850000e+02		2.6438846e+01		1.7622343e+01		3.2543399e+01		2.6438839e+01		1.6444439e-05		2.6438823e+01
3.7200000e+02		3.7300000e+02		3.7250000e+02		1.3042066e+01		8.6929577e+00		1.6053392e+01		1.3042063e+01		7.7493328e-06		1.3042055e+01
3.7600000e+02		3.7700000e+02		3.7650000e+02		2.7111104e+01		1.8070426e+01		3.3370878e+01		2.7111098e+01		1.5399768e-05		2.7111082e+01
3.8000000e+02		3.8100000e+02		3.8050000e+02		5.6170689e+01		3.7439577e+01		6.9140128e+01		5.6170677e+01		3.0531158e-05		5.6170646e+01
3.8400000e+02		3.8500000e+02		3.8450000e+02		4.5609753e+01		3.0400373e+01		5.6140743e+01		4.5609743e+01		2.3719756e-05		4.5609720e+01
3.8800000e+02		3.8900000e+02		3.8850000e+02		4.6562121e+01		3.1035157e+01		5.7313007e+01		4.6562112e+01		2.3192100e-05		4.6562088e+01
3.9200000e+02		3.9300000e+02		3.9250000e+02		5.0680660e+01		3.3780297e+01		6.2382490e+01		5.0680650e+01		2.4191967e-05		5.0680626e+01
3.9600000e+02		3.9700000e+02		3.9650000e+02		3.7312800e+01		2.4870187e+01		4.5928079e+01		3.7312793e+01		1.7062218e-05		3.7312776e+01
