Left Bin Edge (nm)	Right Bin Edge (nm)	Bin Center (nm)		Top of Atm Intensity (erg/s/nm/cm2)		Total Surface Flux (erg/s/nm/cm2)		Total Intensity at BOA (erg/s/nm/cm2)		Total Surface Intensity (erg/s/nm/cm2)		Total Surface Diffuse Intensity (erg/s/nm/cm2)		Total Surface Direct Intensity (erg/s/nm/cm2)
1.2000000e+02		1.2400000e+02		1.2200000e+02		9.8177077e+00		0.0000000e+00		0.0000000e+00		0.0000000e+00		0.0000000e+00		0.0000000e+00
1.2400000e+02		1.2800000e+02		1.2600000e+02		8.5268665e-02		0.0000000e+00		0.0000000e+00		0.0000000e+00		0.0000000e+00		0.0000000e+00
1.2800000e+02		1.3200000e+02		1.3000000e+02		4.2633707e-02		0.0000000e+00		0.0000000e+00		0.0000000e+00		0.0000000e+00		0.0000000e+00
1.3200000e+02		1.3600000e+02		1.3400000e+02		2.0691676e-01		0.0000000e+00		0.0000000e+00		0.0000000e+00		0.0000000e+00		0.0000000e+00
1.3600000e+02		1.4000000e+02		1.3800000e+02		6.3890989e-02		0.0000000e+00		0.0000000e+00		0.0000000e+00		0.0000000e+00		0.0000000e+00
1.4000000e+02		1.4400000e+02		1.4200000e+02		5.7859158e-02		0.0000000e+00		0.0000000e+00		0.0000000e+00		0.0000000e+00		0.0000000e+00
1.4400000e+02		1.4800000e+02		1.4600000e+02		4.6296753e-02		0.0000000e+00		0.0000000e+00		0.0000000e+00		0.0000000e+00		0.0000000e+00
1.4800000e+02		1.5200000e+02		1.5000000e+02		6.0458897e-02		0.0000000e+00		0.0000000e+00		0.0000000e+00		0.0000000e+00		0.0000000e+00
1.5200000e+02		1.5600000e+02		1.5400000e+02		4.0501379e-01		0.0000000e+00		0.0000000e+00		0.0000000e+00		0.0000000e+00		0.0000000e+00
1.5600000e+02		1.6000000e+02		1.5800000e+02		1.0241088e-01		0.0000000e+00		0.0000000e+00		0.0000000e+00		0.0000000e+00		0.0000000e+00
1.6000000e+02		1.6400000e+02		1.6200000e+02		8.0555783e-02		0.0000000e+00		0.0000000e+00		0.0000000e+00		0.0000000e+00		0.0000000e+00
1.6400000e+02		1.6800000e+02		1.6600000e+02		3.8317364e-01		0.0000000e+00		0.0000000e+00		0.0000000e+00		0.0000000e+00		0.0000000e+00
1.6800000e+02		1.7200000e+02		1.7000000e+02		6.0384329e-02		0.0000000e+00		0.0000000e+00		0.0000000e+00		0.0000000e+00		0.0000000e+00
1.7200000e+02		1.7600000e+02		1.7400000e+02		2.1792850e-02		0.0000000e+00		0.0000000e+00		0.0000000e+00		0.0000000e+00		0.0000000e+00
1.7600000e+02		1.8000000e+02		1.7800000e+02		1.2678953e-02		0.0000000e+00		0.0000000e+00		0.0000000e+00		0.0000000e+00		0.0000000e+00
1.8000000e+02		1.8400000e+02		1.8200000e+02		2.8510425e-01		0.0000000e+00		0.0000000e+00		0.0000000e+00		0.0000000e+00		0.0000000e+00
1.8400000e+02		1.8800000e+02		1.8600000e+02		3.2898348e-02		0.0000000e+00		0.0000000e+00		0.0000000e+00		0.0000000e+00		0.0000000e+00
1.8800000e+02		1.9200000e+02		1.9000000e+02		7.3139407e-02		1.0396469e-107		0.0000000e+00		1.6149988e-107		4.1266372e-108		1.2023351e-107
1.9200000e+02		1.9600000e+02		1.9400000e+02		5.5655366e-02		1.8879083e-35		3.0020733e-33		3.1416267e-35		2.3108632e-35		8.3076351e-36
1.9600000e+02		2.0000000e+02		1.9800000e+02		2.9105892e-02		3.3128601e-12		2.5114288e-11		5.7338447e-12		5.7066722e-12		2.7172513e-14
2.0000000e+02		2.0400000e+02		2.0200000e+02		3.9892238e-02		2.1780982e-04		6.9891555e-04		3.7724842e-04		3.7718847e-04		5.9942933e-08
2.0400000e+02		2.0800000e+02		2.0600000e+02		5.6242140e-02		6.5792515e-03		1.9234984e-02		1.1395470e-02		1.1394642e-02		8.2812618e-07
2.0800000e+02		2.1200000e+02		2.1000000e+02		2.9204295e-02		3.6761641e-03		1.0520497e-02		6.3671331e-03		6.3660329e-03		1.1001977e-06
2.1200000e+02		2.1600000e+02		2.1400000e+02		5.6840914e-02		7.6778742e-03		2.1538611e-02		1.3297701e-02		1.3292735e-02		4.9663095e-06
2.1600000e+02		2.2000000e+02		2.1800000e+02		6.9415493e-02		1.0034703e-02		2.7630013e-02		1.7378622e-02		1.7365715e-02		1.2906642e-05
2.2000000e+02		2.2400000e+02		2.2200000e+02		9.8228338e-02		1.5157433e-02		4.1013052e-02		2.6247877e-02		2.6211841e-02		3.6036267e-05
2.2400000e+02		2.2800000e+02		2.2600000e+02		1.4016770e-01		2.3029501e-02		6.1302314e-02		3.9873603e-02		3.9778684e-02		9.4919576e-05
2.2800000e+02		2.3200000e+02		2.3000000e+02		1.2516591e-01		2.1842888e-02		5.7257374e-02		3.7810206e-02		3.7662695e-02		1.4751043e-04
2.3200000e+02		2.3600000e+02		2.3400000e+02		5.1797104e-01		9.5782857e-02		2.4747424e-01		1.6574502e-01		1.6473667e-01		1.0083474e-03
2.3600000e+02		2.4000000e+02		2.3800000e+02		6.9572966e-01		1.3601347e-01		3.4665519e-01		2.3525230e-01		2.3311638e-01		2.1359219e-03
2.4000000e+02		2.4400000e+02		2.4200000e+02		3.4710968e-01		7.1580824e-02		1.8009542e-01		1.2373253e-01		1.2211991e-01		1.6126157e-03
2.4400000e+02		2.4800000e+02		2.4600000e+02		2.7204882e-01		5.9050381e-02		1.4675826e-01		1.0199350e-01		1.0015002e-01		1.8434772e-03
2.4800000e+02		2.5200000e+02		2.5000000e+02		3.7782077e-01		8.6137449e-02		2.1159246e-01		1.4863630e-01		1.4502304e-01		3.6132688e-03
2.5200000e+02		2.5600000e+02		2.5400000e+02		3.9993056e-01		9.5572321e-02		2.3216547e-01		1.6472657e-01		1.5948571e-01		5.2408629e-03
2.5600000e+02		2.6000000e+02		2.5800000e+02		5.8856036e-01		1.4713543e-01		3.5362843e-01		2.5325625e-01		2.4296426e-01		1.0291990e-02
2.6000000e+02		2.6400000e+02		2.6200000e+02		1.6007097e+00		4.1781210e-01		9.9394910e-01		7.1803814e-01		6.8156694e-01		3.6471204e-02
2.6400000e+02		2.6800000e+02		2.6600000e+02		6.7481339e-01		1.8356245e-01		4.3240808e-01		3.1491085e-01		2.9530395e-01		1.9606896e-02
2.6800000e+02		2.7200000e+02		2.7000000e+02		7.8694866e-01		2.2268650e-01		5.1962719e-01		3.8128700e-01		3.5268994e-01		2.8597056e-02
2.7200000e+02		2.7600000e+02		2.7400000e+02		1.2551073e+00		3.6882248e-01		8.5281453e-01		6.3016144e-01		5.7411212e-01		5.6049325e-02
2.7600000e+02		2.8000000e+02		2.7800000e+02		4.6406262e+00		1.4137415e+00		3.2403325e+00		2.4099553e+00		2.1593097e+00		2.5064560e-01
2.8000000e+02		2.8400000e+02		2.8200000e+02		4.2434705e+00		1.3380287e+00		3.0409136e+00		2.2753297e+00		2.0021079e+00		2.7322175e-01
2.8400000e+02		2.8800000e+02		2.8600000e+02		1.3251150e+00		4.3178611e-01		9.7332496e-01		7.3237008e-01		6.3199076e-01		1.0037932e-01
2.8800000e+02		2.9200000e+02		2.9000000e+02		2.1874290e+00		7.3547151e-01		1.6448745e+00		1.2441193e+00		1.0514923e+00		1.9262696e-01
2.9200000e+02		2.9600000e+02		2.9400000e+02		2.5689834e+00		8.8998282e-01		1.9753761e+00		1.5013137e+00		1.2411841e+00		2.6012964e-01
2.9600000e+02		3.0000000e+02		2.9800000e+02		2.5481507e+00		9.0830342e-01		2.0013394e+00		1.5278542e+00		1.2341144e+00		2.9373980e-01
3.0000000e+02		3.0400000e+02		3.0200000e+02		2.6194726e+00		9.5946101e-01		2.0992117e+00		1.6092174e+00		1.2685787e+00		3.4063874e-01
3.0400000e+02		3.0800000e+02		3.0600000e+02		3.3319489e+00		1.2524666e+00		2.7217545e+00		2.0944626e+00		1.6097464e+00		4.8471617e-01
3.0800000e+02		3.1200000e+02		3.1000000e+02		4.4304195e+00		1.7070169e+00		3.6854170e+00		2.8461178e+00		2.1306167e+00		7.1550112e-01
3.1200000e+02		3.1600000e+02		3.1400000e+02		5.6520824e+00		2.2295688e+00		4.7834937e+00		3.7062987e+00		2.7000868e+00		1.0062120e+00
3.1600000e+02		3.2000000e+02		3.1800000e+02		7.6806142e+00		3.0984530e+00		6.6077190e+00		5.1353560e+00		3.6378177e+00		1.4975384e+00
3.2000000e+02		3.2400000e+02		3.2200000e+02		1.0801902e+01		4.4516917e+00		9.4388295e+00		7.3563706e+00		5.0634338e+00		2.2929367e+00
3.2400000e+02		3.2800000e+02		3.2600000e+02		1.0684700e+01		4.4939046e+00		9.4755535e+00		7.4043435e+00		4.9486418e+00		2.4557018e+00
3.2800000e+02		3.3200000e+02		3.3000000e+02		1.7429173e+01		7.4740582e+00		1.5675568e+01		1.2278878e+01		7.9636120e+00		4.3152657e+00
3.3200000e+02		3.3600000e+02		3.3400000e+02		2.2191774e+01		9.6937400e+00		2.0227381e+01		1.5880047e+01		9.9888410e+00		5.8912057e+00
3.3600000e+02		3.4000000e+02		3.3800000e+02		2.4676141e+01		1.0970260e+01		2.2779235e+01		1.7920791e+01		1.0927399e+01		6.9933916e+00
3.4000000e+02		3.4400000e+02		3.4200000e+02		2.9069553e+01		1.3141878e+01		2.7160826e+01		2.1409259e+01		1.2649258e+01		8.7600014e+00
3.4400000e+02		3.4800000e+02		3.4600000e+02		2.7329921e+01		1.2554332e+01		2.5830261e+01		2.0397073e+01		1.1672505e+01		8.7245679e+00
3.4800000e+02		3.5200000e+02		3.5000000e+02		3.5574428e+01		1.6592161e+01		3.3991555e+01		2.6886541e+01		1.4897496e+01		1.1989045e+01
3.5200000e+02		3.5600000e+02		3.5400000e+02		4.4855318e+01		2.1226509e+01		4.3307158e+01		3.4308143e+01		1.8400340e+01		1.5907803e+01
3.5600000e+02		3.6000000e+02		3.5800000e+02		3.0588065e+01		1.4676464e+01		2.9825841e+01		2.3662282e+01		1.2280650e+01		1.1381632e+01
3.6000000e+02		3.6400000e+02		3.6200000e+02		3.6233132e+01		1.7615704e+01		3.5664448e+01		2.8332328e+01		1.4226079e+01		1.4106249e+01
3.6400000e+02		3.6800000e+02		3.6600000e+02		4.2517569e+01		2.0932501e+01		4.2227172e+01		3.3587788e+01		1.6313229e+01		1.7274558e+01
3.6800000e+02		3.7200000e+02		3.7000000e+02		4.2947155e+01		2.1398972e+01		4.3019694e+01		3.4258023e+01		1.6091920e+01		1.8166103e+01
3.7200000e+02		3.7600000e+02		3.7400000e+02		3.1536281e+01		1.5894054e+01		3.1847692e+01		2.5388924e+01		1.1532444e+01		1.3856480e+01
3.7600000e+02		3.8000000e+02		3.7800000e+02		5.1280944e+01		2.6128701e+01		5.2190631e+01		4.1648431e+01		1.8292106e+01		2.3356325e+01
3.8000000e+02		3.8400000e+02		3.8200000e+02		4.4085324e+01		2.2697438e+01		4.5200459e+01		3.6104349e+01		1.5331343e+01		2.0773006e+01
3.8400000e+02		3.8800000e+02		3.8600000e+02		4.3887216e+01		2.2821073e+01		4.5315895e+01		3.6228542e+01		1.4873222e+01		2.1355321e+01
3.8800000e+02		3.9200000e+02		3.9000000e+02		5.5547295e+01		2.9159543e+01		5.7742874e+01		4.6201639e+01		1.8337173e+01		2.7864466e+01
3.9200000e+02		3.9600000e+02		3.9400000e+02		5.3205576e+01		2.8184416e+01		5.5664990e+01		4.4573501e+01		1.7102853e+01		2.7470649e+01
3.9600000e+02		4.0000000e+02		3.9800000e+02		7.0333626e+01		3.7581368e+01		7.4037367e+01		5.9328022e+01		2.2007587e+01		3.7320435e+01
