Left Bin Edge (nm)	Right Bin Edge (nm)	Bin Center (nm)		Top of Atm Intensity (erg/s/nm/cm2)		Total Surface Flux (erg/s/nm/cm2)		Total Intensity at BOA (erg/s/nm/cm2)		Total Surface Intensity (erg/s/nm/cm2)		Total Surface Diffuse Intensity (erg/s/nm/cm2)		Total Surface Direct Intensity (erg/s/nm/cm2)
1.2000000e+02		1.2400000e+02		1.2200000e+02		3.8969586e+00		0.0000000e+00		0.0000000e+00		0.0000000e+00		0.0000000e+00		0.0000000e+00
1.2400000e+02		1.2800000e+02		1.2600000e+02		2.2293128e-02		0.0000000e+00		0.0000000e+00		0.0000000e+00		0.0000000e+00		0.0000000e+00
1.2800000e+02		1.3200000e+02		1.3000000e+02		1.2441644e-02		0.0000000e+00		0.0000000e+00		0.0000000e+00		0.0000000e+00		0.0000000e+00
1.3200000e+02		1.3600000e+02		1.3400000e+02		2.6633574e-02		0.0000000e+00		0.0000000e+00		0.0000000e+00		0.0000000e+00		0.0000000e+00
1.3600000e+02		1.4000000e+02		1.3800000e+02		1.1864896e-02		0.0000000e+00		0.0000000e+00		0.0000000e+00		0.0000000e+00		0.0000000e+00
1.4000000e+02		1.4400000e+02		1.4200000e+02		1.2415920e-02		0.0000000e+00		0.0000000e+00		0.0000000e+00		0.0000000e+00		0.0000000e+00
1.4400000e+02		1.4800000e+02		1.4600000e+02		7.3663822e-03		0.0000000e+00		0.0000000e+00		0.0000000e+00		0.0000000e+00		0.0000000e+00
1.4800000e+02		1.5200000e+02		1.5000000e+02		9.3901062e-03		0.0000000e+00		0.0000000e+00		0.0000000e+00		0.0000000e+00		0.0000000e+00
1.5200000e+02		1.5600000e+02		1.5400000e+02		7.7256304e-02		0.0000000e+00		0.0000000e+00		0.0000000e+00		0.0000000e+00		0.0000000e+00
1.5600000e+02		1.6000000e+02		1.5800000e+02		1.0680660e-02		0.0000000e+00		0.0000000e+00		0.0000000e+00		0.0000000e+00		0.0000000e+00
1.6000000e+02		1.6400000e+02		1.6200000e+02		7.1386536e-03		0.0000000e+00		0.0000000e+00		0.0000000e+00		0.0000000e+00		0.0000000e+00
1.6400000e+02		1.6800000e+02		1.6600000e+02		6.3033458e-03		0.0000000e+00		0.0000000e+00		0.0000000e+00		0.0000000e+00		0.0000000e+00
1.6800000e+02		1.7200000e+02		1.7000000e+02		9.2825129e-04		0.0000000e+00		0.0000000e+00		0.0000000e+00		0.0000000e+00		0.0000000e+00
1.7200000e+02		1.7600000e+02		1.7400000e+02		2.1744076e-02		0.0000000e+00		0.0000000e+00		0.0000000e+00		0.0000000e+00		0.0000000e+00
1.7600000e+02		1.8000000e+02		1.7800000e+02		8.3160347e-02		0.0000000e+00		0.0000000e+00		0.0000000e+00		0.0000000e+00		0.0000000e+00
1.8000000e+02		1.8400000e+02		1.8200000e+02		2.4851859e-02		0.0000000e+00		0.0000000e+00		0.0000000e+00		0.0000000e+00		0.0000000e+00
1.8400000e+02		1.8800000e+02		1.8600000e+02		4.3116223e-04		0.0000000e+00		0.0000000e+00		0.0000000e+00		0.0000000e+00		0.0000000e+00
1.8800000e+02		1.9200000e+02		1.9000000e+02		1.2846357e-02		1.8260573e-108		0.0000000e+00		2.8366174e-108		7.2481111e-109		2.1118063e-108
1.9200000e+02		1.9600000e+02		1.9400000e+02		1.4344165e-02		4.8657426e-36		7.7373015e-34		8.0969752e-36		5.9558324e-36		2.1411428e-36
1.9600000e+02		2.0000000e+02		1.9800000e+02		2.9919209e-02		3.4054326e-12		2.5816066e-11		5.8940677e-12		5.8661359e-12		2.7931804e-14
2.0000000e+02		2.0400000e+02		2.0200000e+02		3.0778649e-02		1.6805004e-04		5.3924466e-04		2.9106406e-04		2.9101781e-04		4.6248659e-08
2.0400000e+02		2.0800000e+02		2.0600000e+02		3.3480434e-02		3.9165685e-03		1.1450411e-02		6.7836195e-03		6.7831265e-03		4.9297598e-07
2.0800000e+02		2.1200000e+02		2.1000000e+02		4.1668493e-02		5.2451264e-03		1.5010575e-02		9.0845829e-03		9.0830132e-03		1.5697547e-06
2.1200000e+02		2.1600000e+02		2.1400000e+02		3.9878971e-02		5.3867136e-03		1.5111257e-02		9.3295234e-03		9.3260391e-03		3.4843091e-06
2.1600000e+02		2.2000000e+02		2.1800000e+02		1.4065195e-02		2.0332644e-03		5.5984839e-03		3.5213133e-03		3.5186982e-03		2.6151862e-06
2.2000000e+02		2.2400000e+02		2.2200000e+02		1.1067655e-02		1.7078293e-03		4.6210525e-03		2.9574200e-03		2.9533597e-03		4.0603045e-06
2.2400000e+02		2.2800000e+02		2.2600000e+02		2.6169753e-02		4.2996807e-03		1.1445336e-02		7.4445279e-03		7.4268061e-03		1.7721785e-05
2.2800000e+02		2.3200000e+02		2.3000000e+02		1.5415279e-02		2.6901431e-03		7.0517476e-03		4.6566583e-03		4.6384911e-03		1.8167202e-05
2.3200000e+02		2.3600000e+02		2.3400000e+02		8.9833387e-02		1.6611930e-02		4.2920254e-02		2.8745693e-02		2.8570812e-02		1.7488093e-04
2.3600000e+02		2.4000000e+02		2.3800000e+02		1.3171174e-01		2.5749327e-02		6.5626867e-02		4.4536681e-02		4.4132320e-02		4.0436106e-04
2.4000000e+02		2.4400000e+02		2.4200000e+02		7.4021208e-02		1.5264625e-02		3.8405383e-02		2.6385986e-02		2.6042095e-02		3.4389062e-04
2.4400000e+02		2.4800000e+02		2.4600000e+02		5.7775518e-02		1.2540640e-02		3.1167326e-02		2.1660551e-02		2.1269048e-02		3.9150271e-04
2.4800000e+02		2.5200000e+02		2.5000000e+02		4.6862417e-02		1.0683926e-02		2.6244545e-02		1.8435875e-02		1.7987709e-02		4.4816622e-04
2.5200000e+02		2.5600000e+02		2.5400000e+02		8.3632494e-02		1.9985849e-02		4.8549871e-02		3.4447215e-02		3.3351258e-02		1.0959563e-03
2.5600000e+02		2.6000000e+02		2.5800000e+02		1.3044888e-01		3.2611187e-02		7.8378423e-02		5.6131872e-02		5.3850749e-02		2.2811231e-03
2.6000000e+02		2.6400000e+02		2.6200000e+02		3.1006398e-01		8.0931903e-02		1.9253198e-01		1.3908691e-01		1.3202229e-01		7.0646205e-03
2.6400000e+02		2.6800000e+02		2.6600000e+02		2.9782771e-01		8.1014967e-02		1.9084255e-01		1.3898535e-01		1.3033188e-01		8.6534694e-03
2.6800000e+02		2.7200000e+02		2.7000000e+02		3.1185882e-01		8.8248132e-02		2.0592236e-01		1.5109971e-01		1.3976702e-01		1.1332689e-02
2.7200000e+02		2.7600000e+02		2.7400000e+02		4.4140722e-01		1.2971075e-01		2.9992535e-01		2.2162074e-01		2.0190882e-01		1.9711922e-02
2.7600000e+02		2.8000000e+02		2.7800000e+02		1.2179031e+00		3.7102754e-01		8.5040485e-01		6.3247758e-01		5.6669722e-01		6.5780359e-02
2.8000000e+02		2.8400000e+02		2.8200000e+02		1.0756692e+00		3.3917433e-01		7.7083537e-01		5.7676896e-01		5.0751050e-01		6.9258457e-02
2.8400000e+02		2.8800000e+02		2.8600000e+02		5.3002385e-01		1.7270723e-01		3.8931372e-01		2.9293579e-01		2.5278574e-01		4.0150051e-02
2.8800000e+02		2.9200000e+02		2.9000000e+02		1.1296654e+00		3.7982340e-01		8.4947113e-01		6.4250703e-01		5.4302768e-01		9.9479350e-02
2.9200000e+02		2.9600000e+02		2.9400000e+02		1.1279428e+00		3.9075757e-01		8.6731242e-01		6.5916970e-01		5.4495668e-01		1.1421302e-01
2.9600000e+02		3.0000000e+02		2.9800000e+02		1.0785521e+00		3.8445629e-01		8.4710405e-01		6.4669268e-01		5.2236185e-01		1.2433082e-01
3.0000000e+02		3.0400000e+02		3.0200000e+02		1.1033594e+00		4.0413873e-01		8.8421805e-01		6.7782543e-01		5.3434351e-01		1.4348192e-01
3.0400000e+02		3.0800000e+02		3.0600000e+02		1.4604631e+00		5.4898238e-01		1.1930021e+00		9.1804689e-01		7.0558562e-01		2.1246127e-01
3.0800000e+02		3.1200000e+02		3.1000000e+02		2.0903435e+00		8.0539813e-01		1.7388393e+00		1.3428444e+00		1.0052594e+00		3.3758499e-01
3.1200000e+02		3.1600000e+02		3.1400000e+02		2.6888006e+00		1.0606473e+00		2.2755968e+00		1.7631552e+00		1.2844814e+00		4.7867372e-01
3.1600000e+02		3.2000000e+02		3.1800000e+02		4.5993146e+00		1.8554193e+00		3.9568422e+00		3.0751601e+00		2.1784023e+00		8.9675772e-01
3.2000000e+02		3.2400000e+02		3.2200000e+02		7.4736465e+00		3.0800474e+00		6.5305606e+00		5.0897438e+00		3.5033011e+00		1.5864427e+00
3.2400000e+02		3.2800000e+02		3.2600000e+02		4.2815708e+00		1.8007965e+00		3.7970419e+00		2.9670670e+00		1.9830187e+00		9.8404831e-01
3.2800000e+02		3.3200000e+02		3.3000000e+02		5.0903070e+00		2.1828489e+00		4.5781548e+00		3.5861287e+00		2.3258264e+00		1.2603023e+00
3.3200000e+02		3.3600000e+02		3.3400000e+02		1.4459691e+01		6.3162361e+00		1.3179734e+01		1.0347103e+01		6.5085177e+00		3.8385852e+00
3.3600000e+02		3.4000000e+02		3.3800000e+02		1.6229446e+01		7.2151166e+00		1.4981855e+01		1.1786467e+01		7.1869276e+00		4.5995389e+00
3.4000000e+02		3.4400000e+02		3.4200000e+02		1.8568598e+01		8.3945648e+00		1.7349371e+01		1.3675474e+01		8.0798966e+00		5.5955778e+00
3.4400000e+02		3.4800000e+02		3.4600000e+02		1.9434447e+01		8.9274498e+00		1.8368031e+01		1.4504463e+01		8.3003783e+00		6.2040850e+00
3.4800000e+02		3.5200000e+02		3.5000000e+02		2.3442297e+01		1.0933651e+01		2.2399239e+01		1.7717285e+01		9.8169258e+00		7.9003592e+00
3.5200000e+02		3.5600000e+02		3.5400000e+02		3.2363041e+01		1.5314892e+01		3.1246046e+01		2.4753271e+01		1.3275816e+01		1.1477455e+01
3.5600000e+02		3.6000000e+02		3.5800000e+02		2.3197064e+01		1.1130187e+01		2.2619016e+01		1.7944759e+01		9.3132736e+00		8.6314858e+00
3.6000000e+02		3.6400000e+02		3.6200000e+02		2.7197616e+01		1.3222846e+01		2.6770746e+01		2.1267049e+01		1.0678498e+01		1.0588550e+01
3.6400000e+02		3.6800000e+02		3.6600000e+02		2.9095652e+01		1.4324544e+01		2.8896927e+01		2.2984818e+01		1.1163480e+01		1.1821338e+01
3.6800000e+02		3.7200000e+02		3.7000000e+02		3.0161376e+01		1.5028293e+01		3.0212319e+01		2.4059082e+01		1.1301201e+01		1.2757880e+01
3.7200000e+02		3.7600000e+02		3.7400000e+02		2.2436947e+01		1.1308056e+01		2.2658505e+01		1.8063320e+01		8.2049254e+00		9.8583948e+00
3.7600000e+02		3.8000000e+02		3.7800000e+02		3.8262131e+01		1.9495347e+01		3.8940874e+01		3.1075047e+01		1.3648246e+01		1.7426801e+01
3.8000000e+02		3.8400000e+02		3.8200000e+02		3.2368213e+01		1.6664855e+01		3.3186965e+01		2.6508442e+01		1.1256539e+01		1.5251903e+01
3.8400000e+02		3.8800000e+02		3.8600000e+02		3.3135415e+01		1.7230205e+01		3.4214086e+01		2.7353017e+01		1.1229474e+01		1.6123543e+01
3.8800000e+02		3.9200000e+02		3.9000000e+02		4.2139619e+01		2.2121186e+01		4.3805242e+01		3.5049762e+01		1.3911055e+01		2.1138707e+01
3.9200000e+02		3.9600000e+02		3.9400000e+02		4.0298066e+01		2.1346963e+01		4.2160833e+01		3.3760106e+01		1.2953753e+01		2.0806353e+01
3.9600000e+02		4.0000000e+02		3.9800000e+02		5.4704860e+01		2.9230449e+01		5.7585596e+01		4.6144801e+01		1.7117303e+01		2.9027498e+01
