Left Bin Edge (nm)	Right Bin Edge (nm)	Bin Center (nm)		Top of Atm Intensity (erg/s/nm/cm2)		Total Surface Flux (erg/s/nm/cm2)		Total Intensity at BOA (erg/s/nm/cm2)		Total Surface Intensity (erg/s/nm/cm2)		Total Surface Diffuse Intensity (erg/s/nm/cm2)		Total Surface Direct Intensity (erg/s/nm/cm2)
1.2000000e+02		1.2400000e+02		1.2200000e+02		7.7936060e+02		4.0734472e+02		7.5861484e+02		6.1114815e+02		6.0210966e-02		6.1108794e+02
1.2400000e+02		1.2800000e+02		1.2600000e+02		1.5150754e+01		4.2549039e+00		8.1057057e+00		6.3837043e+00		4.7410918e-04		6.3832302e+00
1.2800000e+02		1.3200000e+02		1.3000000e+02		1.3642586e+01		1.1822421e+00		2.3606230e+00		1.7737332e+00		9.7791151e-05		1.7736354e+00
1.3200000e+02		1.3600000e+02		1.3400000e+02		2.0360323e+01		1.2830394e+00		2.5968561e+00		1.9249583e+00		8.8051663e-05		1.9248702e+00
1.3600000e+02		1.4000000e+02		1.3800000e+02		8.8232915e+00		1.1025345e+00		2.1683262e+00		1.6541441e+00		6.9413377e-05		1.6540746e+00
1.4000000e+02		1.4400000e+02		1.4200000e+02		1.0005579e+01		1.2916856e+00		2.5369506e+00		1.9379279e+00		7.0527567e-05		1.9378573e+00
1.4400000e+02		1.4800000e+02		1.4600000e+02		6.7344260e+00		8.1019980e-01		1.5958688e+00		1.2155495e+00		3.8159932e-05		1.2155113e+00
1.4800000e+02		1.5200000e+02		1.5000000e+02		9.4645463e+00		1.3592389e+00		2.6581252e+00		2.0392764e+00		5.6952257e-05		2.0392195e+00
1.5200000e+02		1.5600000e+02		1.5400000e+02		4.7123873e+01		1.0208368e+01		1.9641360e+01		1.5315687e+01		3.9364569e-04		1.5315294e+01
1.5600000e+02		1.6000000e+02		1.5800000e+02		1.3073742e+01		4.3485967e+00		8.2318174e+00		6.5242293e+00		1.5702014e-04		6.5240723e+00
1.6000000e+02		1.6400000e+02		1.6200000e+02		1.4775299e+01		6.7484025e+00		1.2627909e+01		1.0124672e+01		2.2818865e-04		1.0124444e+01
1.6400000e+02		1.6800000e+02		1.6600000e+02		2.6899801e+01		1.4972794e+01		2.7822780e+01		2.2463776e+01		4.6946039e-04		2.2463306e+01
1.6800000e+02		1.7200000e+02		1.7000000e+02		9.1983582e+00		5.6910417e+00		1.0536559e+01		8.5383031e+00		1.6327145e-04		8.5381398e+00
1.7200000e+02		1.7600000e+02		1.7400000e+02		1.1372305e+01		7.3713257e+00		1.3625720e+01		1.1059240e+01		1.9147939e-04		1.1059049e+01
1.7600000e+02		1.8000000e+02		1.7800000e+02		5.6112959e+00		3.7060101e+00		6.8460847e+00		5.5601460e+00		8.6812844e-05		5.5600591e+00
1.8000000e+02		1.8400000e+02		1.8200000e+02		1.4296353e+01		9.5014572e+00		1.7548220e+01		1.4255082e+01		2.0063365e-04		1.4254882e+01
1.8400000e+02		1.8800000e+02		1.8600000e+02		7.7686614e+00		5.1737654e+00		9.5547426e+00		7.7622238e+00		9.8649729e-05		7.7621252e+00
1.8800000e+02		1.9200000e+02		1.9000000e+02		8.1862416e+00		5.4551213e+00		1.0074135e+01		8.1843420e+00		9.4139652e-05		8.1842479e+00
1.9200000e+02		1.9600000e+02		1.9400000e+02		4.8376792e+00		3.2242483e+00		5.9542811e+00		4.8373529e+00		5.0482850e-05		4.8373024e+00
1.9600000e+02		2.0000000e+02		1.9800000e+02		2.4899171e+00		1.6595783e+00		3.0647694e+00		2.4898718e+00		2.3632580e-05		2.4898481e+00
2.0000000e+02		2.0400000e+02		2.0200000e+02		3.9400370e+00		2.6261471e+00		4.8497445e+00		3.9400183e+00		3.4090968e-05		3.9399842e+00
2.0400000e+02		2.0800000e+02		2.0600000e+02		3.5731557e-02		2.3816141e-02		4.3981612e-02		3.5731442e-02		2.8246239e-07		3.5731159e-02
2.0800000e+02		2.1200000e+02		2.1000000e+02		1.3763140e-01		9.1735438e-02		1.6940914e-01		1.3763099e-01		9.9608793e-07		1.3763000e-01
2.1200000e+02		2.1600000e+02		2.1400000e+02		1.3049428e-01		8.6978362e-02		1.6062417e-01		1.3049393e-01		8.6647787e-07		1.3049306e-01
2.1600000e+02		2.2000000e+02		2.1800000e+02		-2.4990428e+00		-1.6656877e+00		3.0760486e+00		-2.4990366e+00		-1.5252605e-05		-2.4990213e+00
2.2000000e+02		2.2400000e+02		2.2200000e+02		-1.7386673e+00		-1.1588747e+00		2.1401099e+00		-1.7386633e+00		-9.7721349e-06		-1.7386535e+00
2.2400000e+02		2.2800000e+02		2.2600000e+02		-9.8550604e-01		-6.5686993e-01		1.2130507e+00		-9.8550396e-01		-5.1098665e-06		-9.8549885e-01
2.2800000e+02		2.3200000e+02		2.3000000e+02		1.8233360e+00		1.2153095e+00		2.2443285e+00		1.8233324e+00		8.7360008e-06		1.8233237e+00
2.3200000e+02		2.3600000e+02		2.3400000e+02		1.5146613e+00		1.0095685e+00		1.8643838e+00		1.5146586e+00		6.7171863e-06		1.5146518e+00
2.3600000e+02		2.4000000e+02		2.3800000e+02		3.7376296e-01		2.4912459e-01		4.6006172e-01		3.7376233e-01		1.5365229e-06		3.7376080e-01
2.4000000e+02		2.4400000e+02		2.4200000e+02		1.6291021e-01		1.0858472e-01		2.0052484e-01		1.6290996e-01		6.2176474e-07		1.6290933e-01
2.4400000e+02		2.4800000e+02		2.4600000e+02		4.7761812e-01		3.1834737e-01		5.8789629e-01		4.7761743e-01		1.6948407e-06		4.7761573e-01
2.4800000e+02		2.5200000e+02		2.5000000e+02		5.3703479e-01		3.5795049e-01		6.6103186e-01		5.3703407e-01		1.7742645e-06		5.3703229e-01
2.5200000e+02		2.5600000e+02		2.5400000e+02		5.7884470e-01		3.8581814e-01		7.1249540e-01		5.7884397e-01		1.7828270e-06		5.7884219e-01
2.5600000e+02		2.6000000e+02		2.5800000e+02		9.8324322e-01		6.5536251e-01		1.2102665e+00		9.8324207e-01		2.8268279e-06		9.8323924e-01
2.6000000e+02		2.6400000e+02		2.6200000e+02		1.3917039e+00		9.2761449e-01		1.7130377e+00		1.3917024e+00		3.7395622e-06		1.3916986e+00
2.6400000e+02		2.6800000e+02		2.6600000e+02		6.8020160e-01		4.5337584e-01		8.3725500e-01		6.8020090e-01		1.7100834e-06		6.8019919e-01
2.6800000e+02		2.7200000e+02		2.7000000e+02		9.3959400e-01		6.2626911e-01		1.1565392e+00		9.3959310e-01		2.2130190e-06		9.3959089e-01
2.7200000e+02		2.7600000e+02		2.7400000e+02		1.6785223e+00		1.1187883e+00		2.0660806e+00		1.6785208e+00		3.7072264e-06		1.6785171e+00
2.7600000e+02		2.8000000e+02		2.7800000e+02		3.2997863e+00		2.1994122e+00		4.0616827e+00		3.2997835e+00		6.8425138e-06		3.2997767e+00
2.8000000e+02		2.8400000e+02		2.8200000e+02		2.3735493e+00		1.5820460e+00		2.9215845e+00		2.3735474e+00		4.6256243e-06		2.3735428e+00
2.8400000e+02		2.8800000e+02		2.8600000e+02		8.9426513e-01		5.9605615e-01		1.1007445e+00		8.9426446e-01		1.6394627e-06		8.9426282e-01
2.8800000e+02		2.9200000e+02		2.9000000e+02		1.0135494e+00		6.7556295e-01		1.2475707e+00		1.0135487e+00		1.7497289e-06		1.0135469e+00
2.9200000e+02		2.9600000e+02		2.9400000e+02		9.7314666e-01		6.4863328e-01		1.1978393e+00		9.7314601e-01		1.5834241e-06		9.7314443e-01
2.9600000e+02		3.0000000e+02		2.9800000e+02		1.0742466e+00		7.1601964e-01		1.3222825e+00		1.0742459e+00		1.6487844e-06		1.0742443e+00
3.0000000e+02		3.0400000e+02		3.0200000e+02		2.8159598e+00		1.8769272e+00		3.4661450e+00		2.8159581e+00		4.0817037e-06		2.8159541e+00
3.0400000e+02		3.0800000e+02		3.0600000e+02		5.7927002e+00		3.8610199e+00		7.1301940e+00		5.7926970e+00		7.9347643e-06		5.7926890e+00
3.0800000e+02		3.1200000e+02		3.1000000e+02		6.6217034e+00		4.4135772e+00		8.1506084e+00		6.6216999e+00		8.5792696e-06		6.6216913e+00
3.1200000e+02		3.1600000e+02		3.1400000e+02		5.4274148e+00		3.6175458e+00		6.6805671e+00		5.4274121e+00		6.6552944e-06		5.4274054e+00
3.1600000e+02		3.2000000e+02		3.1800000e+02		4.6179906e+00		3.0780387e+00		5.6842526e+00		4.6179884e+00		5.3645992e-06		4.6179831e+00
3.2000000e+02		3.2400000e+02		3.2200000e+02		4.7471319e+00		3.1641157e+00		5.8432119e+00		4.7471298e+00		5.2275361e-06		4.7471245e+00
3.2400000e+02		3.2800000e+02		3.2600000e+02		5.8474662e+00		3.8975239e+00		7.1976060e+00		5.8474637e+00		6.1094009e-06		5.8474576e+00
3.2800000e+02		3.3200000e+02		3.3000000e+02		9.2231303e+00		6.1475125e+00		1.1352688e+01		9.2231266e+00		9.1463634e-06		9.2231174e+00
3.3200000e+02		3.3600000e+02		3.3400000e+02		9.0050625e+00		6.0021635e+00		1.1084270e+01		9.0050590e+00		8.4853554e-06		9.0050506e+00
3.3600000e+02		3.4000000e+02		3.3800000e+02		6.9520339e+00		4.6337541e+00		8.5572112e+00		6.9520314e+00		6.2289021e-06		6.9520251e+00
3.4000000e+02		3.4400000e+02		3.4200000e+02		4.2006519e+00		2.7998696e+00		5.1705539e+00		4.2006504e+00		3.5800491e-06		4.2006469e+00
3.4400000e+02		3.4800000e+02		3.4600000e+02		3.6430777e+00		2.4282285e+00		4.4842397e+00		3.6430765e+00		2.9558829e-06		3.6430735e+00
3.4800000e+02		3.5200000e+02		3.5000000e+02		5.1627693e+00		3.4411519e+00		6.3548179e+00		5.1627677e+00		3.9893733e-06		5.1627637e+00
3.5200000e+02		3.5600000e+02		3.5400000e+02		6.4210892e+00		4.2798627e+00		7.9036755e+00		6.4210873e+00		4.7282493e-06		6.4210825e+00
3.5600000e+02		3.6000000e+02		3.5800000e+02		6.4073280e+00		4.2706905e+00		7.8867370e+00		6.4073262e+00		4.5019950e-06		6.4073217e+00
3.6000000e+02		3.6400000e+02		3.6200000e+02		7.5231134e+00		5.0143975e+00		9.2601499e+00		7.5231113e+00		5.0423307e-06		7.5231063e+00
3.6400000e+02		3.6800000e+02		3.6600000e+02		1.1147687e+01		7.4302928e+00		1.3721613e+01		1.1147684e+01		7.1309739e-06		1.1147677e+01
3.6800000e+02		3.7200000e+02		3.7000000e+02		9.5264797e+00		6.3497059e+00		1.1726080e+01		9.5264773e+00		5.8239106e-06		9.5264715e+00
3.7200000e+02		3.7600000e+02		3.7400000e+02		9.1824157e+00		6.1203763e+00		1.1302574e+01		9.1824135e+00		5.3638565e-06		9.1824081e+00
3.7600000e+02		3.8000000e+02		3.7800000e+02		1.1375034e+01		7.5818272e+00		1.4001454e+01		1.1375031e+01		6.3561817e-06		1.1375025e+01
3.8000000e+02		3.8400000e+02		3.8200000e+02		1.2427650e+01		8.2834299e+00		1.5297112e+01		1.2427647e+01		6.6447589e-06		1.2427641e+01
3.8400000e+02		3.8800000e+02		3.8600000e+02		9.0582715e+00		6.0376304e+00		1.1149766e+01		9.0582696e+00		4.6347729e-06		9.0582650e+00
3.8800000e+02		3.9200000e+02		3.9000000e+02		8.9514397e+00		5.9664236e+00		1.1018268e+01		8.9514379e+00		4.3885639e-06		8.9514335e+00
3.9200000e+02		3.9600000e+02		3.9400000e+02		1.4048127e+01		9.3635304e+00		1.7291747e+01		1.4048124e+01		6.5995398e-06		1.4048118e+01
3.9600000e+02		4.0000000e+02		3.9800000e+02		2.7033869e+01		1.8018947e+01		3.3275811e+01		2.7033864e+01		1.2169021e-05		2.7033852e+01
