Left Bin Edge (nm)	Right Bin Edge (nm)	Bin Center (nm)		Top of Atm Intensity (erg/s/nm/cm2)		Total Surface Flux (erg/s/nm/cm2)		Total Intensity at BOA (erg/s/nm/cm2)		Total Surface Intensity (erg/s/nm/cm2)		Total Surface Diffuse Intensity (erg/s/nm/cm2)		Total Surface Direct Intensity (erg/s/nm/cm2)
1.2000000e+02		1.2400000e+02		1.2200000e+02		8.0366998e+00		0.0000000e+00		0.0000000e+00		0.0000000e+00		0.0000000e+00		0.0000000e+00
1.2400000e+02		1.2800000e+02		1.2600000e+02		3.6130867e-02		0.0000000e+00		0.0000000e+00		0.0000000e+00		0.0000000e+00		0.0000000e+00
1.2800000e+02		1.3200000e+02		1.3000000e+02		1.1441395e-02		0.0000000e+00		0.0000000e+00		0.0000000e+00		0.0000000e+00		0.0000000e+00
1.3200000e+02		1.3600000e+02		1.3400000e+02		6.7865459e-02		0.0000000e+00		0.0000000e+00		0.0000000e+00		0.0000000e+00		0.0000000e+00
1.3600000e+02		1.4000000e+02		1.3800000e+02		2.4922982e-02		0.0000000e+00		0.0000000e+00		0.0000000e+00		0.0000000e+00		0.0000000e+00
1.4000000e+02		1.4400000e+02		1.4200000e+02		2.5513213e-02		0.0000000e+00		0.0000000e+00		0.0000000e+00		0.0000000e+00		0.0000000e+00
1.4400000e+02		1.4800000e+02		1.4600000e+02		1.6461786e-02		0.0000000e+00		0.0000000e+00		0.0000000e+00		0.0000000e+00		0.0000000e+00
1.4800000e+02		1.5200000e+02		1.5000000e+02		1.7416193e-02		0.0000000e+00		0.0000000e+00		0.0000000e+00		0.0000000e+00		0.0000000e+00
1.5200000e+02		1.5600000e+02		1.5400000e+02		1.2770979e-01		0.0000000e+00		0.0000000e+00		0.0000000e+00		0.0000000e+00		0.0000000e+00
1.5600000e+02		1.6000000e+02		1.5800000e+02		1.7640617e-02		0.0000000e+00		0.0000000e+00		0.0000000e+00		0.0000000e+00		0.0000000e+00
1.6000000e+02		1.6400000e+02		1.6200000e+02		2.2264855e-02		0.0000000e+00		0.0000000e+00		0.0000000e+00		0.0000000e+00		0.0000000e+00
1.6400000e+02		1.6800000e+02		1.6600000e+02		1.1522906e-01		0.0000000e+00		0.0000000e+00		0.0000000e+00		0.0000000e+00		0.0000000e+00
1.6800000e+02		1.7200000e+02		1.7000000e+02		1.1938598e-04		0.0000000e+00		0.0000000e+00		0.0000000e+00		0.0000000e+00		0.0000000e+00
1.7200000e+02		1.7600000e+02		1.7400000e+02		1.1938598e-04		0.0000000e+00		0.0000000e+00		0.0000000e+00		0.0000000e+00		0.0000000e+00
1.7600000e+02		1.8000000e+02		1.7800000e+02		1.1938598e-04		0.0000000e+00		0.0000000e+00		0.0000000e+00		0.0000000e+00		0.0000000e+00
1.8000000e+02		1.8400000e+02		1.8200000e+02		2.9244844e-02		0.0000000e+00		0.0000000e+00		0.0000000e+00		0.0000000e+00		0.0000000e+00
1.8400000e+02		1.8800000e+02		1.8600000e+02		2.1955700e-02		0.0000000e+00		0.0000000e+00		0.0000000e+00		0.0000000e+00		0.0000000e+00
1.8800000e+02		1.9200000e+02		1.9000000e+02		6.7709247e-02		0.0000000e+00		0.0000000e+00		0.0000000e+00		0.0000000e+00		0.0000000e+00
1.9200000e+02		1.9600000e+02		1.9400000e+02		1.1123925e-01		8.0430587e-87		1.4999973e-75		1.3930986e-86		1.3930986e-86		7.1541725e-107
1.9600000e+02		2.0000000e+02		1.9800000e+02		9.2967561e-02		1.1064458e-38		2.3657132e-31		1.7060502e-38		3.4415073e-39		1.3618995e-38
2.0000000e+02		2.0400000e+02		2.0200000e+02		4.9286048e-02		2.6738750e-04		8.6464988e-04		4.6311760e-04		4.6304548e-04		7.2118950e-08
2.0400000e+02		2.0800000e+02		2.0600000e+02		5.1540076e-02		6.0185372e-03		1.7698692e-02		1.0424298e-02		1.0423557e-02		7.4122943e-07
2.0800000e+02		2.1200000e+02		2.1000000e+02		6.4609367e-02		8.1187389e-03		2.3364135e-02		1.4061700e-02		1.4059318e-02		2.3822333e-06
2.1200000e+02		2.1600000e+02		2.1400000e+02		5.8847956e-02		7.9354188e-03		2.2379740e-02		1.3743770e-02		1.3738728e-02		5.0415176e-06
2.1600000e+02		2.2000000e+02		2.1800000e+02		5.5437492e-02		8.0006235e-03		2.2141216e-02		1.3855923e-02		1.3845799e-02		1.0123351e-05
2.2000000e+02		2.2400000e+02		2.2200000e+02		8.5801629e-02		1.3218136e-02		3.5938856e-02		2.2889702e-02		2.2858742e-02		3.0959563e-05
2.2400000e+02		2.2800000e+02		2.2600000e+02		9.0541473e-02		1.4851960e-02		3.9716797e-02		2.5715022e-02		2.5654638e-02		6.0383662e-05
2.2800000e+02		2.3200000e+02		2.3000000e+02		6.8675597e-02		1.1965753e-02		3.1503877e-02		2.0712964e-02		2.0633162e-02		7.9802105e-05
2.3200000e+02		2.3600000e+02		2.3400000e+02		2.3684713e-01		4.3729862e-02		1.1345704e-01		7.5672044e-02		7.5216941e-02		4.5510278e-04
2.3600000e+02		2.4000000e+02		2.3800000e+02		2.6652138e-01		5.2025394e-02		1.3312352e-01		8.9985752e-02		8.9177343e-02		8.0840904e-04
2.4000000e+02		2.4400000e+02		2.4200000e+02		1.3505146e-01		2.7809017e-02		7.0231444e-02		4.8070793e-02		4.7450357e-02		6.2043540e-04
2.4400000e+02		2.4800000e+02		2.4600000e+02		1.2403236e-01		2.6883256e-02		6.7053567e-02		4.6434683e-02		4.5602913e-02		8.3177048e-04
2.4800000e+02		2.5200000e+02		2.5000000e+02		1.6801655e-01		3.8251109e-02		9.4283625e-02		6.6007056e-02		6.4415735e-02		1.5913214e-03
2.5200000e+02		2.5600000e+02		2.5400000e+02		1.7551532e-01		4.1885460e-02		1.0207992e-01		7.2195658e-02		6.9916307e-02		2.2793505e-03
2.5600000e+02		2.6000000e+02		2.5800000e+02		2.7762428e-01		6.9310568e-02		1.6709823e-01		1.1930582e-01		1.1449182e-01		4.8139958e-03
2.6000000e+02		2.6400000e+02		2.6200000e+02		6.5544917e-01		1.7085919e-01		4.0766015e-01		2.9364806e-01		2.7883119e-01		1.4816871e-02
2.6400000e+02		2.6800000e+02		2.6600000e+02		4.2334879e-01		1.1501237e-01		2.7168697e-01		1.9732117e-01		1.8511095e-01		1.2210228e-02
2.6800000e+02		2.7200000e+02		2.7000000e+02		4.6401687e-01		1.3114222e-01		3.0682830e-01		2.2455825e-01		2.0781224e-01		1.6746018e-02
2.7200000e+02		2.7600000e+02		2.7400000e+02		6.7425751e-01		1.9789679e-01		4.5874826e-01		3.3814621e-01		3.0823013e-01		2.9916080e-02
2.7600000e+02		2.8000000e+02		2.7800000e+02		2.1801444e+00		6.6339195e-01		1.5241744e+00		1.1309498e+00		1.0139109e+00		1.1703886e-01
2.8000000e+02		2.8400000e+02		2.8200000e+02		1.7756763e+00		5.5926105e-01		1.2739348e+00		9.5110886e-01		8.3743045e-01		1.1367841e-01
2.8400000e+02		2.8800000e+02		2.8600000e+02		7.6409199e-01		2.4870363e-01		5.6184564e-01		4.2187445e-01		3.6430352e-01		5.7570938e-02
2.8800000e+02		2.9200000e+02		2.9000000e+02		1.4485567e+00		4.8652309e-01		1.0903608e+00		8.2307800e-01		6.9616049e-01		1.2691751e-01
2.9200000e+02		2.9600000e+02		2.9400000e+02		1.4573590e+00		5.0435627e-01		1.1216619e+00		8.5088442e-01		7.0401747e-01		1.4686695e-01
2.9600000e+02		3.0000000e+02		2.9800000e+02		1.4763082e+00		5.2571172e-01		1.1605200e+00		8.8438967e-01		7.1497120e-01		1.6941846e-01
3.0000000e+02		3.0400000e+02		3.0200000e+02		1.5875587e+00		5.8092764e-01		1.2732892e+00		9.7444181e-01		7.6886944e-01		2.0557238e-01
3.0400000e+02		3.0800000e+02		3.0600000e+02		1.9359703e+00		7.2704115e-01		1.5826353e+00		1.2159428e+00		9.3543571e-01		2.8050709e-01
3.0800000e+02		3.1200000e+02		3.1000000e+02		2.6810173e+00		1.0320446e+00		2.2317792e+00		1.7209261e+00		1.2895904e+00		4.3133562e-01
3.1200000e+02		3.1600000e+02		3.1400000e+02		3.3528051e+00		1.3214163e+00		2.8394530e+00		2.1968918e+00		1.6021514e+00		5.9474039e-01
3.1600000e+02		3.2000000e+02		3.1800000e+02		6.5248162e+00		2.6299590e+00		5.6168754e+00		4.3593790e+00		3.0915214e+00		1.2678576e+00
3.2000000e+02		3.2400000e+02		3.2200000e+02		5.7199662e+00		2.3553880e+00		5.0010918e+00		3.8927037e+00		2.6824340e+00		1.2102697e+00
3.2400000e+02		3.2800000e+02		3.2600000e+02		9.1182362e+00		3.8320273e+00		8.0907790e+00		6.3145418e+00		4.2252808e+00		2.0892610e+00
3.2800000e+02		3.3200000e+02		3.3000000e+02		1.2807260e+01		5.4878710e+00		1.1524574e+01		9.0168872e+00		5.8551725e+00		3.1617148e+00
3.3200000e+02		3.3600000e+02		3.3400000e+02		1.3603668e+01		5.9379251e+00		1.2405430e+01		9.7284925e+00		6.1271302e+00		3.6013622e+00
3.3600000e+02		3.4000000e+02		3.3800000e+02		1.6910809e+01		7.5126720e+00		1.5617856e+01		1.2273964e+01		7.4939122e+00		4.7800518e+00
3.4000000e+02		3.4400000e+02		3.4200000e+02		2.0940469e+01		9.4603355e+00		1.9573750e+01		1.5413473e+01		9.1189154e+00		6.2945579e+00
3.4400000e+02		3.4800000e+02		3.4600000e+02		2.0363582e+01		9.3480451e+00		1.9253795e+01		1.5189529e+01		8.7043085e+00		6.4852208e+00
3.4800000e+02		3.5200000e+02		3.5000000e+02		2.5522535e+01		1.1896254e+01		2.4395974e+01		1.9279284e+01		1.0697364e+01		8.5819199e+00
3.5200000e+02		3.5600000e+02		3.5400000e+02		3.4223755e+01		1.6185396e+01		3.3054067e+01		2.6163148e+01		1.4052038e+01		1.2111110e+01
3.5600000e+02		3.6000000e+02		3.5800000e+02		2.3609174e+01		1.1321151e+01		2.3028407e+01		1.8254632e+01		9.4879202e+00		8.7667115e+00
3.6000000e+02		3.6400000e+02		3.6200000e+02		2.7586704e+01		1.3404274e+01		2.7162103e+01		2.1561158e+01		1.0842270e+01		1.0718888e+01
3.6400000e+02		3.6800000e+02		3.6600000e+02		3.1383415e+01		1.5442263e+01		3.1178113e+01		2.4780890e+01		1.2054023e+01		1.2726867e+01
3.6800000e+02		3.7200000e+02		3.7000000e+02		3.1987858e+01		1.5929791e+01		3.2050646e+01		2.5504938e+01		1.1998784e+01		1.3506154e+01
3.7200000e+02		3.7600000e+02		3.7400000e+02		2.2803699e+01		1.1486930e+01		2.3034811e+01		1.8350906e+01		8.3485737e+00		1.0002332e+01
3.7600000e+02		3.8000000e+02		3.7800000e+02		3.9507899e+01		2.0120002e+01		4.0218508e+01		3.2073903e+01		1.4109266e+01		1.7964637e+01
3.8000000e+02		3.8400000e+02		3.8200000e+02		3.2158135e+01		1.6548683e+01		3.2979129e+01		2.6326197e+01		1.1197104e+01		1.5129093e+01
3.8400000e+02		3.8800000e+02		3.8600000e+02		3.6082762e+01		1.8754038e+01		3.7265440e+01		2.9774923e+01		1.2243643e+01		1.7531280e+01
3.8800000e+02		3.9200000e+02		3.9000000e+02		4.2252426e+01		2.2170393e+01		4.3931485e+01		3.5130971e+01		1.3966239e+01		2.1164731e+01
3.9200000e+02		3.9600000e+02		3.9400000e+02		3.9701245e+01		2.1021643e+01		4.1544449e+01		3.3248610e+01		1.2778731e+01		2.0469879e+01
3.9600000e+02		4.0000000e+02		3.9800000e+02		5.5819496e+01		2.9800781e+01		5.8747921e+01		4.7049010e+01		1.7480076e+01		2.9568934e+01
