Left Bin Edge (nm)	Right Bin Edge (nm)	Bin Center (nm)		Top of Atm Intensity (erg/s/nm/cm2)		Total Surface Flux (erg/s/nm/cm2)		Total Intensity at BOA (erg/s/nm/cm2)		Total Surface Intensity (erg/s/nm/cm2)		Total Surface Diffuse Intensity (erg/s/nm/cm2)		Total Surface Direct Intensity (erg/s/nm/cm2)
1.2000000e+02		1.2100000e+02		1.2050000e+02		1.3414373e-01		0.0000000e+00		0.0000000e+00		0.0000000e+00		0.0000000e+00		0.0000000e+00
1.2400000e+02		1.2500000e+02		1.2450000e+02		7.2156954e-02		0.0000000e+00		0.0000000e+00		0.0000000e+00		0.0000000e+00		0.0000000e+00
1.2800000e+02		1.2900000e+02		1.2850000e+02		2.5328988e-02		0.0000000e+00		0.0000000e+00		0.0000000e+00		0.0000000e+00		0.0000000e+00
1.3200000e+02		1.3300000e+02		1.3250000e+02		2.0267926e-02		0.0000000e+00		0.0000000e+00		0.0000000e+00		0.0000000e+00		0.0000000e+00
1.3600000e+02		1.3700000e+02		1.3650000e+02		1.2070798e-02		0.0000000e+00		0.0000000e+00		0.0000000e+00		0.0000000e+00		0.0000000e+00
1.4000000e+02		1.4100000e+02		1.4050000e+02		7.8782129e-02		0.0000000e+00		0.0000000e+00		0.0000000e+00		0.0000000e+00		0.0000000e+00
1.4400000e+02		1.4500000e+02		1.4450000e+02		1.8639721e-02		0.0000000e+00		0.0000000e+00		0.0000000e+00		0.0000000e+00		0.0000000e+00
1.4800000e+02		1.4900000e+02		1.4850000e+02		4.1658068e-02		0.0000000e+00		0.0000000e+00		0.0000000e+00		0.0000000e+00		0.0000000e+00
1.5200000e+02		1.5300000e+02		1.5250000e+02		2.4755140e-02		0.0000000e+00		0.0000000e+00		0.0000000e+00		0.0000000e+00		0.0000000e+00
1.5600000e+02		1.5700000e+02		1.5650000e+02		5.9673864e-02		0.0000000e+00		0.0000000e+00		0.0000000e+00		0.0000000e+00		0.0000000e+00
1.6000000e+02		1.6100000e+02		1.6050000e+02		2.4649813e-02		0.0000000e+00		0.0000000e+00		0.0000000e+00		0.0000000e+00		0.0000000e+00
1.6400000e+02		1.6500000e+02		1.6450000e+02		3.0217247e-01		0.0000000e+00		0.0000000e+00		0.0000000e+00		0.0000000e+00		0.0000000e+00
1.6800000e+02		1.6900000e+02		1.6850000e+02		3.4167579e-04		0.0000000e+00		0.0000000e+00		0.0000000e+00		0.0000000e+00		0.0000000e+00
1.7200000e+02		1.7300000e+02		1.7250000e+02		1.2985711e-03		0.0000000e+00		0.0000000e+00		0.0000000e+00		0.0000000e+00		0.0000000e+00
1.7600000e+02		1.7700000e+02		1.7650000e+02		6.9608424e-03		0.0000000e+00		0.0000000e+00		0.0000000e+00		0.0000000e+00		0.0000000e+00
1.8000000e+02		1.8100000e+02		1.8050000e+02		3.5997079e-01		0.0000000e+00		0.0000000e+00		0.0000000e+00		0.0000000e+00		0.0000000e+00
1.8400000e+02		1.8500000e+02		1.8450000e+02		1.5667052e-01		0.0000000e+00		0.0000000e+00		0.0000000e+00		0.0000000e+00		0.0000000e+00
1.8800000e+02		1.8900000e+02		1.8850000e+02		2.3471871e-03		1.2599455e-148		0.0000000e+00		1.9402775e-148		3.7353217e-149		1.5667453e-148
1.9200000e+02		1.9300000e+02		1.9250000e+02		4.7562041e-02		2.7138037e-52		3.6832976e-49		4.3707364e-52		2.2362530e-52		2.1344834e-52
1.9600000e+02		1.9700000e+02		1.9650000e+02		9.9445520e-02		9.4287037e-17		1.3833152e-15		1.6287838e-16		1.6008452e-16		2.7938546e-18
2.0000000e+02		2.0100000e+02		2.0050000e+02		1.3037688e-01		1.5856439e-05		5.8982402e-05		2.7462172e-05		2.7449318e-05		1.2854566e-08
2.0400000e+02		2.0500000e+02		2.0450000e+02		5.0679944e-02		5.7655631e-03		1.6996414e-02		9.9861690e-03		9.9856565e-03		5.1245590e-07
2.0800000e+02		2.0900000e+02		2.0850000e+02		1.3482903e-01		1.6522457e-02		4.7651872e-02		2.8617175e-02		2.8613545e-02		3.6296596e-06
2.1200000e+02		2.1300000e+02		2.1250000e+02		3.8465009e-02		5.0632187e-03		1.4306968e-02		8.7693680e-03		8.7668814e-03		2.4866040e-06
2.1600000e+02		2.1700000e+02		2.1650000e+02		5.4238520e-03		7.6482338e-04		2.1202087e-03		1.3245941e-03		1.3238248e-03		7.6928981e-07
2.2000000e+02		2.2100000e+02		2.2050000e+02		1.7238019e-01		2.5971251e-02		7.0720153e-02		4.4975871e-02		4.4926317e-02		4.9554294e-05
2.2400000e+02		2.2500000e+02		2.2450000e+02		6.0053364e-02		9.6425024e-03		2.5820527e-02		1.6696264e-02		1.6663633e-02		3.2630947e-05
2.2800000e+02		2.2900000e+02		2.2850000e+02		1.6806304e-01		2.8687953e-02		7.5622095e-02		4.9663923e-02		4.9501630e-02		1.6229322e-04
2.3200000e+02		2.3300000e+02		2.3250000e+02		1.7305302e-01		3.1328615e-02		8.1371245e-02		5.4219313e-02		5.3938088e-02		2.8122450e-04
2.3600000e+02		2.3700000e+02		2.3650000e+02		1.9892640e-01		3.8104755e-02		9.7601485e-02		6.5919309e-02		6.5400999e-02		5.1830924e-04
2.4000000e+02		2.4100000e+02		2.4050000e+02		2.5868971e-01		5.2313021e-02		1.3224039e-01		9.0448915e-02		8.9413782e-02		1.0351333e-03
2.4400000e+02		2.4500000e+02		2.4450000e+02		1.4274177e-01		3.0406953e-02		7.5910131e-02		5.2535995e-02		5.1691858e-02		8.4413716e-04
2.4800000e+02		2.4900000e+02		2.4850000e+02		2.9633864e-01		6.6355345e-02		1.6369676e-01		1.1454426e-01		1.1204165e-01		2.5026064e-03
2.5200000e+02		2.5300000e+02		2.5250000e+02		1.8462554e-01		4.3365722e-02		1.0577574e-01		7.4778107e-02		7.2618912e-02		2.1591946e-03
2.5600000e+02		2.5700000e+02		2.5650000e+02		2.4060091e-01		5.9162566e-02		1.4275015e-01		1.0188703e-01		9.8096371e-02		3.7906625e-03
2.6000000e+02		2.6100000e+02		2.6050000e+02		5.7360621e-01		1.4737114e-01		3.5190649e-01		2.5341980e-01		2.4154358e-01		1.1876225e-02
2.6400000e+02		2.6500000e+02		2.6450000e+02		4.2528530e-01		1.1394829e-01		2.6939330e-01		1.9561629e-01		1.8430045e-01		1.1315846e-02
2.6800000e+02		2.6900000e+02		2.6850000e+02		7.3938326e-01		2.0622056e-01		4.8288149e-01		3.5335714e-01		3.2857959e-01		2.4777548e-02
2.7200000e+02		2.7300000e+02		2.7250000e+02		5.0411640e-01		1.4610335e-01		3.3896359e-01		2.4983129e-01		2.2893929e-01		2.0892001e-02
2.7600000e+02		2.7700000e+02		2.7650000e+02		1.0492233e+00		3.1544419e-01		7.2534660e-01		5.3819502e-01		4.8530158e-01		5.2893438e-02
2.8000000e+02		2.8100000e+02		2.8050000e+02		4.9567971e+00		1.5433533e+00		3.5184994e+00		2.6269125e+00		2.3274734e+00		2.9943911e-01
2.8400000e+02		2.8500000e+02		2.8450000e+02		1.1419833e+00		3.6765798e-01		8.3126307e-01		6.2420545e-01		5.4265563e-01		8.1549816e-02
2.8800000e+02		2.8900000e+02		2.8850000e+02		2.1392650e+00		7.1105837e-01		1.5948901e+00		1.2040383e+00		1.0256785e+00		1.7835980e-01
2.9200000e+02		2.9300000e+02		2.9250000e+02		2.8747577e+00		9.8505513e-01		2.1925116e+00		1.6634259e+00		1.3867368e+00		2.7668908e-01
2.9600000e+02		2.9700000e+02		2.9650000e+02		2.0836468e+00		7.3500408e-01		1.6238594e+00		1.2376705e+00		1.0085364e+00		2.2913409e-01
3.0000000e+02		3.0100000e+02		3.0050000e+02		2.8904845e+00		1.0482275e+00		2.2993765e+00		1.7600120e+00		1.4002529e+00		3.5975914e-01
3.0400000e+02		3.0500000e+02		3.0450000e+02		2.9953636e+00		1.1152993e+00		2.4297275e+00		1.8671372e+00		1.4488128e+00		4.1832441e-01
3.0800000e+02		3.0900000e+02		3.0850000e+02		3.9996252e+00		1.5271443e+00		3.3049959e+00		2.5490401e+00		1.9272202e+00		6.2181994e-01
3.1200000e+02		3.1300000e+02		3.1250000e+02		5.7580683e+00		2.2518640e+00		4.8424839e+00		3.7475215e+00		2.7581820e+00		9.8933945e-01
3.1600000e+02		3.1700000e+02		3.1650000e+02		8.6845824e+00		3.4747824e+00		7.4267127e+00		5.7654672e+00		4.1273781e+00		1.6380891e+00
3.2000000e+02		3.2100000e+02		3.2050000e+02		1.4114177e+01		5.7713679e+00		1.2262975e+01		9.5476279e+00		6.6429856e+00		2.9046423e+00
3.2400000e+02		3.2500000e+02		3.2450000e+02		1.3294143e+01		5.5498468e+00		1.1725961e+01		9.1541335e+00		6.1859925e+00		2.9681410e+00
3.2800000e+02		3.2900000e+02		3.2850000e+02		2.4968584e+01		1.0631289e+01		2.2341032e+01		1.7484595e+01		1.1468222e+01		6.0163730e+00
3.3200000e+02		3.3300000e+02		3.3250000e+02		2.7853605e+01		1.2084785e+01		2.5264029e+01		1.9817985e+01		1.2609529e+01		7.2084567e+00
3.3600000e+02		3.3700000e+02		3.3650000e+02		1.2820117e+01		5.6627668e+00		1.1779647e+01		9.2602086e+00		5.7126080e+00		3.5476006e+00
3.4000000e+02		3.4100000e+02		3.4050000e+02		2.6289134e+01		1.1812028e+01		2.4454486e+01		1.9262441e+01		1.1515912e+01		7.7465298e+00
3.4400000e+02		3.4500000e+02		3.4450000e+02		7.3801803e+00		3.3703653e+00		6.9459064e+00		5.4813049e+00		3.1744279e+00		2.3068771e+00
3.4800000e+02		3.4900000e+02		3.4850000e+02		2.5260013e+01		1.1715824e+01		2.4039591e+01		1.9003216e+01		1.0657247e+01		8.3459692e+00
3.5200000e+02		3.5300000e+02		3.5250000e+02		1.3016193e+01		6.1268380e+00		1.2519132e+01		9.9121181e+00		5.3812368e+00		4.5308813e+00
3.5600000e+02		3.5700000e+02		3.5650000e+02		2.2381822e+01		1.0684657e+01		2.1745041e+01		1.7242332e+01		9.0591765e+00		8.1831553e+00
3.6000000e+02		3.6100000e+02		3.6050000e+02		1.6030999e+01		7.7562709e+00		1.5724964e+01		1.2486021e+01		6.3473151e+00		6.1387059e+00
3.6400000e+02		3.6500000e+02		3.6450000e+02		2.6638110e+01		1.3054246e+01		2.6369247e+01		2.0964735e+01		1.0309568e+01		1.0655167e+01
3.6800000e+02		3.6900000e+02		3.6850000e+02		2.6438846e+01		1.3115633e+01		2.6400593e+01		2.1014756e+01		9.9950931e+00		1.1019663e+01
3.7200000e+02		3.7300000e+02		3.7250000e+02		1.3042066e+01		6.5455595e+00		1.3131553e+01		1.0464309e+01		4.8130919e+00		5.6512170e+00
3.7600000e+02		3.7700000e+02		3.7650000e+02		2.7111104e+01		1.3758425e+01		2.7513544e+01		2.1947862e+01		9.7613314e+00		1.2186530e+01
3.8000000e+02		3.8100000e+02		3.8050000e+02		5.6170689e+01		2.8809228e+01		5.7435278e+01		4.5861219e+01		1.9721015e+01		2.6140204e+01
3.8400000e+02		3.8500000e+02		3.8450000e+02		4.5609753e+01		2.3630352e+01		4.6972621e+01		3.7540934e+01		1.5607370e+01		2.1933564e+01
3.8800000e+02		3.8900000e+02		3.8850000e+02		4.6562121e+01		2.4357718e+01		4.8283007e+01		3.8620896e+01		1.5522863e+01		2.3098032e+01
3.9200000e+02		3.9300000e+02		3.9250000e+02		5.0680660e+01		2.6757666e+01		5.2898357e+01		4.2346179e+01		1.6454375e+01		2.5891804e+01
3.9600000e+02		3.9700000e+02		3.9650000e+02		3.7312800e+01		1.9874039e+01		3.9189261e+01		3.1395049e+01		1.1793618e+01		1.9601431e+01
