Left Bin Edge (nm)	Right Bin Edge (nm)	Bin Center (nm)		Top of Atm Intensity (erg/s/nm/cm2)		Total Surface Flux (erg/s/nm/cm2)		Total Intensity at BOA (erg/s/nm/cm2)		Total Surface Intensity (erg/s/nm/cm2)		Total Surface Diffuse Intensity (erg/s/nm/cm2)		Total Surface Direct Intensity (erg/s/nm/cm2)
1.0000000e+02		1.0100000e+02		1.0050000e+02		4.4569042e-02		0.0000000e+00		0.0000000e+00		0.0000000e+00		0.0000000e+00		0.0000000e+00
1.0100000e+02		1.0200000e+02		1.0150000e+02		1.7387199e-01		0.0000000e+00		0.0000000e+00		0.0000000e+00		0.0000000e+00		0.0000000e+00
1.0200000e+02		1.0300000e+02		1.0250000e+02		9.2286085e-01		0.0000000e+00		0.0000000e+00		0.0000000e+00		0.0000000e+00		0.0000000e+00
1.0300000e+02		1.0400000e+02		1.0350000e+02		7.0094286e-01		0.0000000e+00		0.0000000e+00		0.0000000e+00		0.0000000e+00		0.0000000e+00
1.0400000e+02		1.0500000e+02		1.0450000e+02		1.4124828e-01		0.0000000e+00		0.0000000e+00		0.0000000e+00		0.0000000e+00		0.0000000e+00
1.0500000e+02		1.0600000e+02		1.0550000e+02		4.8389941e-02		0.0000000e+00		0.0000000e+00		0.0000000e+00		0.0000000e+00		0.0000000e+00
1.0600000e+02		1.0700000e+02		1.0650000e+02		4.5487167e-02		0.0000000e+00		0.0000000e+00		0.0000000e+00		0.0000000e+00		0.0000000e+00
1.0700000e+02		1.0800000e+02		1.0750000e+02		5.0757295e-02		0.0000000e+00		0.0000000e+00		0.0000000e+00		0.0000000e+00		0.0000000e+00
1.0800000e+02		1.0900000e+02		1.0850000e+02		7.1152114e-02		0.0000000e+00		0.0000000e+00		0.0000000e+00		0.0000000e+00		0.0000000e+00
1.0900000e+02		1.1000000e+02		1.0950000e+02		5.5817450e-02		0.0000000e+00		0.0000000e+00		0.0000000e+00		0.0000000e+00		0.0000000e+00
1.1000000e+02		1.1100000e+02		1.1050000e+02		5.4043772e-02		0.0000000e+00		0.0000000e+00		0.0000000e+00		0.0000000e+00		0.0000000e+00
1.1100000e+02		1.1200000e+02		1.1150000e+02		5.0797691e-02		0.0000000e+00		0.0000000e+00		0.0000000e+00		0.0000000e+00		0.0000000e+00
1.1200000e+02		1.1300000e+02		1.1250000e+02		5.1969037e-02		0.0000000e+00		0.0000000e+00		0.0000000e+00		0.0000000e+00		0.0000000e+00
1.1300000e+02		1.1400000e+02		1.1350000e+02		4.1221387e-02		0.0000000e+00		0.0000000e+00		0.0000000e+00		0.0000000e+00		0.0000000e+00
1.1400000e+02		1.1500000e+02		1.1450000e+02		3.1562600e-02		0.0000000e+00		0.0000000e+00		0.0000000e+00		0.0000000e+00		0.0000000e+00
1.1500000e+02		1.1600000e+02		1.1550000e+02		4.3552050e-02		0.0000000e+00		0.0000000e+00		0.0000000e+00		0.0000000e+00		0.0000000e+00
1.1600000e+02		1.1700000e+02		1.1650000e+02		1.0143732e-01		0.0000000e+00		0.0000000e+00		0.0000000e+00		0.0000000e+00		0.0000000e+00
1.1700000e+02		1.1800000e+02		1.1750000e+02		3.6108525e-01		0.0000000e+00		0.0000000e+00		0.0000000e+00		0.0000000e+00		0.0000000e+00
1.1800000e+02		1.1900000e+02		1.1850000e+02		1.2283927e-01		0.0000000e+00		0.0000000e+00		0.0000000e+00		0.0000000e+00		0.0000000e+00
1.1900000e+02		1.2000000e+02		1.1950000e+02		1.7115732e-01		0.0000000e+00		0.0000000e+00		0.0000000e+00		0.0000000e+00		0.0000000e+00
1.2000000e+02		1.2100000e+02		1.2050000e+02		9.3056497e-01		0.0000000e+00		0.0000000e+00		0.0000000e+00		0.0000000e+00		0.0000000e+00
1.2100000e+02		1.2200000e+02		1.2150000e+02		3.6941242e+01		0.0000000e+00		0.0000000e+00		0.0000000e+00		0.0000000e+00		0.0000000e+00
1.2200000e+02		1.2300000e+02		1.2250000e+02		2.4773856e-01		0.0000000e+00		0.0000000e+00		0.0000000e+00		0.0000000e+00		0.0000000e+00
1.2300000e+02		1.2400000e+02		1.2350000e+02		1.3344721e-01		0.0000000e+00		0.0000000e+00		0.0000000e+00		0.0000000e+00		0.0000000e+00
1.2400000e+02		1.2500000e+02		1.2450000e+02		1.0726631e-01		0.0000000e+00		0.0000000e+00		0.0000000e+00		0.0000000e+00		0.0000000e+00
1.2500000e+02		1.2600000e+02		1.2550000e+02		1.0471361e-01		0.0000000e+00		0.0000000e+00		0.0000000e+00		0.0000000e+00		0.0000000e+00
1.2600000e+02		1.2700000e+02		1.2650000e+02		1.4644878e-01		0.0000000e+00		0.0000000e+00		0.0000000e+00		0.0000000e+00		0.0000000e+00
1.2700000e+02		1.2800000e+02		1.2750000e+02		7.6659940e-02		0.0000000e+00		0.0000000e+00		0.0000000e+00		0.0000000e+00		0.0000000e+00
1.2800000e+02		1.2900000e+02		1.2850000e+02		6.1165494e-02		0.0000000e+00		0.0000000e+00		0.0000000e+00		0.0000000e+00		0.0000000e+00
1.2900000e+02		1.3000000e+02		1.2950000e+02		8.1594975e-02		0.0000000e+00		0.0000000e+00		0.0000000e+00		0.0000000e+00		0.0000000e+00
1.3000000e+02		1.3100000e+02		1.3050000e+02		6.7007791e-01		0.0000000e+00		0.0000000e+00		0.0000000e+00		0.0000000e+00		0.0000000e+00
1.3100000e+02		1.3200000e+02		1.3150000e+02		9.0731094e-02		0.0000000e+00		0.0000000e+00		0.0000000e+00		0.0000000e+00		0.0000000e+00
1.3200000e+02		1.3300000e+02		1.3250000e+02		7.0547730e-02		0.0000000e+00		0.0000000e+00		0.0000000e+00		0.0000000e+00		0.0000000e+00
1.3300000e+02		1.3400000e+02		1.3350000e+02		9.5357088e-01		0.0000000e+00		0.0000000e+00		0.0000000e+00		0.0000000e+00		0.0000000e+00
1.3400000e+02		1.3500000e+02		1.3450000e+02		6.5246966e-02		0.0000000e+00		0.0000000e+00		0.0000000e+00		0.0000000e+00		0.0000000e+00
1.3500000e+02		1.3600000e+02		1.3550000e+02		1.3692679e-01		0.0000000e+00		0.0000000e+00		0.0000000e+00		0.0000000e+00		0.0000000e+00
1.3600000e+02		1.3700000e+02		1.3650000e+02		8.9861989e-02		0.0000000e+00		0.0000000e+00		0.0000000e+00		0.0000000e+00		0.0000000e+00
1.3700000e+02		1.3800000e+02		1.3750000e+02		9.2282630e-02		0.0000000e+00		0.0000000e+00		0.0000000e+00		0.0000000e+00		0.0000000e+00
1.3800000e+02		1.3900000e+02		1.3850000e+02		9.4180145e-02		0.0000000e+00		0.0000000e+00		0.0000000e+00		0.0000000e+00		0.0000000e+00
1.3900000e+02		1.4000000e+02		1.3950000e+02		3.1801144e-01		0.0000000e+00		0.0000000e+00		0.0000000e+00		0.0000000e+00		0.0000000e+00
1.4000000e+02		1.4100000e+02		1.4050000e+02		2.7729440e-01		0.0000000e+00		0.0000000e+00		0.0000000e+00		0.0000000e+00		0.0000000e+00
1.4100000e+02		1.4200000e+02		1.4150000e+02		1.3359910e-01		0.0000000e+00		0.0000000e+00		0.0000000e+00		0.0000000e+00		0.0000000e+00
1.4200000e+02		1.4300000e+02		1.4250000e+02		1.4479671e-01		0.0000000e+00		0.0000000e+00		0.0000000e+00		0.0000000e+00		0.0000000e+00
1.4300000e+02		1.4400000e+02		1.4350000e+02		1.6064305e-01		0.0000000e+00		0.0000000e+00		0.0000000e+00		0.0000000e+00		0.0000000e+00
1.4400000e+02		1.4500000e+02		1.4450000e+02		1.5363637e-01		0.0000000e+00		0.0000000e+00		0.0000000e+00		0.0000000e+00		0.0000000e+00
1.4500000e+02		1.4600000e+02		1.4550000e+02		1.6382583e-01		0.0000000e+00		0.0000000e+00		0.0000000e+00		0.0000000e+00		0.0000000e+00
1.4600000e+02		1.4700000e+02		1.4650000e+02		1.9977093e-01		0.0000000e+00		0.0000000e+00		0.0000000e+00		0.0000000e+00		0.0000000e+00
1.4700000e+02		1.4800000e+02		1.4750000e+02		2.4643334e-01		0.0000000e+00		0.0000000e+00		0.0000000e+00		0.0000000e+00		0.0000000e+00
1.4800000e+02		1.4900000e+02		1.4850000e+02		2.4167300e-01		0.0000000e+00		0.0000000e+00		0.0000000e+00		0.0000000e+00		0.0000000e+00
1.4900000e+02		1.5000000e+02		1.4950000e+02		2.1832777e-01		0.0000000e+00		0.0000000e+00		0.0000000e+00		0.0000000e+00		0.0000000e+00
1.5000000e+02		1.5100000e+02		1.5050000e+02		2.4023073e-01		0.0000000e+00		0.0000000e+00		0.0000000e+00		0.0000000e+00		0.0000000e+00
1.5100000e+02		1.5200000e+02		1.5150000e+02		2.5258505e-01		0.0000000e+00		0.0000000e+00		0.0000000e+00		0.0000000e+00		0.0000000e+00
1.5200000e+02		1.5300000e+02		1.5250000e+02		3.2229547e-01		0.0000000e+00		0.0000000e+00		0.0000000e+00		0.0000000e+00		0.0000000e+00
1.5300000e+02		1.5400000e+02		1.5350000e+02		3.5701286e-01		0.0000000e+00		0.0000000e+00		0.0000000e+00		0.0000000e+00		0.0000000e+00
1.5400000e+02		1.5500000e+02		1.5450000e+02		9.5486931e-01		0.0000000e+00		0.0000000e+00		0.0000000e+00		0.0000000e+00		0.0000000e+00
1.5500000e+02		1.5600000e+02		1.5550000e+02		7.8587524e-01		0.0000000e+00		0.0000000e+00		0.0000000e+00		0.0000000e+00		0.0000000e+00
1.5600000e+02		1.5700000e+02		1.5650000e+02		4.6648084e-01		0.0000000e+00		0.0000000e+00		0.0000000e+00		0.0000000e+00		0.0000000e+00
1.5700000e+02		1.5800000e+02		1.5750000e+02		4.2309893e-01		0.0000000e+00		0.0000000e+00		0.0000000e+00		0.0000000e+00		0.0000000e+00
1.5800000e+02		1.5900000e+02		1.5850000e+02		3.9008072e-01		0.0000000e+00		0.0000000e+00		0.0000000e+00		0.0000000e+00		0.0000000e+00
1.5900000e+02		1.6000000e+02		1.5950000e+02		3.8042347e-01		0.0000000e+00		0.0000000e+00		0.0000000e+00		0.0000000e+00		0.0000000e+00
1.6000000e+02		1.6100000e+02		1.6050000e+02		4.1635449e-01		0.0000000e+00		0.0000000e+00		0.0000000e+00		0.0000000e+00		0.0000000e+00
1.6100000e+02		1.6200000e+02		1.6150000e+02		4.7164413e-01		0.0000000e+00		0.0000000e+00		0.0000000e+00		0.0000000e+00		0.0000000e+00
1.6200000e+02		1.6300000e+02		1.6250000e+02		5.2241459e-01		0.0000000e+00		0.0000000e+00		0.0000000e+00		0.0000000e+00		0.0000000e+00
1.6300000e+02		1.6400000e+02		1.6350000e+02		1.1072121e+00		0.0000000e+00		0.0000000e+00		0.0000000e+00		0.0000000e+00		0.0000000e+00
1.6400000e+02		1.6500000e+02		1.6450000e+02		1.1323318e+00		0.0000000e+00		0.0000000e+00		0.0000000e+00		0.0000000e+00		0.0000000e+00
1.6500000e+02		1.6600000e+02		1.6550000e+02		1.3255566e+00		0.0000000e+00		0.0000000e+00		0.0000000e+00		0.0000000e+00		0.0000000e+00
1.6600000e+02		1.6700000e+02		1.6650000e+02		6.2522883e-01		0.0000000e+00		0.0000000e+00		0.0000000e+00		0.0000000e+00		0.0000000e+00
1.6700000e+02		1.6800000e+02		1.6750000e+02		6.6723830e-01		0.0000000e+00		0.0000000e+00		0.0000000e+00		0.0000000e+00		0.0000000e+00
1.6800000e+02		1.6900000e+02		1.6850000e+02		7.1904320e-01		0.0000000e+00		0.0000000e+00		0.0000000e+00		0.0000000e+00		0.0000000e+00
1.6900000e+02		1.7000000e+02		1.6950000e+02		9.0554889e-01		0.0000000e+00		0.0000000e+00		0.0000000e+00		0.0000000e+00		0.0000000e+00
1.7000000e+02		1.7100000e+02		1.7050000e+02		1.0161854e+00		0.0000000e+00		0.0000000e+00		0.0000000e+00		0.0000000e+00		0.0000000e+00
1.7100000e+02		1.7200000e+02		1.7150000e+02		1.0130704e+00		0.0000000e+00		0.0000000e+00		0.0000000e+00		0.0000000e+00		0.0000000e+00
1.7200000e+02		1.7300000e+02		1.7250000e+02		1.0571150e+00		0.0000000e+00		0.0000000e+00		0.0000000e+00		0.0000000e+00		0.0000000e+00
1.7300000e+02		1.7400000e+02		1.7350000e+02		1.0479596e+00		0.0000000e+00		0.0000000e+00		0.0000000e+00		0.0000000e+00		0.0000000e+00
1.7400000e+02		1.7500000e+02		1.7450000e+02		1.2530722e+00		0.0000000e+00		0.0000000e+00		0.0000000e+00		0.0000000e+00		0.0000000e+00
1.7500000e+02		1.7600000e+02		1.7550000e+02		1.4954862e+00		0.0000000e+00		0.0000000e+00		0.0000000e+00		0.0000000e+00		0.0000000e+00
1.7600000e+02		1.7700000e+02		1.7650000e+02		1.6135596e+00		0.0000000e+00		0.0000000e+00		0.0000000e+00		0.0000000e+00		0.0000000e+00
1.7700000e+02		1.7800000e+02		1.7750000e+02		1.9010195e+00		0.0000000e+00		0.0000000e+00		0.0000000e+00		0.0000000e+00		0.0000000e+00
1.7800000e+02		1.7900000e+02		1.7850000e+02		2.0776624e+00		0.0000000e+00		0.0000000e+00		0.0000000e+00		0.0000000e+00		0.0000000e+00
1.7900000e+02		1.8000000e+02		1.7950000e+02		2.0198657e+00		0.0000000e+00		0.0000000e+00		0.0000000e+00		0.0000000e+00		0.0000000e+00
1.8000000e+02		1.8100000e+02		1.8050000e+02		2.4976225e+00		0.0000000e+00		0.0000000e+00		0.0000000e+00		0.0000000e+00		0.0000000e+00
1.8100000e+02		1.8200000e+02		1.8150000e+02		3.0410490e+00		0.0000000e+00		0.0000000e+00		0.0000000e+00		0.0000000e+00		0.0000000e+00
1.8200000e+02		1.8300000e+02		1.8250000e+02		2.8073836e+00		0.0000000e+00		0.0000000e+00		0.0000000e+00		0.0000000e+00		0.0000000e+00
1.8300000e+02		1.8400000e+02		1.8350000e+02		2.9562417e+00		0.0000000e+00		0.0000000e+00		0.0000000e+00		0.0000000e+00		0.0000000e+00
1.8400000e+02		1.8500000e+02		1.8450000e+02		2.5409769e+00		0.0000000e+00		0.0000000e+00		0.0000000e+00		0.0000000e+00		0.0000000e+00
1.8500000e+02		1.8600000e+02		1.8550000e+02		2.8735562e+00		0.0000000e+00		0.0000000e+00		0.0000000e+00		0.0000000e+00		0.0000000e+00
1.8600000e+02		1.8700000e+02		1.8650000e+02		3.2604304e+00		4.5375008e-268		0.0000000e+00		6.9086485e-268		7.5505868e-269		6.1535898e-268
1.8700000e+02		1.8800000e+02		1.8750000e+02		3.6946466e+00		2.0183690e-246		0.0000000e+00		3.0758899e-246		3.5670270e-247		2.7191872e-246
1.8800000e+02		1.8900000e+02		1.8850000e+02		3.8870616e+00		2.0865341e-145		0.0000000e+00		3.2131985e-145		6.1858833e-146		2.5946102e-145
1.8900000e+02		1.9000000e+02		1.8950000e+02		4.3106081e+00		2.2578594e-131		0.0000000e+00		3.4844338e-131		7.2468409e-132		2.7597498e-131
1.9000000e+02		1.9100000e+02		1.9050000e+02		4.4384288e+00		6.2966127e-83		5.9495997e-78		9.8740218e-83		3.1928282e-83		6.6811936e-83
1.9100000e+02		1.9200000e+02		1.9150000e+02		4.8094361e+00		6.8358917e-64		5.4144323e-60		1.0852744e-63		4.4606973e-64		6.3920471e-64
1.9200000e+02		1.9300000e+02		1.9250000e+02		5.0365493e+00		2.8737636e-50		3.9004024e-47		4.6283609e-50		2.3680645e-50		2.2602964e-50
1.9300000e+02		1.9400000e+02		1.9350000e+02		3.8447944e+00		8.7648172e-36		1.8379172e-33		1.4513631e-35		1.0192492e-35		4.3211388e-36
1.9400000e+02		1.9500000e+02		1.9450000e+02		6.1679797e+00		2.9477705e-28		2.4396252e-26		4.9753924e-28		4.1318791e-28		8.4351329e-29
1.9500000e+02		1.9600000e+02		1.9550000e+02		5.9528271e+00		6.4785014e-19		1.5967070e-17		1.1154198e-18		1.0721124e-18		4.3307323e-20
1.9600000e+02		1.9700000e+02		1.9650000e+02		6.5508102e+00		6.2110036e-15		9.1123613e-14		1.0729345e-14		1.0545305e-14		1.8404058e-16
1.9700000e+02		1.9800000e+02		1.9750000e+02		6.5190955e+00		3.1587272e-11		2.8558080e-10		5.4652884e-11		5.4278212e-11		3.7467278e-13
1.9800000e+02		1.9900000e+02		1.9850000e+02		6.3883794e+00		1.2451058e-07		7.1358588e-07		2.1558372e-07		2.1509871e-07		4.8501557e-10
1.9900000e+02		2.0000000e+02		1.9950000e+02		6.7274707e+00		2.3691753e-05		1.0393771e-04		4.1029221e-05		4.0989733e-05		3.9487844e-08
2.0000000e+02		2.0100000e+02		2.0050000e+02		7.1125146e+00		8.6502419e-04		3.2176963e-03		1.4981575e-03		1.4974563e-03		7.0126151e-07
2.0100000e+02		2.0200000e+02		2.0150000e+02		7.5701275e+00		1.0464932e-01		3.2772782e-01		1.8125548e-01		1.8123953e-01		1.5949544e-05
2.0200000e+02		2.0300000e+02		2.0250000e+02		7.4828608e+00		1.9260872e-01		5.9086781e-01		3.3360393e-01		3.3357709e-01		2.6847226e-05
2.0300000e+02		2.0400000e+02		2.0350000e+02		8.0092047e+00		5.8357068e-01		1.7425971e+00		1.0107656e+00		1.0107109e+00		5.4754314e-05
2.0400000e+02		2.0500000e+02		2.0450000e+02		8.6207445e+00		9.8073206e-01		2.8911188e+00		1.6986643e+00		1.6985771e+00		8.7169618e-05
2.0500000e+02		2.0600000e+02		2.0550000e+02		8.6400754e+00		1.0016379e+00		2.9362134e+00		1.7348703e+00		1.7347575e+00		1.1277001e-04
2.0600000e+02		2.0700000e+02		2.0650000e+02		8.6510225e+00		1.0218105e+00		2.9788578e+00		1.7698054e+00		1.7696606e+00		1.4471176e-04
2.0700000e+02		2.0800000e+02		2.0750000e+02		9.3957826e+00		1.1304942e+00		3.2778630e+00		1.9580425e+00		1.9578424e+00		2.0004982e-04
2.0800000e+02		2.0900000e+02		2.0850000e+02		1.0163489e+01		1.2454722e+00		3.5920252e+00		2.1571789e+00		2.1569053e+00		2.7360581e-04
2.0900000e+02		2.1000000e+02		2.0950000e+02		1.3129215e+01		1.6383619e+00		4.7004252e+00		2.8376575e+00		2.8372134e+00		4.4402042e-04
2.1000000e+02		2.1100000e+02		2.1050000e+02		1.6183343e+01		2.0560979e+00		5.8685593e+00		3.5611606e+00		3.5604773e+00		6.8329891e-04
2.1100000e+02		2.1200000e+02		2.1150000e+02		1.8424170e+01		2.3828309e+00		6.7667327e+00		4.1270350e+00		4.1260696e+00		9.6537089e-04
2.1200000e+02		2.1300000e+02		2.1250000e+02		1.6428561e+01		2.1625212e+00		6.1105639e+00		3.7454326e+00		3.7443705e+00		1.0620386e-03
2.1300000e+02		2.1400000e+02		2.1350000e+02		1.6737981e+01		2.2420533e+00		6.3043201e+00		3.8831451e+00		3.8818176e+00		1.3274898e-03
2.1400000e+02		2.1500000e+02		2.1450000e+02		2.1432541e+01		2.9209596e+00		8.1738169e+00		5.0589300e+00		5.0568559e+00		2.0740581e-03
2.1500000e+02		2.1600000e+02		2.1550000e+02		1.8408135e+01		2.5521036e+00		7.1078721e+00		4.4200392e+00		4.4178770e+00		2.1621410e-03
2.1600000e+02		2.1700000e+02		2.1650000e+02		1.7036901e+01		2.4023923e+00		6.6598029e+00		4.1606922e+00		4.1582758e+00		2.4164218e-03
2.1700000e+02		2.1800000e+02		2.1750000e+02		1.7640866e+01		2.5296869e+00		6.9806185e+00		4.3810819e+00		4.3780754e+00		3.0065013e-03
2.1800000e+02		2.1900000e+02		2.1850000e+02		2.3730294e+01		3.4599740e+00		9.5047887e+00		5.9921038e+00		5.9872674e+00		4.8364110e-03
2.1900000e+02		2.2000000e+02		2.1950000e+02		2.5052511e+01		3.7134167e+00		1.0155889e+01		6.4308875e+00		6.4248099e+00		6.0776337e-03
2.2000000e+02		2.2100000e+02		2.2050000e+02		2.5203754e+01		3.7972636e+00		1.0340013e+01		6.5759342e+00		6.5686889e+00		7.2453466e-03
2.2100000e+02		2.2200000e+02		2.2150000e+02		2.0176768e+01		3.0893786e+00		8.3764169e+00		5.3499036e+00		5.3430603e+00		6.8432811e-03
2.2200000e+02		2.2300000e+02		2.2250000e+02		2.7154039e+01		4.2247347e+00		1.1406529e+01		7.3157838e+00		7.3049636e+00		1.0820135e-02
2.2300000e+02		2.2400000e+02		2.2350000e+02		3.5163062e+01		5.5581357e+00		1.4944435e+01		9.6244411e+00		9.6080468e+00		1.6394317e-02
2.2400000e+02		2.2500000e+02		2.2450000e+02		3.2875934e+01		5.2787430e+00		1.4135327e+01		9.1402917e+00		9.1224280e+00		1.7863660e-02
2.2500000e+02		2.2600000e+02		2.2550000e+02		2.8720078e+01		4.6836130e+00		1.2491350e+01		8.1094571e+00		8.0913398e+00		1.8117294e-02
2.2600000e+02		2.2700000e+02		2.2650000e+02		2.1037217e+01		3.4838556e+00		9.2548409e+00		6.0318439e+00		6.0164945e+00		1.5349405e-02
2.2700000e+02		2.2800000e+02		2.2750000e+02		2.0463841e+01		3.4408798e+00		9.1051153e+00		5.9571207e+00		5.9399133e+00		1.7207385e-02
2.2800000e+02		2.2900000e+02		2.2850000e+02		2.8509984e+01		4.8665851e+00		1.2828429e+01		8.4249199e+00		8.3973887e+00		2.7531200e-02
2.2900000e+02		2.3000000e+02		2.2950000e+02		2.5620938e+01		4.4391759e+00		1.1657626e+01		7.6845042e+00		7.6561873e+00		2.8316853e-02
2.3000000e+02		2.3100000e+02		2.3050000e+02		2.9055844e+01		5.1092397e+00		1.3367415e+01		8.8438042e+00		8.8071714e+00		3.6632824e-02
2.3100000e+02		2.3200000e+02		2.3150000e+02		2.7387429e+01		4.8868100e+00		1.2738672e+01		8.4581383e+00		8.4188754e+00		3.9262914e-02
2.3200000e+02		2.3300000e+02		2.3250000e+02		2.9413108e+01		5.3247955e+00		1.3830335e+01		9.2154330e+00		9.1676344e+00		4.7798569e-02
2.3300000e+02		2.3400000e+02		2.3350000e+02		2.6543685e+01		4.8747005e+00		1.2616291e+01		8.4356988e+00		8.3869498e+00		4.8748987e-02
2.3400000e+02		2.3500000e+02		2.3450000e+02		2.3194371e+01		4.3204738e+00		1.1142725e+01		7.4758656e+00		7.4278654e+00		4.8000218e-02
2.3500000e+02		2.3600000e+02		2.3550000e+02		3.1223226e+01		5.8982939e+00		1.5159486e+01		1.0204930e+01		1.0132326e+01		7.2603447e-02
2.3600000e+02		2.3700000e+02		2.3650000e+02		2.8911473e+01		5.5380512e+00		1.4185159e+01		9.5805499e+00		9.5052202e+00		7.5329788e-02
2.3700000e+02		2.3800000e+02		2.3750000e+02		3.0878004e+01		5.9967063e+00		1.5308400e+01		1.0372712e+01		1.0282805e+01		8.9907384e-02
2.3800000e+02		2.3900000e+02		2.3850000e+02		2.5598090e+01		5.0394957e+00		1.2822240e+01		8.7158303e+00		8.6327555e+00		8.3074763e-02
2.3900000e+02		2.4000000e+02		2.3950000e+02		2.7890834e+01		5.5654024e+00		1.4114083e+01		9.6240153e+00		9.5233832e+00		1.0063206e-01
2.4000000e+02		2.4100000e+02		2.4050000e+02		2.5623038e+01		5.1815688e+00		1.3098320e+01		8.9589029e+00		8.8563736e+00		1.0252925e-01
2.4100000e+02		2.4200000e+02		2.4150000e+02		3.0005079e+01		6.1483907e+00		1.5492891e+01		1.0628806e+01		1.0495971e+01		1.3283520e-01
2.4200000e+02		2.4300000e+02		2.4250000e+02		4.1301739e+01		8.5745620e+00		2.1538606e+01		1.4820401e+01		1.4618576e+01		2.0182551e-01
2.4300000e+02		2.4400000e+02		2.4350000e+02		3.8791639e+01		8.1583057e+00		2.0429499e+01		1.4098353e+01		1.3889591e+01		2.0876192e-01
2.4400000e+02		2.4500000e+02		2.4450000e+02		3.6329084e+01		7.7388473e+00		1.9319821e+01		1.3370891e+01		1.3156050e+01		2.1484062e-01
2.4500000e+02		2.4600000e+02		2.4550000e+02		2.9476122e+01		6.3590805e+00		1.5827298e+01		1.0984726e+01		1.0793586e+01		1.9113963e-01
2.4600000e+02		2.4700000e+02		2.4650000e+02		2.8685918e+01		6.2666793e+00		1.5550761e+01		1.0822766e+01		1.0619219e+01		2.0354606e-01
2.4700000e+02		2.4800000e+02		2.4750000e+02		3.1678139e+01		7.0067418e+00		1.7335951e+01		1.2098117e+01		1.1852653e+01		2.4546349e-01
2.4800000e+02		2.4900000e+02		2.4850000e+02		2.5406301e+01		5.6889100e+00		1.4034381e+01		9.8203388e+00		9.6057803e+00		2.1455849e-01
2.4900000e+02		2.5000000e+02		2.4950000e+02		3.0967514e+01		7.0188986e+00		1.7265559e+01		1.2113146e+01		1.1828664e+01		2.8448168e-01
2.5000000e+02		2.5100000e+02		2.5050000e+02		3.3448743e+01		7.6729379e+00		1.8820680e+01		1.3238384e+01		1.2904757e+01		3.3362656e-01
2.5100000e+02		2.5200000e+02		2.5150000e+02		2.7888154e+01		6.4738938e+00		1.5834897e+01		1.1166545e+01		1.0865075e+01		3.0147011e-01
2.5200000e+02		2.5300000e+02		2.5250000e+02		2.5069906e+01		5.8885383e+00		1.4363061e+01		1.0153959e+01		9.8607663e+00		2.9319240e-01
2.5300000e+02		2.5400000e+02		2.5350000e+02		3.1592540e+01		7.5074738e+00		1.8261503e+01		1.2941688e+01		1.2542652e+01		3.9903612e-01
2.5400000e+02		2.5500000e+02		2.5450000e+02		3.5730773e+01		8.5891872e+00		2.0835842e+01		1.4801745e+01		1.4315148e+01		4.8659722e-01
2.5500000e+02		2.5600000e+02		2.5550000e+02		4.8755658e+01		1.1854449e+01		2.8679357e+01		2.0422104e+01		1.9707373e+01		7.1473131e-01
2.5600000e+02		2.5700000e+02		2.5650000e+02		6.2803876e+01		1.5443160e+01		3.7261965e+01		2.6595496e+01		2.5606022e+01		9.8947380e-01
2.5700000e+02		2.5800000e+02		2.5750000e+02		7.8843355e+01		1.9604481e+01		4.7177903e+01		3.3750060e+01		3.2417120e+01		1.3329397e+00
2.5800000e+02		2.5900000e+02		2.5850000e+02		8.2991293e+01		2.0864637e+01		5.0079471e+01		3.5906396e+01		3.4403080e+01		1.5033165e+00
2.5900000e+02		2.6000000e+02		2.5950000e+02		7.0629481e+01		1.7951481e+01		4.2976047e+01		3.0881442e+01		2.9512648e+01		1.3687942e+00
2.6000000e+02		2.6100000e+02		2.6050000e+02		5.7868388e+01		1.4867570e+01		3.5502164e+01		2.5566312e+01		2.4368176e+01		1.1981355e+00
2.6100000e+02		2.6200000e+02		2.6150000e+02		5.9092703e+01		1.5344952e+01		3.6549396e+01		2.6376611e+01		2.5071327e+01		1.3052837e+00
2.6200000e+02		2.6300000e+02		2.6250000e+02		7.0528613e+01		1.8508841e+01		4.3974883e+01		3.1801870e+01		3.0142083e+01		1.6597869e+00
2.6300000e+02		2.6400000e+02		2.6350000e+02		1.0614195e+02		2.8147041e+01		6.6708273e+01		4.8341567e+01		4.5683815e+01		2.6577518e+00
2.6400000e+02		2.6500000e+02		2.6450000e+02		1.6548208e+02		4.4338237e+01		1.0482320e+02		7.6115942e+01		7.1712851e+01		4.4030907e+00
2.6500000e+02		2.6600000e+02		2.6550000e+02		1.7356948e+02		4.6982157e+01		1.1080371e+02		8.0618386e+01		7.5717074e+01		4.9013119e+00
2.6600000e+02		2.6700000e+02		2.6650000e+02		1.6826276e+02		4.6007700e+01		1.0824413e+02		7.8909700e+01		7.3873233e+01		5.0364668e+00
2.6700000e+02		2.6800000e+02		2.6750000e+02		1.6940220e+02		4.6783819e+01		1.0980750e+02		8.0202722e+01		7.4834432e+01		5.3682900e+00
2.6800000e+02		2.6900000e+02		2.6850000e+02		1.6778062e+02		4.6795505e+01		1.0957532e+02		8.0183693e+01		7.4561180e+01		5.6225136e+00
2.6900000e+02		2.7000000e+02		2.6950000e+02		1.5737310e+02		4.4323145e+01		1.0354309e+02		7.5909470e+01		7.0338942e+01		5.5705280e+00
2.7000000e+02		2.7100000e+02		2.7050000e+02		1.8181465e+02		5.1703397e+01		1.2050389e+02		8.8504025e+01		8.1713718e+01		6.7903068e+00
2.7100000e+02		2.7200000e+02		2.7150000e+02		1.5108640e+02		4.3376903e+01		1.0086520e+02		7.4212353e+01		6.8265190e+01		5.9471631e+00
2.7200000e+02		2.7300000e+02		2.7250000e+02		1.2154404e+02		3.5225976e+01		8.1725181e+01		6.0235104e+01		5.5197977e+01		5.0371267e+00
2.7300000e+02		2.7400000e+02		2.7350000e+02		1.2960124e+02		3.7913018e+01		8.7760761e+01		6.4794675e+01		5.9145631e+01		5.6490445e+00
2.7400000e+02		2.7500000e+02		2.7450000e+02		8.9183780e+01		2.6331097e+01		6.0814780e+01		4.4975884e+01		4.0891458e+01		4.0844264e+00
2.7500000e+02		2.7600000e+02		2.7550000e+02		1.1893609e+02		3.5436847e+01		8.1664310e+01		6.0495237e+01		5.4777667e+01		5.7175696e+00
2.7600000e+02		2.7700000e+02		2.7650000e+02		1.6564211e+02		4.9799544e+01		1.1451132e+02		8.4965478e+01		7.6615129e+01		8.3503490e+00
2.7700000e+02		2.7800000e+02		2.7750000e+02		1.5837296e+02		4.8040124e+01		1.1022539e+02		8.1915874e+01		7.3551289e+01		8.3645845e+00
2.7800000e+02		2.7900000e+02		2.7850000e+02		1.0921797e+02		3.3422685e+01		7.6521230e+01		5.6957117e+01		5.0919161e+01		6.0379563e+00
2.7900000e+02		2.8000000e+02		2.7950000e+02		6.1368404e+01		1.8944027e+01		4.3279723e+01		3.2263962e+01		2.8715945e+01		3.5480168e+00
2.8000000e+02		2.8100000e+02		2.8050000e+02		6.7313201e+01		2.0958705e+01		4.7781149e+01		3.5673417e+01		3.1607040e+01		4.0663769e+00
2.8100000e+02		2.8200000e+02		2.8150000e+02		1.3943196e+02		4.3784478e+01		9.9609465e+01		7.4478611e+01		6.5685011e+01		8.7936000e+00
2.8200000e+02		2.8300000e+02		2.8250000e+02		1.8983287e+02		6.0114634e+01		1.3647628e+02		1.0219252e+02		8.9703973e+01		1.2488546e+01
2.8300000e+02		2.8400000e+02		2.8350000e+02		1.9610227e+02		6.2618128e+01		1.4186712e+02		1.0638074e+02		9.2934317e+01		1.3446419e+01
2.8400000e+02		2.8500000e+02		2.8450000e+02		1.4459284e+02		4.6551216e+01		1.0525083e+02		7.9034114e+01		6.8708640e+01		1.0325475e+01
2.8500000e+02		2.8600000e+02		2.8550000e+02		9.2944992e+01		3.0167237e+01		6.8069239e+01		5.1184270e+01		4.4277229e+01		6.9070411e+00
2.8600000e+02		2.8700000e+02		2.8650000e+02		1.9045522e+02		6.2314149e+01		1.4032364e+02		1.0565789e+02		9.0940425e+01		1.4717467e+01
2.8700000e+02		2.8800000e+02		2.8750000e+02		2.2108403e+02		7.2911281e+01		1.6386102e+02		1.2354391e+02		1.0579177e+02		1.7752134e+01
2.8800000e+02		2.8900000e+02		2.8850000e+02		2.1010240e+02		6.9834766e+01		1.5663803e+02		1.1825152e+02		1.0073437e+02		1.7517149e+01
2.8900000e+02		2.9000000e+02		2.8950000e+02		3.1885068e+02		1.0680497e+02		2.3909439e+02		1.8073084e+02		1.5314715e+02		2.7583683e+01
2.9000000e+02		2.9100000e+02		2.9050000e+02		4.1860542e+02		1.4129700e+02		3.1569740e+02		2.3893341e+02		2.0138405e+02		3.7549357e+01
2.9100000e+02		2.9200000e+02		2.9150000e+02		4.0318642e+02		1.3712572e+02		3.0579108e+02		2.3172000e+02		1.9424486e+02		3.7475145e+01
2.9200000e+02		2.9300000e+02		2.9250000e+02		3.5818014e+02		1.2273284e+02		2.7317575e+02		2.0725438e+02		1.7278033e+02		3.4474047e+01
2.9300000e+02		2.9400000e+02		2.9350000e+02		3.7393440e+02		1.2908112e+02		2.8676565e+02		2.1782200e+02		1.8057772e+02		3.7244275e+01
2.9400000e+02		2.9500000e+02		2.9450000e+02		3.4819581e+02		1.2107681e+02		2.6848250e+02		2.0417097e+02		1.6830462e+02		3.5866353e+01
2.9500000e+02		2.9600000e+02		2.9550000e+02		3.7701055e+02		1.3204549e+02		2.9226493e+02		2.2250955e+02		1.8237217e+02		4.0137381e+01
2.9600000e+02		2.9700000e+02		2.9650000e+02		3.4493460e+02		1.2167529e+02		2.6881970e+02		2.0488855e+02		1.6695685e+02		3.7931706e+01
2.9700000e+02		2.9800000e+02		2.9750000e+02		3.5165811e+02		1.2492379e+02		2.7549696e+02		2.1020785e+02		1.7028695e+02		3.9920899e+01
2.9800000e+02		2.9900000e+02		2.9850000e+02		3.0223333e+02		1.0811587e+02		2.3800245e+02		1.8179424e+02		1.4639567e+02		3.5398568e+01
2.9900000e+02		3.0000000e+02		2.9950000e+02		3.4101318e+02		1.2283014e+02		2.6991347e+02		2.0638636e+02		1.6520191e+02		4.1184446e+01
3.0000000e+02		3.0100000e+02		3.0050000e+02		2.7131061e+02		9.8390165e+01		2.1582723e+02		1.6520065e+02		1.3143245e+02		3.3768204e+01
3.0100000e+02		3.0200000e+02		3.0150000e+02		3.1202593e+02		1.1391780e+02		2.4945275e+02		1.9113246e+02		1.5113093e+02		4.0001530e+01
3.0200000e+02		3.0300000e+02		3.0250000e+02		3.2846528e+02		1.2071789e+02		2.6388680e+02		2.0239329e+02		1.5904313e+02		4.3350166e+01
3.0300000e+02		3.0400000e+02		3.0350000e+02		4.2601061e+02		1.5759754e+02		3.4391567e+02		2.6403077e+02		2.0617953e+02		5.7851242e+01
3.0400000e+02		3.0500000e+02		3.0450000e+02		4.0776836e+02		1.5182923e+02		3.3076652e+02		2.5417932e+02		1.9723149e+02		5.6947830e+01
3.0500000e+02		3.0600000e+02		3.0550000e+02		4.1174793e+02		1.5429524e+02		3.3557481e+02		2.5811678e+02		1.9900806e+02		5.9108722e+01
3.0600000e+02		3.0700000e+02		3.0650000e+02		3.9053943e+02		1.4727600e+02		3.1977646e+02		2.4619197e+02		1.8859081e+02		5.7601154e+01
3.0700000e+02		3.0800000e+02		3.0750000e+02		4.3847484e+02		1.6638909e+02		3.6068168e+02		2.7793572e+02		2.1152300e+02		6.6412719e+01
3.0800000e+02		3.0900000e+02		3.0850000e+02		4.3035211e+02		1.6431784e+02		3.5561131e+02		2.7427190e+02		2.0736525e+02		6.6906650e+01
3.0900000e+02		3.1000000e+02		3.0950000e+02		3.4901328e+02		1.3407604e+02		2.8969471e+02		2.2362712e+02		1.6795615e+02		5.5670971e+01
3.1000000e+02		3.1100000e+02		3.1050000e+02		4.3927411e+02		1.6977022e+02		3.6623201e+02		2.8295098e+02		2.1109370e+02		7.1857284e+01
3.1100000e+02		3.1200000e+02		3.1150000e+02		5.2246540e+02		2.0312748e+02		4.3749763e+02		3.3829422e+02		2.5068456e+02		8.7609656e+01
3.1200000e+02		3.1300000e+02		3.1250000e+02		4.6521908e+02		1.8193777e+02		3.9124508e+02		3.0277836e+02		2.2284538e+02		7.9932985e+01
3.1300000e+02		3.1400000e+02		3.1350000e+02		4.9544367e+02		1.9488712e+02		4.1844164e+02		3.2408666e+02		2.3689889e+02		8.7187766e+01
3.1400000e+02		3.1500000e+02		3.1450000e+02		4.6729179e+02		1.8487158e+02		3.9632764e+02		3.0720218e+02		2.2301138e+02		8.4190791e+01
3.1500000e+02		3.1600000e+02		3.1550000e+02		4.5343123e+02		1.8040833e+02		3.8617121e+02		2.9956218e+02		2.1595779e+02		8.3604397e+01
3.1600000e+02		3.1700000e+02		3.1650000e+02		4.4229406e+02		1.7696598e+02		3.7823245e+02		2.9362746e+02		2.1020180e+02		8.3425669e+01
3.1700000e+02		3.1800000e+02		3.1750000e+02		5.6102832e+02		2.2571877e+02		4.8171366e+02		3.7424101e+02		2.6602851e+02		1.0821249e+02
3.1800000e+02		3.1900000e+02		3.1850000e+02		4.6340678e+02		1.8746515e+02		3.9948514e+02		3.1058568e+02		2.1921738e+02		9.1368305e+01
3.1900000e+02		3.2000000e+02		3.1950000e+02		4.9774832e+02		2.0244853e+02		4.3078441e+02		3.3516075e+02		2.3487866e+02		1.0028210e+02
3.2000000e+02		3.2100000e+02		3.2050000e+02		5.7184857e+02		2.3383216e+02		4.9684545e+02		3.8683073e+02		2.6914653e+02		1.1768419e+02
3.2100000e+02		3.2200000e+02		3.2150000e+02		4.8024660e+02		1.9741400e+02		4.1886409e+02		3.2634237e+02		2.2542379e+02		1.0091859e+02
3.2200000e+02		3.2300000e+02		3.2250000e+02		4.8228681e+02		1.9928833e+02		4.2224209e+02		3.2919775e+02		2.2574755e+02		1.0345020e+02
3.2300000e+02		3.2400000e+02		3.2350000e+02		4.6607071e+02		1.9358150e+02		4.0957579e+02		3.1953547e+02		2.1752394e+02		1.0201152e+02
3.2400000e+02		3.2500000e+02		3.2450000e+02		5.4882129e+02		2.2911398e+02		4.8408214e+02		3.7790953e+02		2.5537595e+02		1.2253358e+02
3.2500000e+02		3.2600000e+02		3.2550000e+02		6.3196128e+02		2.6515090e+02		5.5945326e+02		4.3702999e+02		2.9315027e+02		1.4387973e+02
3.2600000e+02		3.2700000e+02		3.2650000e+02		7.1301257e+02		3.0064604e+02		6.3348396e+02		4.9517244e+02		3.2968987e+02		1.6548257e+02
3.2700000e+02		3.2800000e+02		3.2750000e+02		6.8984049e+02		2.9230529e+02		6.1508105e+02		4.8108461e+02		3.1792471e+02		1.6315990e+02
3.2800000e+02		3.2900000e+02		3.2850000e+02		6.6596082e+02		2.8355720e+02		5.9587887e+02		4.6634824e+02		3.0587984e+02		1.6046840e+02
3.2900000e+02		3.3000000e+02		3.2950000e+02		7.7527139e+02		3.3168392e+02		6.9609639e+02		5.4510483e+02		3.5484823e+02		1.9025660e+02
3.3000000e+02		3.3100000e+02		3.3050000e+02		7.3029799e+02		3.1392389e+02		6.5796528e+02		5.1554560e+02		3.3307084e+02		1.8247476e+02
3.3100000e+02		3.3200000e+02		3.3150000e+02		6.9881652e+02		3.0179795e+02		6.3173433e+02		4.9527602e+02		3.1754768e+02		1.7772834e+02
3.3200000e+02		3.3300000e+02		3.3250000e+02		6.8562051e+02		2.9746874e+02		6.2187773e+02		4.8782257e+02		3.1038537e+02		1.7743720e+02
3.3300000e+02		3.3400000e+02		3.3350000e+02		6.5878216e+02		2.8713070e+02		5.9950751e+02		4.7053402e+02		2.9709412e+02		1.7343990e+02
3.3400000e+02		3.3500000e+02		3.3450000e+02		6.9405546e+02		3.0387039e+02		6.3366618e+02		4.9761329e+02		3.1177769e+02		1.8583560e+02
3.3500000e+02		3.3600000e+02		3.3550000e+02		6.8541663e+02		3.0142670e+02		6.2779339e+02		4.9326335e+02		3.0666814e+02		1.8659521e+02
3.3600000e+02		3.3700000e+02		3.3650000e+02		5.6469084e+02		2.4942928e+02		5.1886101e+02		4.0788668e+02		2.5162465e+02		1.5626203e+02
3.3700000e+02		3.3800000e+02		3.3750000e+02		5.9573781e+02		2.6428863e+02		5.4910618e+02		4.3188388e+02		2.6435768e+02		1.6752620e+02
3.3800000e+02		3.3900000e+02		3.3850000e+02		6.4448401e+02		2.8714377e+02		5.9587767e+02		4.6890604e+02		2.8478025e+02		1.8412580e+02
3.3900000e+02		3.4000000e+02		3.3950000e+02		6.7448220e+02		3.0178614e+02		6.2552174e+02		4.9247608e+02		2.9675388e+02		1.9572220e+02
3.4000000e+02		3.4100000e+02		3.4050000e+02		7.1196374e+02		3.1989398e+02		6.6227769e+02		5.2166647e+02		3.1187454e+02		2.0979194e+02
3.4100000e+02		3.4200000e+02		3.4150000e+02		6.4984945e+02		2.9319631e+02		6.0630194e+02		4.7780197e+02		2.8339977e+02		1.9440220e+02
3.4200000e+02		3.4300000e+02		3.4250000e+02		7.0477558e+02		3.1928063e+02		6.5948487e+02		5.1995553e+02		3.0596480e+02		2.1399072e+02
3.4300000e+02		3.4400000e+02		3.4350000e+02		6.9264465e+02		3.1505535e+02		6.5001940e+02		5.1272718e+02		2.9931937e+02		2.1340781e+02
3.4400000e+02		3.4500000e+02		3.4450000e+02		5.5710877e+02		2.5441926e+02		5.2432667e+02		4.1376808e+02		2.3962851e+02		1.7413957e+02
3.4500000e+02		3.4600000e+02		3.4550000e+02		6.7138909e+02		3.0782020e+02		6.3367541e+02		5.0028021e+02		2.8742065e+02		2.1285956e+02
3.4600000e+02		3.4700000e+02		3.4650000e+02		6.5194093e+02		3.0007057e+02		6.1704402e+02		4.8736075e+02		2.7775941e+02		2.0960134e+02
3.4700000e+02		3.4800000e+02		3.4750000e+02		6.4525828e+02		2.9814038e+02		6.1240923e+02		4.8390558e+02		2.7357927e+02		2.1032631e+02
3.4800000e+02		3.4900000e+02		3.4850000e+02		6.6761091e+02		3.0964401e+02		6.3535571e+02		5.0224655e+02		2.8166630e+02		2.2058025e+02
3.4900000e+02		3.5000000e+02		3.4950000e+02		6.3989005e+02		2.9790440e+02		6.1061794e+02		4.8288912e+02		2.6862848e+02		2.1426065e+02
3.5000000e+02		3.5100000e+02		3.5050000e+02		7.6650484e+02		3.5817829e+02		7.3339058e+02		5.8021345e+02		3.2016271e+02		2.6005074e+02
3.5100000e+02		3.5200000e+02		3.5150000e+02		7.1211510e+02		3.3398587e+02		6.8314449e+02		5.4067523e+02		2.9593046e+02		2.4474477e+02
3.5200000e+02		3.5300000e+02		3.5250000e+02		6.5785102e+02		3.0965634e+02		6.3272909e+02		5.0096806e+02		2.7197293e+02		2.2899513e+02
3.5300000e+02		3.5400000e+02		3.5350000e+02		7.5263834e+02		3.5554494e+02		7.2575590e+02		5.7484149e+02		3.0954133e+02		2.6530016e+02
3.5400000e+02		3.5500000e+02		3.5450000e+02		8.0329241e+02		3.8081938e+02		7.7656569e+02		6.1531576e+02		3.2863682e+02		2.8667894e+02
3.5500000e+02		3.5600000e+02		3.5550000e+02		7.5433512e+02		3.5886295e+02		7.3106443e+02		5.7947525e+02		3.0696843e+02		2.7250682e+02
3.5600000e+02		3.5700000e+02		3.5650000e+02		6.5576441e+02		3.1304947e+02		6.3710738e+02		5.0518262e+02		2.6542457e+02		2.3975805e+02
3.5700000e+02		3.5800000e+02		3.5750000e+02		5.7307986e+02		2.7451324e+02		5.5813630e+02		4.4272064e+02		2.3070123e+02		2.1201941e+02
3.5800000e+02		3.5900000e+02		3.5850000e+02		4.9194729e+02		2.3644607e+02		4.8027620e+02		3.8109350e+02		1.9695766e+02		1.8413584e+02
3.5900000e+02		3.6000000e+02		3.5950000e+02		7.1030971e+02		3.4253842e+02		6.9511208e+02		5.5175159e+02		2.8281350e+02		2.6893810e+02
3.6000000e+02		3.6100000e+02		3.6050000e+02		7.0092701e+02		3.3912919e+02		6.8754616e+02		5.4592913e+02		2.7752510e+02		2.6840403e+02
3.6100000e+02		3.6200000e+02		3.6150000e+02		6.5110481e+02		3.1605100e+02		6.4016145e+02		5.0847193e+02		2.5635213e+02		2.5211980e+02
3.6200000e+02		3.6300000e+02		3.6250000e+02		7.3500056e+02		3.5792423e+02		7.2430847e+02		5.7549500e+02		2.8774659e+02		2.8774841e+02
3.6300000e+02		3.6400000e+02		3.6350000e+02		7.1558904e+02		3.4958094e+02		7.0678082e+02		5.6174703e+02		2.7854993e+02		2.8319710e+02
3.6400000e+02		3.6500000e+02		3.6450000e+02		7.4837927e+02		3.6675002e+02		7.4082575e+02		5.8898972e+02		2.8964017e+02		2.9934954e+02
3.6500000e+02		3.6600000e+02		3.6550000e+02		8.5179486e+02		4.1872765e+02		8.4506636e+02		6.7207180e+02		3.2775625e+02		3.4431555e+02
3.6600000e+02		3.6700000e+02		3.6650000e+02		9.1042532e+02		4.4892448e+02		9.0521135e+02		7.2012143e+02		3.4827385e+02		3.7184757e+02
3.6700000e+02		3.6800000e+02		3.6750000e+02		8.7909512e+02		4.3479193e+02		8.7595127e+02		6.9705055e+02		3.3431439e+02		3.6273616e+02
3.6800000e+02		3.6900000e+02		3.6850000e+02		8.1047729e+02		4.0205699e+02		8.0930466e+02		6.4420296e+02		3.0639749e+02		3.3780547e+02
3.6900000e+02		3.7000000e+02		3.6950000e+02		8.9967825e+02		4.4763068e+02		9.0027333e+02		7.1681848e+02		3.3809567e+02		3.7872281e+02
3.7000000e+02		3.7100000e+02		3.7050000e+02		8.4427990e+02		4.2129842e+02		8.4660063e+02		6.7427240e+02		3.1537711e+02		3.5889529e+02
3.7100000e+02		3.7200000e+02		3.7150000e+02		8.7164560e+02		4.3621358e+02		8.7584290e+02		6.9775486e+02		3.2363736e+02		3.7411750e+02
3.7200000e+02		3.7300000e+02		3.7250000e+02		7.2411383e+02		3.6341866e+02		7.2908229e+02		5.8099313e+02		2.6722962e+02		3.1376351e+02
3.7300000e+02		3.7400000e+02		3.7350000e+02		6.3155746e+02		3.1786292e+02		6.3717020e+02		5.0788533e+02		2.3165096e+02		2.7623437e+02
3.7400000e+02		3.7500000e+02		3.7450000e+02		6.4642322e+02		3.2625428e+02		6.5346451e+02		5.2100991e+02		2.3564946e+02		2.8536045e+02
3.7500000e+02		3.7600000e+02		3.7550000e+02		7.4036161e+02		3.7469792e+02		7.4989619e+02		5.9804923e+02		2.6822967e+02		3.2981956e+02
3.7600000e+02		3.7700000e+02		3.7650000e+02		7.6758018e+02		3.8953392e+02		7.7897421e+02		6.2139644e+02		2.7636663e+02		3.4502981e+02
3.7700000e+02		3.7800000e+02		3.7750000e+02		9.0048278e+02		4.5821287e+02		9.1560216e+02		7.3056778e+02		3.2219742e+02		4.0837036e+02
3.7800000e+02		3.7900000e+02		3.7850000e+02		9.3786543e+02		4.7850791e+02		9.5541958e+02		7.6252488e+02		3.3347106e+02		4.2905383e+02
3.7900000e+02		3.8000000e+02		3.7950000e+02		7.6051322e+02		3.8904392e+02		7.7619860e+02		6.1963668e+02		2.6870881e+02		3.5092787e+02
3.8000000e+02		3.8100000e+02		3.8050000e+02		8.2814537e+02		4.2474517e+02		8.4678967e+02		6.7614901e+02		2.9075426e+02		3.8539475e+02
3.8100000e+02		3.8200000e+02		3.8150000e+02		7.4366886e+02		3.8240042e+02		7.6180178e+02		6.0842874e+02		2.5943625e+02		3.4899249e+02
3.8200000e+02		3.8300000e+02		3.8250000e+02		5.3336093e+02		2.7495645e+02		5.4735320e+02		4.3725478e+02		1.8488059e+02		2.5237419e+02
3.8300000e+02		3.8400000e+02		3.8350000e+02		4.7073026e+02		2.4327978e+02		4.8394213e+02		3.8668546e+02		1.6212468e+02		2.2456078e+02
3.8400000e+02		3.8500000e+02		3.8450000e+02		6.2969557e+02		3.2624443e+02		6.4851154e+02		5.1829616e+02		2.1547785e+02		3.0281831e+02
3.8500000e+02		3.8600000e+02		3.8550000e+02		6.6694888e+02		3.4639462e+02		6.8807599e+02		5.5003579e+02		2.2675034e+02		3.2328545e+02
3.8600000e+02		3.8700000e+02		3.8650000e+02		6.6977732e+02		3.4870876e+02		6.9218507e+02		5.5343862e+02		2.2623405e+02		3.2720457e+02
3.8700000e+02		3.8800000e+02		3.8750000e+02		6.6902499e+02		3.4915355e+02		6.9258538e+02		5.5387494e+02		2.2450758e+02		3.2936736e+02
3.8800000e+02		3.8900000e+02		3.8850000e+02		6.7841027e+02		3.5489204e+02		7.0348359e+02		5.6270659e+02		2.2616817e+02		3.3653842e+02
3.8900000e+02		3.9000000e+02		3.8950000e+02		8.1451188e+02		4.2708976e+02		8.4602082e+02		6.7685749e+02		2.6975934e+02		4.0709815e+02
3.9000000e+02		3.9100000e+02		3.9050000e+02		8.5560997e+02		4.4968023e+02		8.9017039e+02		7.1232146e+02		2.8150410e+02		4.3081736e+02
3.9100000e+02		3.9200000e+02		3.9150000e+02		9.2006232e+02		4.8466303e+02		9.5878216e+02		7.6737582e+02		3.0070875e+02		4.6666707e+02
3.9200000e+02		3.9300000e+02		3.9250000e+02		7.0614281e+02		3.7281940e+02		7.3704239e+02		5.9001698e+02		2.2926179e+02		3.6075519e+02
3.9300000e+02		3.9400000e+02		3.9350000e+02		4.3291589e+02		2.2907704e+02		4.5257714e+02		3.6236576e+02		1.3961871e+02		2.2274706e+02
3.9400000e+02		3.9500000e+02		3.9450000e+02		7.1565803e+02		3.7952866e+02		7.4933469e+02		6.0008330e+02		2.2926484e+02		3.7081846e+02
3.9500000e+02		3.9600000e+02		3.9550000e+02		8.7888136e+02		4.6711017e+02		9.2166669e+02		7.3822617e+02		2.7966952e+02		4.5855666e+02
3.9600000e+02		3.9700000e+02		3.9650000e+02		6.0712893e+02		3.2337707e+02		6.3766145e+02		5.1083925e+02		1.9189787e+02		3.1894138e+02
3.9700000e+02		3.9800000e+02		3.9750000e+02		6.8053003e+02		3.6324876e+02		7.1583756e+02		5.7356924e+02		2.1364980e+02		3.5991944e+02
3.9800000e+02		3.9900000e+02		3.9850000e+02		1.0480559e+03		5.6060802e+02		1.1040838e+03		8.8480881e+02		3.2681161e+02		5.5799720e+02
3.9900000e+02		4.0000000e+02		3.9950000e+02		1.1577145e+03		6.2056024e+02		1.2214116e+03		9.7900346e+02		3.5856214e+02		6.2044133e+02
4.0000000e+02		4.0100000e+02		4.0050000e+02		1.1939713e+03		6.4131839e+02		1.2615081e+03		1.0113136e+03		3.6728152e+02		6.4403210e+02
4.0100000e+02		4.0200000e+02		4.0150000e+02		1.2509583e+03		6.7330189e+02		1.3236323e+03		1.0612937e+03		3.8219307e+02		6.7910062e+02
4.0200000e+02		4.0300000e+02		4.0250000e+02		1.2664199e+03		6.8300189e+02		1.3419101e+03		1.0761256e+03		3.8427776e+02		6.9184780e+02
4.0300000e+02		4.0400000e+02		4.0350000e+02		1.2115903e+03		6.5473756e+02		1.2856289e+03		1.0311581e+03		3.6512690e+02		6.6603125e+02
4.0400000e+02		4.0500000e+02		4.0450000e+02		1.1914959e+03		6.4515126e+02		1.2660753e+03		1.0156363e+03		3.5661064e+02		6.5902568e+02
4.0500000e+02		4.0600000e+02		4.0550000e+02		1.1904731e+03		6.4585716e+02		1.2667381e+03		1.0163270e+03		3.5385752e+02		6.6246948e+02
4.0600000e+02		4.0700000e+02		4.0650000e+02		1.1388815e+03		6.1906151e+02		1.2134986e+03		9.7376186e+02		3.3619254e+02		6.3756932e+02
4.0700000e+02		4.0800000e+02		4.0750000e+02		1.1575323e+03		6.3040168e+02		1.2350388e+03		9.9119689e+02		3.3934164e+02		6.5185525e+02
4.0800000e+02		4.0900000e+02		4.0850000e+02		1.2307397e+03		6.7153731e+02		1.3149034e+03		1.0554507e+03		3.5830984e+02		6.9714088e+02
4.0900000e+02		4.1000000e+02		4.0950000e+02		1.2243097e+03		6.6927679e+02		1.3097625e+03		1.0514786e+03		3.5397002e+02		6.9750856e+02
4.1000000e+02		4.1100000e+02		4.1050000e+02		1.1216634e+03		6.1429717e+02		1.2015199e+03		9.6472079e+02		3.2204368e+02		6.4267711e+02
4.1100000e+02		4.1200000e+02		4.1150000e+02		1.3003372e+03		7.1345159e+02		1.3947142e+03		1.1199991e+03		3.7074886e+02		7.4925027e+02
4.1200000e+02		4.1300000e+02		4.1250000e+02		1.2760342e+03		7.0138193e+02		1.3703959e+03		1.1006250e+03		3.6128713e+02		7.3933789e+02
4.1300000e+02		4.1400000e+02		4.1350000e+02		1.2308584e+03		6.7775914e+02		1.3235494e+03		1.0631472e+03		3.4606648e+02		7.1708069e+02
4.1400000e+02		4.1500000e+02		4.1450000e+02		1.2488872e+03		6.8890119e+02		1.3446135e+03		1.0802137e+03		3.4868319e+02		7.3153053e+02
4.1500000e+02		4.1600000e+02		4.1550000e+02		1.2477523e+03		6.8947739e+02		1.3450511e+03		1.0807098e+03		3.4592966e+02		7.3478013e+02
4.1600000e+02		4.1700000e+02		4.1650000e+02		1.2947363e+03		7.1667545e+02		1.3974037e+03		1.1229215e+03		3.5644111e+02		7.6648041e+02
4.1700000e+02		4.1800000e+02		4.1750000e+02		1.1781342e+03		6.5324672e+02		1.2730915e+03		1.0231598e+03		3.2206526e+02		7.0109451e+02
4.1800000e+02		4.1900000e+02		4.1850000e+02		1.2217101e+03		6.7855293e+02		1.3217566e+03		1.0624067e+03		3.3163143e+02		7.3077526e+02
4.1900000e+02		4.2000000e+02		4.1950000e+02		1.2338424e+03		6.8643636e+02		1.3364593e+03		1.0743596e+03		3.3256883e+02		7.4179080e+02
4.2000000e+02		4.2100000e+02		4.2050000e+02		1.2494927e+03		6.9629192e+02		1.3549923e+03		1.0893930e+03		3.3441518e+02		7.5497781e+02
4.2100000e+02		4.2200000e+02		4.2150000e+02		1.2299982e+03		6.8654859e+02		1.3353929e+03		1.0737663e+03		3.2687625e+02		7.4689009e+02
4.2200000e+02		4.2300000e+02		4.2250000e+02		1.1657134e+03		6.5171840e+02		1.2670458e+03		1.0189321e+03		3.0760521e+02		7.1132686e+02
4.2300000e+02		4.2400000e+02		4.2350000e+02		1.2419943e+03		6.9547498e+02		1.3514831e+03		1.0869635e+03		3.2541760e+02		7.6154586e+02
4.2400000e+02		4.2500000e+02		4.2450000e+02		1.2850442e+03		7.2071922e+02		1.3998908e+03		1.1260279e+03		3.3431488e+02		7.9171302e+02
4.2500000e+02		4.2600000e+02		4.2550000e+02		1.2367256e+03		6.9470437e+02		1.3487431e+03		1.0850109e+03		3.1946554e+02		7.6554539e+02
4.2600000e+02		4.2700000e+02		4.2650000e+02		1.2316584e+03		6.9292814e+02		1.3446854e+03		1.0818691e+03		3.1590093e+02		7.6596816e+02
4.2700000e+02		4.2800000e+02		4.2750000e+02		1.1420512e+03		6.4349835e+02		1.2482033e+03		1.0043562e+03		2.9083942e+02		7.1351683e+02
4.2800000e+02		4.2900000e+02		4.2850000e+02		1.1495483e+03		6.4870286e+02		1.2577410e+03		1.0121418e+03		2.9066932e+02		7.2147250e+02
4.2900000e+02		4.3000000e+02		4.2950000e+02		1.0698649e+03		6.0464035e+02		1.1717962e+03		9.4308159e+02		2.6859786e+02		6.7448372e+02
4.3000000e+02		4.3100000e+02		4.3050000e+02		8.6065012e+02		4.8712160e+02		9.4363483e+02		7.5953442e+02		2.1453560e+02		5.4499882e+02
4.3100000e+02		4.3200000e+02		4.3150000e+02		1.0641754e+03		6.0319756e+02		1.1679918e+03		9.4021881e+02		2.6337993e+02		6.7683887e+02
4.3200000e+02		4.3300000e+02		4.3250000e+02		1.1990384e+03		6.8062548e+02		1.3173587e+03		1.0605671e+03		2.9464361e+02		7.6592354e+02
4.3300000e+02		4.3400000e+02		4.3350000e+02		1.3017454e+03		7.3998536e+02		1.4316491e+03		1.1526967e+03		3.1760132e+02		8.3509534e+02
4.3400000e+02		4.3500000e+02		4.3450000e+02		1.1054356e+03		6.2928271e+02		1.2169671e+03		9.7994328e+02		2.6778114e+02		7.1216215e+02
4.3500000e+02		4.3600000e+02		4.3550000e+02		1.2347447e+03		7.0387928e+02		1.3606696e+03		1.0957661e+03		2.9696966e+02		7.9879644e+02
4.3600000e+02		4.3700000e+02		4.3650000e+02		1.3814970e+03		7.8862961e+02		1.5238808e+03		1.2273222e+03		3.2989175e+02		8.9743043e+02
4.3700000e+02		4.3800000e+02		4.3750000e+02		1.2223713e+03		6.9875021e+02		1.3496623e+03		1.0871126e+03		2.8980746e+02		7.9730518e+02
4.3800000e+02		4.3900000e+02		4.3850000e+02		1.1905029e+03		6.8145717e+02		1.3157363e+03		1.0598869e+03		2.8023360e+02		7.7965327e+02
4.3900000e+02		4.4000000e+02		4.3950000e+02		1.3250738e+03		7.5950594e+02		1.4658531e+03		1.1809234e+03		3.0967896e+02		8.7124445e+02
4.4000000e+02		4.4100000e+02		4.4050000e+02		1.2562739e+03		7.2102817e+02		1.3910486e+03		1.1207626e+03		2.9149862e+02		8.2926398e+02
4.4100000e+02		4.4200000e+02		4.4150000e+02		1.3817384e+03		7.9408020e+02		1.5313942e+03		1.2339508e+03		3.1831511e+02		9.1563564e+02
4.4200000e+02		4.4300000e+02		4.4250000e+02		1.4526378e+03		8.3591180e+02		1.6114523e+03		1.2985755e+03		3.3225146e+02		9.6632402e+02
4.4300000e+02		4.4400000e+02		4.4350000e+02		1.4050936e+03		8.0959340e+02		1.5601273e+03		1.2573268e+03		3.1907434e+02		9.3825247e+02
4.4400000e+02		4.4500000e+02		4.4450000e+02		1.4475318e+03		8.3510768e+02		1.6086938e+03		1.2965802e+03		3.2635544e+02		9.7022471e+02
4.4500000e+02		4.4600000e+02		4.4550000e+02		1.3420773e+03		7.7524453e+02		1.4928259e+03		1.2032960e+03		3.0041081e+02		9.0288514e+02
4.4600000e+02		4.4700000e+02		4.4650000e+02		1.3689269e+03		7.9173979e+02		1.5240323e+03		1.2285540e+03		3.0422353e+02		9.2433045e+02
4.4700000e+02		4.4800000e+02		4.4750000e+02		1.4837056e+03		8.5918222e+02		1.6532551e+03		1.3328345e+03		3.2736642e+02		1.0054681e+03
4.4800000e+02		4.4900000e+02		4.4850000e+02		1.4587166e+03		8.4574251e+02		1.6268118e+03		1.3116242e+03		3.1954394e+02		9.9208030e+02
4.4900000e+02		4.5000000e+02		4.4950000e+02		1.4737837e+03		8.5551003e+02		1.6450172e+03		1.3264102e+03		3.2052817e+02		1.0058820e+03
4.5000000e+02		4.5100000e+02		4.5050000e+02		1.5636828e+03		9.0877974e+02		1.7468345e+03		1.4086203e+03		3.3763970e+02		1.0709806e+03
4.5100000e+02		4.5200000e+02		4.5150000e+02		1.5589734e+03		9.0711400e+02		1.7430280e+03		1.4056619e+03		3.3420706e+02		1.0714549e+03
4.5200000e+02		4.5300000e+02		4.5250000e+02		1.4757889e+03		8.5971641e+02		1.6513863e+03		1.3318614e+03		3.1410367e+02		1.0177577e+03
4.5300000e+02		4.5400000e+02		4.5350000e+02		1.4141855e+03		8.2478331e+02		1.5837471e+03		1.2774078e+03		2.9883184e+02		9.7857598e+02
4.5400000e+02		4.5500000e+02		4.5450000e+02		1.5096596e+03		8.8147456e+02		1.6920368e+03		1.3648548e+03		3.1671685e+02		1.0481380e+03
4.5500000e+02		4.5600000e+02		4.5550000e+02		1.4952815e+03		8.7406916e+02		1.6772639e+03		1.3530396e+03		3.1144886e+02		1.0415908e+03
4.5600000e+02		4.5700000e+02		4.5650000e+02		1.5527317e+03		9.0867007e+02		1.7430863e+03		1.4062420e+03		3.2109383e+02		1.0851481e+03
4.5700000e+02		4.5800000e+02		4.5750000e+02		1.5677329e+03		9.1846750e+02		1.7613068e+03		1.4210448e+03		3.2186928e+02		1.0991755e+03
4.5800000e+02		4.5900000e+02		4.5850000e+02		1.4734199e+03		8.6416201e+02		1.6566334e+03		1.3366889e+03		3.0033515e+02		1.0363538e+03
4.5900000e+02		4.6000000e+02		4.5950000e+02		1.5222067e+03		8.9374629e+02		1.7128012e+03		1.3821069e+03		3.0805321e+02		1.0740537e+03
4.6000000e+02		4.6100000e+02		4.6050000e+02		1.5039223e+03		8.8396106e+02		1.6935137e+03		1.3666389e+03		3.0216934e+02		1.0644695e+03
4.6100000e+02		4.6200000e+02		4.6150000e+02		1.5386000e+03		9.0530674e+02		1.7338665e+03		1.3992994e+03		3.0691920e+02		1.0923802e+03
4.6200000e+02		4.6300000e+02		4.6250000e+02		1.5538294e+03		9.1523135e+02		1.7523324e+03		1.4142983e+03		3.0773403e+02		1.1065643e+03
4.6300000e+02		4.6400000e+02		4.6350000e+02		1.5018384e+03		8.8553062e+02		1.6949476e+03		1.3680752e+03		2.9530436e+02		1.0727708e+03
4.6400000e+02		4.6500000e+02		4.6450000e+02		1.5281564e+03		9.0197886e+02		1.7259075e+03		1.3931566e+03		2.9832496e+02		1.0948317e+03
4.6500000e+02		4.6600000e+02		4.6550000e+02		1.4760608e+03		8.7212029e+02		1.6682738e+03		1.3467227e+03		2.8608948e+02		1.0606332e+03
4.6600000e+02		4.6700000e+02		4.6650000e+02		1.4854121e+03		8.7853313e+02		1.6800424e+03		1.3563103e+03		2.8583884e+02		1.0704715e+03
4.6700000e+02		4.6800000e+02		4.6750000e+02		1.4997486e+03		8.8790032e+02		1.6974569e+03		1.3704564e+03		2.8653011e+02		1.0839263e+03
4.6800000e+02		4.6900000e+02		4.6850000e+02		1.4665907e+03		8.6913013e+02		1.6610898e+03		1.3411794e+03		2.7818848e+02		1.0629909e+03
4.6900000e+02		4.7000000e+02		4.6950000e+02		1.5086728e+03		8.9494571e+02		1.7099367e+03		1.3807044e+03		2.8412188e+02		1.0965825e+03
4.7000000e+02		4.7100000e+02		4.7050000e+02		1.4256243e+03		8.4650230e+02		1.6169172e+03		1.3056749e+03		2.6656010e+02		1.0391148e+03
4.7100000e+02		4.7200000e+02		4.7150000e+02		1.4904926e+03		8.8587005e+02		1.6916373e+03		1.3660945e+03		2.7669506e+02		1.0893994e+03
4.7200000e+02		4.7300000e+02		4.7250000e+02		1.5269264e+03		9.0838764e+02		1.7341524e+03		1.4005114e+03		2.8143128e+02		1.1190801e+03
4.7300000e+02		4.7400000e+02		4.7350000e+02		1.4995420e+03		8.9293633e+02		1.7041843e+03		1.3763900e+03		2.7440800e+02		1.1019820e+03
4.7400000e+02		4.7500000e+02		4.7450000e+02		1.5448084e+03		9.2074865e+02		1.7567842e+03		1.4189549e+03		2.8067124e+02		1.1382837e+03
4.7500000e+02		4.7600000e+02		4.7550000e+02		1.5413846e+03		9.1955566e+02		1.7540332e+03		1.4168142e+03		2.7804863e+02		1.1387655e+03
4.7600000e+02		4.7700000e+02		4.7650000e+02		1.4853490e+03		8.8693545e+02		1.6913576e+03		1.3662655e+03		2.6602722e+02		1.1002383e+03
4.7700000e+02		4.7800000e+02		4.7750000e+02		1.5508368e+03		9.2687704e+02		1.7670562e+03		1.4274941e+03		2.7577373e+02		1.1517203e+03
4.7800000e+02		4.7900000e+02		4.7850000e+02		1.5358791e+03		9.1875906e+02		1.7511198e+03		1.4146981e+03		2.7116557e+02		1.1435325e+03
4.7900000e+02		4.8000000e+02		4.7950000e+02		1.5403519e+03		9.2225122e+02		1.7573189e+03		1.4197836e+03		2.7001611e+02		1.1497675e+03
4.8000000e+02		4.8100000e+02		4.8050000e+02		1.5442750e+03		9.2541124e+02		1.7628865e+03		1.4243584e+03		2.6877456e+02		1.1555839e+03
4.8100000e+02		4.8200000e+02		4.8150000e+02		1.5475498e+03		9.2817913e+02		1.7677089e+03		1.4283307e+03		2.6742595e+02		1.1609047e+03
4.8200000e+02		4.8300000e+02		4.8250000e+02		1.5416562e+03		9.2543939e+02		1.7620467e+03		1.4238302e+03		2.6451085e+02		1.1593193e+03
4.8300000e+02		4.8400000e+02		4.8350000e+02		1.5183412e+03		9.1221957e+02		1.7364424e+03		1.4032132e+03		2.5865691e+02		1.1445563e+03
4.8400000e+02		4.8500000e+02		4.8450000e+02		1.4920771e+03		8.9719566e+02		1.7074218e+03		1.3798323e+03		2.5237508e+02		1.1274572e+03
4.8500000e+02		4.8600000e+02		4.8550000e+02		1.4021236e+03		8.4380960e+02		1.6054317e+03		1.2974758e+03		2.3547445e+02		1.0620013e+03
4.8600000e+02		4.8700000e+02		4.8650000e+02		1.2173217e+03		7.3319957e+02		1.3946471e+03		1.1271804e+03		2.0298642e+02		9.2419399e+02
4.8700000e+02		4.8800000e+02		4.8750000e+02		1.3927585e+03		8.3955235e+02		1.5965618e+03		1.2904353e+03		2.3059157e+02		1.0598437e+03
4.8800000e+02		4.8900000e+02		4.8850000e+02		1.4651201e+03		8.8388714e+02		1.6804733e+03		1.3583236e+03		2.4085116e+02		1.1174724e+03
4.8900000e+02		4.9000000e+02		4.8950000e+02		1.4372192e+03		8.6775027e+02		1.6494055e+03		1.3332756e+03		2.3458941e+02		1.0986862e+03
4.9000000e+02		4.9100000e+02		4.9050000e+02		1.5307557e+03		9.2495875e+02		1.7577371e+03		1.4209115e+03		2.4808650e+02		1.1728250e+03
4.9100000e+02		4.9200000e+02		4.9150000e+02		1.4425606e+03		8.7235227e+02		1.6573847e+03		1.3398519e+03		2.3213744e+02		1.1077145e+03
4.9200000e+02		4.9300000e+02		4.9250000e+02		1.3729411e+03		8.3089804e+02		1.5782653e+03		1.2759499e+03		2.1937088e+02		1.0565790e+03
4.9300000e+02		4.9400000e+02		4.9350000e+02		1.4509629e+03		8.7879348e+02		1.6688640e+03		1.3492562e+03		2.3019795e+02		1.1190582e+03
4.9400000e+02		4.9500000e+02		4.9450000e+02		1.4929449e+03		9.0491068e+02		1.7180770e+03		1.3891071e+03		2.3518473e+02		1.1539224e+03
4.9500000e+02		4.9600000e+02		4.9550000e+02		1.4663156e+03		8.8944188e+02		1.6883335e+03		1.3651197e+03		2.2935867e+02		1.1357610e+03
4.9600000e+02		4.9700000e+02		4.9650000e+02		1.4846220e+03		9.0122037e+02		1.7103160e+03		1.3829548e+03		2.3058348e+02		1.1523714e+03
4.9700000e+02		4.9800000e+02		4.9750000e+02		1.5123203e+03		9.1871481e+02		1.7431377e+03		1.4095558e+03		2.3322919e+02		1.1763266e+03
4.9800000e+02		4.9900000e+02		4.9850000e+02		1.3744029e+03		8.3554472e+02		1.5849925e+03		1.2817298e+03		2.1046617e+02		1.0712637e+03
4.9900000e+02		5.0000000e+02		4.9950000e+02		1.4721832e+03		8.9563922e+02		1.6986272e+03		1.3736808e+03		2.2385227e+02		1.1498285e+03
