Left Bin Edge (nm)	Right Bin Edge (nm)	Bin Center (nm)		Top of Atm Intensity (erg/s/nm/cm2)		Total Surface Flux (erg/s/nm/cm2)		Total Intensity at BOA (erg/s/nm/cm2)		Total Surface Intensity (erg/s/nm/cm2)		Total Surface Diffuse Intensity (erg/s/nm/cm2)		Total Surface Direct Intensity (erg/s/nm/cm2)
1.2000000e+02		1.2100000e+02		1.2050000e+02		1.8659427e-02		0.0000000e+00		0.0000000e+00		0.0000000e+00		0.0000000e+00		0.0000000e+00
1.2400000e+02		1.2500000e+02		1.2450000e+02		4.5738225e-03		0.0000000e+00		0.0000000e+00		0.0000000e+00		0.0000000e+00		0.0000000e+00
1.2800000e+02		1.2900000e+02		1.2850000e+02		4.5738225e-03		0.0000000e+00		0.0000000e+00		0.0000000e+00		0.0000000e+00		0.0000000e+00
1.3200000e+02		1.3300000e+02		1.3250000e+02		4.5738225e-03		0.0000000e+00		0.0000000e+00		0.0000000e+00		0.0000000e+00		0.0000000e+00
1.3600000e+02		1.3700000e+02		1.3650000e+02		4.5738225e-03		0.0000000e+00		0.0000000e+00		0.0000000e+00		0.0000000e+00		0.0000000e+00
1.4000000e+02		1.4100000e+02		1.4050000e+02		4.5738225e-03		0.0000000e+00		0.0000000e+00		0.0000000e+00		0.0000000e+00		0.0000000e+00
1.4400000e+02		1.4500000e+02		1.4450000e+02		4.5738225e-03		0.0000000e+00		0.0000000e+00		0.0000000e+00		0.0000000e+00		0.0000000e+00
1.4800000e+02		1.4900000e+02		1.4850000e+02		4.5738225e-03		0.0000000e+00		0.0000000e+00		0.0000000e+00		0.0000000e+00		0.0000000e+00
1.5200000e+02		1.5300000e+02		1.5250000e+02		4.5738225e-03		0.0000000e+00		0.0000000e+00		0.0000000e+00		0.0000000e+00		0.0000000e+00
1.5600000e+02		1.5700000e+02		1.5650000e+02		4.5738225e-03		0.0000000e+00		0.0000000e+00		0.0000000e+00		0.0000000e+00		0.0000000e+00
1.6000000e+02		1.6100000e+02		1.6050000e+02		4.5738225e-03		0.0000000e+00		0.0000000e+00		0.0000000e+00		0.0000000e+00		0.0000000e+00
1.6400000e+02		1.6500000e+02		1.6450000e+02		4.5738225e-03		0.0000000e+00		0.0000000e+00		0.0000000e+00		0.0000000e+00		0.0000000e+00
1.6800000e+02		1.6900000e+02		1.6850000e+02		4.5738225e-03		0.0000000e+00		0.0000000e+00		0.0000000e+00		0.0000000e+00		0.0000000e+00
1.7200000e+02		1.7300000e+02		1.7250000e+02		4.5738225e-03		0.0000000e+00		0.0000000e+00		0.0000000e+00		0.0000000e+00		0.0000000e+00
1.7600000e+02		1.7700000e+02		1.7650000e+02		4.5738225e-03		0.0000000e+00		0.0000000e+00		0.0000000e+00		0.0000000e+00		0.0000000e+00
1.8000000e+02		1.8100000e+02		1.8050000e+02		4.5738225e-03		0.0000000e+00		0.0000000e+00		0.0000000e+00		0.0000000e+00		0.0000000e+00
1.8400000e+02		1.8500000e+02		1.8450000e+02		4.5738225e-03		0.0000000e+00		0.0000000e+00		0.0000000e+00		0.0000000e+00		0.0000000e+00
1.8800000e+02		1.8900000e+02		1.8850000e+02		4.5738225e-03		2.4551801e-148		0.0000000e+00		3.7809022e-148		7.2787970e-149		3.0530225e-148
1.9200000e+02		1.9300000e+02		1.9250000e+02		4.5738225e-03		2.6097401e-53		3.5420577e-50		4.2031359e-53		2.1505015e-53		2.0526344e-53
1.9600000e+02		1.9700000e+02		1.9650000e+02		4.5738225e-03		4.3365671e-18		6.3623158e-17		7.4913057e-18		7.3628072e-18		1.2849845e-19
2.0000000e+02		2.0100000e+02		2.0050000e+02		4.5738225e-03		5.5626840e-07		2.0691939e-06		9.6341546e-07		9.6296451e-07		4.5095804e-10
2.0400000e+02		2.0500000e+02		2.0450000e+02		4.5738225e-03		5.2033724e-04		1.5339121e-03		9.0124339e-04		9.0119714e-04		4.6248716e-08
2.0800000e+02		2.0900000e+02		2.0850000e+02		4.5738225e-03		5.6049344e-04		1.6165006e-03		9.7078409e-04		9.7066096e-04		1.2312941e-07
2.1200000e+02		2.1300000e+02		2.1250000e+02		4.5738225e-03		6.0206053e-04		1.7012223e-03		1.0427538e-03		1.0424581e-03		2.9567874e-07
2.1600000e+02		2.1700000e+02		2.1650000e+02		4.5738225e-03		6.4495978e-04		1.7879282e-03		1.1170029e-03		1.1163542e-03		6.4872623e-07
2.2000000e+02		2.2100000e+02		2.2050000e+02		4.5738225e-03		6.8910407e-04		1.8764420e-03		1.1933602e-03		1.1920453e-03		1.3148410e-06
2.2400000e+02		2.2500000e+02		2.2450000e+02		4.5738225e-03		7.3439840e-04		1.9665594e-03		1.2716315e-03		1.2691462e-03		2.4852589e-06
2.2800000e+02		2.2900000e+02		2.2850000e+02		1.0047064e-01		1.7150094e-02		4.5208038e-02		2.9689848e-02		2.9592827e-02		9.7021355e-05
2.3200000e+02		2.3300000e+02		2.3250000e+02		2.1126272e-02		3.8245900e-03		9.9337825e-03		6.6190810e-03		6.5847492e-03		3.4331821e-05
2.3600000e+02		2.3700000e+02		2.3650000e+02		2.8890474e-01		5.5340288e-02		1.4174856e-01		9.5735914e-02		9.4983163e-02		7.5275075e-04
2.4000000e+02		2.4100000e+02		2.4050000e+02		3.3679770e-01		6.8108257e-02		1.7216866e-01		1.1775879e-01		1.1641111e-01		1.3476784e-03
2.4400000e+02		2.4500000e+02		2.4450000e+02		8.8998281e-02		1.8958477e-02		4.7329322e-02		3.2755747e-02		3.2229435e-02		5.2631235e-04
2.4800000e+02		2.4900000e+02		2.4850000e+02		3.4743541e-02		7.7796795e-03		1.9192250e-02		1.3429477e-02		1.3136065e-02		2.9341232e-04
2.5200000e+02		2.5300000e+02		2.5250000e+02		3.4743541e-02		8.1607276e-03		1.9905284e-02		1.4072030e-02		1.3665705e-02		4.0632551e-04
2.5600000e+02		2.5700000e+02		2.5650000e+02		4.6825964e-02		1.1514271e-02		2.7782162e-02		1.9829345e-02		1.9091603e-02		7.3774212e-04
2.6000000e+02		2.6100000e+02		2.6050000e+02		5.4735534e-01		1.4062675e-01		3.3580163e-01		2.4182214e-01		2.3048943e-01		1.1332714e-02
2.6400000e+02		2.6500000e+02		2.6450000e+02		1.8675507e-03		5.0037989e-04		1.1829839e-03		8.5900769e-04		8.0931654e-04		4.9691152e-05
2.6800000e+02		2.6900000e+02		2.6850000e+02		9.9530864e-03		2.7760042e-03		6.5002299e-03		4.7566592e-03		4.4231203e-03		3.3353890e-04
2.7200000e+02		2.7300000e+02		2.7250000e+02		7.0114202e-01		2.0320545e-01		4.7144195e-01		3.4747374e-01		3.1841645e-01		2.9057296e-02
2.7600000e+02		2.7700000e+02		2.7650000e+02		6.2776023e-01		1.8873325e-01		4.3398173e-01		3.2200717e-01		2.9036053e-01		3.1646645e-02
2.8000000e+02		2.8100000e+02		2.8050000e+02		7.1482876e+00		2.2256980e+00		5.0740923e+00		3.7883185e+00		3.3564919e+00		4.3182661e-01
2.8400000e+02		2.8500000e+02		2.8450000e+02		3.4667103e-01		1.1160966e-01		2.5234592e-01		1.8948959e-01		1.6473357e-01		2.4756018e-02
2.8800000e+02		2.8900000e+02		2.8850000e+02		1.7207319e-01		5.7194449e-02		1.2828604e-01		9.6847616e-02		8.2501128e-02		1.4346488e-02
2.9200000e+02		2.9300000e+02		2.9250000e+02		1.4665507e-02		5.0252350e-03		1.1185045e-02		8.4859271e-03		7.0744044e-03		1.4115227e-03
2.9600000e+02		2.9700000e+02		2.9650000e+02		1.4665507e-02		5.1732412e-03		1.1429347e-02		8.7112006e-03		7.0984668e-03		1.6127338e-03
3.0000000e+02		3.0100000e+02		3.0050000e+02		1.9085055e-02		6.9211511e-03		1.5182136e-02		1.1620864e-02		9.2454753e-03		2.3753883e-03
3.0400000e+02		3.0500000e+02		3.0450000e+02		2.7409955e-02		1.0205874e-02		2.2233935e-02		1.7085788e-02		1.3257787e-02		3.8280004e-03
3.0800000e+02		3.0900000e+02		3.0850000e+02		4.6997264e-01		1.7944582e-01		3.8835080e-01		2.9952284e-01		2.2645641e-01		7.3066436e-02
3.1200000e+02		3.1300000e+02		3.1250000e+02		4.0008305e+00		1.5646439e+00		3.3646626e+00		2.6038590e+00		1.9164446e+00		6.8741447e-01
3.1600000e+02		3.1700000e+02		3.1650000e+02		5.2462418e+00		2.0990703e+00		4.4863793e+00		3.4828428e+00		2.4932947e+00		9.8954806e-01
3.2000000e+02		3.2100000e+02		3.2050000e+02		5.1035075e+00		2.0868535e+00		4.4341363e+00		3.4523012e+00		2.4020194e+00		1.0502818e+00
3.2400000e+02		3.2500000e+02		3.2450000e+02		3.9958253e+00		1.6681194e+00		3.5244763e+00		2.7514612e+00		1.8593260e+00		8.9213521e-01
3.2800000e+02		3.2900000e+02		3.2850000e+02		9.6838404e+00		4.1232496e+00		8.6647679e+00		6.7812426e+00		4.4478465e+00		2.3333961e+00
3.3200000e+02		3.3300000e+02		3.3250000e+02		1.2055430e+01		5.2304642e+00		1.0934625e+01		8.5775014e+00		5.4575805e+00		3.1199209e+00
3.3600000e+02		3.3700000e+02		3.3650000e+02		4.4666337e+00		1.9729543e+00		4.1041255e+00		3.2263325e+00		1.9903194e+00		1.2360131e+00
3.4000000e+02		3.4100000e+02		3.4050000e+02		1.0266111e+01		4.6126888e+00		9.5496665e+00		7.5221329e+00		4.4970529e+00		3.0250800e+00
3.4400000e+02		3.4500000e+02		3.4450000e+02		1.4495357e+00		6.6197092e-01		1.3642403e+00		1.0765790e+00		6.2348701e-01		4.5309200e-01
3.4800000e+02		3.4900000e+02		3.4850000e+02		7.2956650e+00		3.3837958e+00		6.9431795e+00		5.4885601e+00		3.0780548e+00		2.4105053e+00
3.5200000e+02		3.5300000e+02		3.5250000e+02		3.0412728e+00		1.4315542e+00		2.9251331e+00		2.3159963e+00		1.2573422e+00		1.0586541e+00
3.5600000e+02		3.5700000e+02		3.5650000e+02		6.8400255e+00		3.2652983e+00		6.6454212e+00		5.2693650e+00		2.7685413e+00		2.5008237e+00
3.6000000e+02		3.6100000e+02		3.6050000e+02		3.8338043e+00		1.8549078e+00		3.7606161e+00		2.9860248e+00		1.5179568e+00		1.4680680e+00
3.6400000e+02		3.6500000e+02		3.6450000e+02		1.0088326e+01		4.9438753e+00		9.9865028e+00		7.9397179e+00		3.9044167e+00		4.0353012e+00
3.6800000e+02		3.6900000e+02		3.6850000e+02		8.0567371e+00		3.9967405e+00		8.0450803e+00		6.4038486e+00		3.0458151e+00		3.3580335e+00
3.7200000e+02		3.7300000e+02		3.7250000e+02		2.9719812e+00		1.4915796e+00		2.9923733e+00		2.3845708e+00		1.0967908e+00		1.2877799e+00
3.7600000e+02		3.7700000e+02		3.7650000e+02		9.1374053e+00		4.6370782e+00		9.2730417e+00		7.3972092e+00		3.2899155e+00		4.1072936e+00
3.8000000e+02		3.8100000e+02		3.8050000e+02		2.3545105e+01		1.2075983e+01		2.4075183e+01		1.9223677e+01		8.2664709e+00		1.0957207e+01
3.8400000e+02		3.8500000e+02		3.8450000e+02		1.7402799e+01		9.0163668e+00		1.7922813e+01		1.4324071e+01		5.9551280e+00		8.3689427e+00
3.8800000e+02		3.8900000e+02		3.8850000e+02		1.3284667e+01		6.9495153e+00		1.3775654e+01		1.1018951e+01		4.4288376e+00		6.5901137e+00
3.9200000e+02		3.9300000e+02		3.9250000e+02		1.2145221e+01		6.4122639e+00		1.2676675e+01		1.0147928e+01		3.9431614e+00		6.2047669e+00
3.9600000e+02		3.9700000e+02		3.9650000e+02		1.1548937e+01		6.1513482e+00		1.2129733e+01		9.7172940e+00		3.6503225e+00		6.0669714e+00
