Left Bin Edge (nm)	Right Bin Edge (nm)	Bin Center (nm)		Top of Atm Intensity (erg/s/nm/cm2)		Total Surface Flux (erg/s/nm/cm2)		Total Intensity at BOA (erg/s/nm/cm2)		Total Surface Intensity (erg/s/nm/cm2)		Total Surface Diffuse Intensity (erg/s/nm/cm2)		Total Surface Direct Intensity (erg/s/nm/cm2)
1.2000000e+02		1.2100000e+02		1.2050000e+02		5.5712869e-02		0.0000000e+00		0.0000000e+00		0.0000000e+00		0.0000000e+00		0.0000000e+00
1.2400000e+02		1.2500000e+02		1.2450000e+02		3.4030817e-02		0.0000000e+00		0.0000000e+00		0.0000000e+00		0.0000000e+00		0.0000000e+00
1.2800000e+02		1.2900000e+02		1.2850000e+02		1.0142212e-02		0.0000000e+00		0.0000000e+00		0.0000000e+00		0.0000000e+00		0.0000000e+00
1.3200000e+02		1.3300000e+02		1.3250000e+02		9.3679473e-03		0.0000000e+00		0.0000000e+00		0.0000000e+00		0.0000000e+00		0.0000000e+00
1.3600000e+02		1.3700000e+02		1.3650000e+02		4.7771572e-04		0.0000000e+00		0.0000000e+00		0.0000000e+00		0.0000000e+00		0.0000000e+00
1.4000000e+02		1.4100000e+02		1.4050000e+02		3.4813636e-02		0.0000000e+00		0.0000000e+00		0.0000000e+00		0.0000000e+00		0.0000000e+00
1.4400000e+02		1.4500000e+02		1.4450000e+02		7.2333203e-03		0.0000000e+00		0.0000000e+00		0.0000000e+00		0.0000000e+00		0.0000000e+00
1.4800000e+02		1.4900000e+02		1.4850000e+02		1.2355724e-02		0.0000000e+00		0.0000000e+00		0.0000000e+00		0.0000000e+00		0.0000000e+00
1.5200000e+02		1.5300000e+02		1.5250000e+02		1.0852513e-02		0.0000000e+00		0.0000000e+00		0.0000000e+00		0.0000000e+00		0.0000000e+00
1.5600000e+02		1.5700000e+02		1.5650000e+02		3.8704806e-02		0.0000000e+00		0.0000000e+00		0.0000000e+00		0.0000000e+00		0.0000000e+00
1.6000000e+02		1.6100000e+02		1.6050000e+02		1.0423439e-02		0.0000000e+00		0.0000000e+00		0.0000000e+00		0.0000000e+00		0.0000000e+00
1.6400000e+02		1.6500000e+02		1.6450000e+02		2.4610299e-02		0.0000000e+00		0.0000000e+00		0.0000000e+00		0.0000000e+00		0.0000000e+00
1.6800000e+02		1.6900000e+02		1.6850000e+02		2.0125993e-04		0.0000000e+00		0.0000000e+00		0.0000000e+00		0.0000000e+00		0.0000000e+00
1.7200000e+02		1.7300000e+02		1.7250000e+02		6.1120450e-03		0.0000000e+00		0.0000000e+00		0.0000000e+00		0.0000000e+00		0.0000000e+00
1.7600000e+02		1.7700000e+02		1.7650000e+02		3.0147805e-02		0.0000000e+00		0.0000000e+00		0.0000000e+00		0.0000000e+00		0.0000000e+00
1.8000000e+02		1.8100000e+02		1.8050000e+02		9.8113837e-02		0.0000000e+00		0.0000000e+00		0.0000000e+00		0.0000000e+00		0.0000000e+00
1.8400000e+02		1.8500000e+02		1.8450000e+02		4.3116223e-04		0.0000000e+00		0.0000000e+00		0.0000000e+00		0.0000000e+00		0.0000000e+00
1.8800000e+02		1.8900000e+02		1.8850000e+02		3.7691122e-02		0.0000000e+00		0.0000000e+00		0.0000000e+00		0.0000000e+00		0.0000000e+00
1.9200000e+02		1.9300000e+02		1.9250000e+02		1.4350715e-02		2.5056621e-156		0.0000000e+00		3.7846361e-156		1.8973247e-157		3.5949036e-156
1.9600000e+02		1.9700000e+02		1.9650000e+02		3.3754466e-03		2.1510387e-62		1.6360535e-50		3.2769450e-62		3.7172844e-63		2.9052166e-62
2.0000000e+02		2.0100000e+02		2.0050000e+02		9.9797807e-03		1.2012655e-06		4.5173574e-06		2.0805051e-06		2.0795490e-06		9.5610711e-10
2.0400000e+02		2.0500000e+02		2.0450000e+02		5.8170507e-02		6.6059399e-03		1.9589738e-02		1.1441735e-02		1.1441161e-02		5.7403387e-07
2.0800000e+02		2.0900000e+02		2.0850000e+02		7.1110298e-02		8.6988854e-03		2.5230794e-02		1.5066622e-02		1.5064750e-02		1.8722417e-06
2.1200000e+02		2.1300000e+02		2.1250000e+02		5.1460497e-02		6.7622050e-03		1.9211378e-02		1.1711979e-02		1.1708719e-02		3.2597857e-06
2.1600000e+02		2.1700000e+02		2.1650000e+02		4.2925106e-02		6.0427108e-03		1.6837968e-02		1.0465359e-02		1.0459383e-02		5.9759190e-06
2.2000000e+02		2.2100000e+02		2.2050000e+02		1.1514098e-04		1.7318736e-05		4.7391670e-05		2.9991905e-05		2.9959367e-05		3.2538213e-08
2.2400000e+02		2.2500000e+02		2.2450000e+02		4.5877679e-02		7.3544190e-03		1.9786011e-02		1.2734437e-02		1.2709898e-02		2.4538854e-05
2.2800000e+02		2.2900000e+02		2.2850000e+02		4.8623485e-03		8.2867039e-04		2.1941613e-03		1.4345844e-03		1.4299567e-03		4.6277084e-06
2.3200000e+02		2.3300000e+02		2.3250000e+02		7.0443784e-02		1.2732894e-02		3.3212496e-02		2.2036572e-02		2.1923622e-02		1.1295033e-04
2.3600000e+02		2.3700000e+02		2.3650000e+02		7.5006828e-02		1.4345780e-02		3.6894113e-02		2.4817805e-02		2.4624785e-02		1.9301958e-04
2.4000000e+02		2.4100000e+02		2.4050000e+02		1.0837743e-01		2.1883687e-02		5.5532269e-02		3.7837438e-02		3.7408738e-02		4.2869922e-04
2.4400000e+02		2.4500000e+02		2.4450000e+02		6.3713010e-02		1.3552378e-02		3.3957188e-02		2.3415826e-02		2.3043054e-02		3.7277218e-04
2.4800000e+02		2.4900000e+02		2.4850000e+02		5.4991722e-02		1.2296039e-02		3.0439767e-02		2.1226338e-02		2.0766527e-02		4.5981145e-04
2.5200000e+02		2.5300000e+02		2.5250000e+02		4.9306579e-02		1.1565245e-02		2.8302994e-02		1.9943341e-02		1.9372021e-02		5.7131988e-04
2.5600000e+02		2.5700000e+02		2.5650000e+02		8.8031679e-02		2.1617172e-02		5.2323430e-02		3.7229647e-02		3.5854649e-02		1.3749980e-03
2.6000000e+02		2.6100000e+02		2.6050000e+02		2.1904216e-01		5.6201973e-02		1.3460687e-01		9.6649770e-02		9.2151087e-02		4.4986837e-03
2.6400000e+02		2.6500000e+02		2.6450000e+02		2.0494192e-01		5.4840154e-02		1.3002139e-01		9.4149952e-02		8.8737949e-02		5.4120033e-03
2.6800000e+02		2.6900000e+02		2.6850000e+02		2.8401388e-01		7.9114761e-02		1.8575596e-01		1.3557097e-01		1.2612041e-01		9.4505657e-03
2.7200000e+02		2.7300000e+02		2.7250000e+02		3.0976580e-01		8.9667203e-02		2.0856701e-01		1.5333826e-01		1.4058549e-01		1.2752768e-02
2.7600000e+02		2.7700000e+02		2.7650000e+02		5.7657251e-01		1.7313882e-01		3.9910024e-01		2.9542328e-01		2.6653732e-01		2.8885958e-02
2.8000000e+02		2.8100000e+02		2.8050000e+02		2.4716826e+00		7.6870176e-01		1.7565585e+00		1.3085006e+00		1.1600567e+00		1.4844398e-01
2.8400000e+02		2.8500000e+02		2.8450000e+02		4.7465748e-01		1.5264425e-01		3.4589023e-01		2.5918049e-01		2.2547061e-01		3.3709882e-02
2.8800000e+02		2.8900000e+02		2.8850000e+02		1.0469841e+00		3.4762530e-01		7.8136424e-01		5.8869049e-01		5.0184924e-01		8.6841246e-02
2.9200000e+02		2.9300000e+02		2.9250000e+02		1.2336422e+00		4.2227337e-01		9.4177542e-01		7.1314729e-01		5.9498927e-01		1.1815802e-01
2.9600000e+02		2.9700000e+02		2.9650000e+02		8.9999756e-01		3.1715130e-01		7.0202963e-01		5.3410446e-01		4.3558763e-01		9.8516830e-02
3.0000000e+02		3.0100000e+02		3.0050000e+02		1.1058947e+00		4.0065659e-01		8.8047540e-01		6.7278815e-01		5.3574095e-01		1.3704721e-01
3.0400000e+02		3.0500000e+02		3.0450000e+02		1.2261491e+00		4.5611312e-01		9.9538552e-01		7.6366811e-01		5.9312818e-01		1.7053993e-01
3.0800000e+02		3.0900000e+02		3.0850000e+02		1.9782674e+00		7.5465195e-01		1.6358909e+00		1.2597711e+00		9.5340109e-01		3.0637002e-01
3.1200000e+02		3.1300000e+02		3.1250000e+02		2.3373955e+00		9.1329627e-01		1.9670734e+00		1.5200674e+00		1.1199321e+00		4.0013528e-01
3.1600000e+02		3.1700000e+02		3.1650000e+02		3.9854036e+00		1.5932283e+00		3.4103403e+00		2.6438372e+00		1.8947176e+00		7.4911965e-01
3.2000000e+02		3.2100000e+02		3.2050000e+02		5.1374184e+00		2.0989771e+00		4.4662704e+00		3.4727593e+00		2.4189769e+00		1.0537824e+00
3.2400000e+02		3.2500000e+02		3.2450000e+02		1.0969964e+01		4.5759116e+00		9.6813619e+00		7.5485644e+00		5.1069797e+00		2.4415847e+00
3.2800000e+02		3.2900000e+02		3.2850000e+02		5.9699514e-01		2.5399575e-01		5.3445084e-01		4.1777905e-01		2.7435472e-01		1.4342433e-01
3.3200000e+02		3.3300000e+02		3.3250000e+02		1.1952689e+01		5.1820106e+00		1.0846761e+01		8.4990297e+00		5.4144063e+00		3.0846234e+00
3.3600000e+02		3.3700000e+02		3.3650000e+02		1.2658992e+01		5.5875590e+00		1.1636953e+01		9.1382805e+00		5.6446423e+00		3.4936382e+00
3.4000000e+02		3.4100000e+02		3.4050000e+02		1.3794548e+01		6.1937375e+00		1.2837402e+01		1.0101586e+01		6.0471433e+00		4.0544427e+00
3.4400000e+02		3.4500000e+02		3.4450000e+02		1.2019760e+01		5.4854642e+00		1.1317060e+01		8.9221565e+00		5.1741589e+00		3.7479976e+00
3.4800000e+02		3.4900000e+02		3.4850000e+02		2.9724871e+01		1.3777707e+01		2.8299487e+01		2.2350134e+01		1.2551642e+01		9.7984927e+00
3.5200000e+02		3.5300000e+02		3.5250000e+02		2.2745371e+01		1.0699733e+01		2.1884586e+01		1.7312161e+01		9.4120186e+00		7.9001422e+00
3.5600000e+02		3.5700000e+02		3.5650000e+02		2.1545147e+01		1.0279016e+01		2.0939195e+01		1.6589547e+01		8.7288269e+00		7.8607202e+00
3.6000000e+02		3.6100000e+02		3.6050000e+02		2.3892104e+01		1.1552948e+01		2.3443394e+01		1.8599905e+01		9.4692922e+00		9.1306129e+00
3.6400000e+02		3.6500000e+02		3.6450000e+02		2.8123093e+01		1.3774198e+01		2.7847508e+01		2.2123299e+01		1.0895655e+01		1.1227643e+01
3.6800000e+02		3.6900000e+02		3.6850000e+02		2.7409669e+01		1.3589826e+01		2.7377663e+01		2.1776803e+01		1.0373374e+01		1.1403429e+01
3.7200000e+02		3.7300000e+02		3.7250000e+02		1.8482016e+01		9.2708862e+00		1.8613730e+01		1.4822766e+01		6.8283659e+00		7.9944001e+00
3.7600000e+02		3.7700000e+02		3.7650000e+02		3.4999610e+01		1.7752689e+01		3.5527965e+01		2.8322458e+01		1.2616292e+01		1.5706166e+01
3.8000000e+02		3.8100000e+02		3.8050000e+02		3.8897775e+01		1.9940389e+01		3.9782807e+01		3.1746071e+01		1.3673104e+01		1.8072966e+01
3.8400000e+02		3.8500000e+02		3.8450000e+02		3.8839819e+01		2.0113331e+01		4.0009235e+01		3.1956580e+01		1.3307225e+01		1.8649355e+01
3.8800000e+02		3.8900000e+02		3.8850000e+02		3.3815638e+01		1.7681651e+01		3.5072748e+01		2.8038128e+01		1.1287810e+01		1.6750317e+01
3.9200000e+02		3.9300000e+02		3.9250000e+02		3.9644356e+01		2.0921629e+01		4.1387287e+01		3.3113188e+01		1.2888062e+01		2.0225126e+01
3.9600000e+02		3.9700000e+02		3.9650000e+02		3.1808929e+01		1.6931838e+01		3.3408952e+01		2.6749546e+01		1.0064822e+01		1.6684724e+01
