Left Bin Edge (nm)	Right Bin Edge (nm)	Bin Center (nm)		Top of Atm Intensity (erg/s/nm/cm2)		Total Surface Flux (erg/s/nm/cm2)		Total Intensity at BOA (erg/s/nm/cm2)		Total Surface Intensity (erg/s/nm/cm2)		Total Surface Diffuse Intensity (erg/s/nm/cm2)		Total Surface Direct Intensity (erg/s/nm/cm2)
1.2000000e+02		1.2400000e+02		1.2200000e+02		9.8177077e+00		0.0000000e+00		0.0000000e+00		0.0000000e+00		0.0000000e+00		0.0000000e+00
1.2400000e+02		1.2800000e+02		1.2600000e+02		8.5268665e-02		0.0000000e+00		0.0000000e+00		0.0000000e+00		0.0000000e+00		0.0000000e+00
1.2800000e+02		1.3200000e+02		1.3000000e+02		4.2633707e-02		0.0000000e+00		0.0000000e+00		0.0000000e+00		0.0000000e+00		0.0000000e+00
1.3200000e+02		1.3600000e+02		1.3400000e+02		2.0691676e-01		0.0000000e+00		0.0000000e+00		0.0000000e+00		0.0000000e+00		0.0000000e+00
1.3600000e+02		1.4000000e+02		1.3800000e+02		6.3890989e-02		0.0000000e+00		0.0000000e+00		0.0000000e+00		0.0000000e+00		0.0000000e+00
1.4000000e+02		1.4400000e+02		1.4200000e+02		5.7859158e-02		0.0000000e+00		0.0000000e+00		0.0000000e+00		0.0000000e+00		0.0000000e+00
1.4400000e+02		1.4800000e+02		1.4600000e+02		4.6296753e-02		0.0000000e+00		0.0000000e+00		0.0000000e+00		0.0000000e+00		0.0000000e+00
1.4800000e+02		1.5200000e+02		1.5000000e+02		6.0458897e-02		0.0000000e+00		0.0000000e+00		0.0000000e+00		0.0000000e+00		0.0000000e+00
1.5200000e+02		1.5600000e+02		1.5400000e+02		4.0501379e-01		0.0000000e+00		0.0000000e+00		0.0000000e+00		0.0000000e+00		0.0000000e+00
1.5600000e+02		1.6000000e+02		1.5800000e+02		1.0241088e-01		0.0000000e+00		0.0000000e+00		0.0000000e+00		0.0000000e+00		0.0000000e+00
1.6000000e+02		1.6400000e+02		1.6200000e+02		8.0555783e-02		0.0000000e+00		0.0000000e+00		0.0000000e+00		0.0000000e+00		0.0000000e+00
1.6400000e+02		1.6800000e+02		1.6600000e+02		3.8317364e-01		0.0000000e+00		0.0000000e+00		0.0000000e+00		0.0000000e+00		0.0000000e+00
1.6800000e+02		1.7200000e+02		1.7000000e+02		6.0384329e-02		0.0000000e+00		0.0000000e+00		0.0000000e+00		0.0000000e+00		0.0000000e+00
1.7200000e+02		1.7600000e+02		1.7400000e+02		2.1792850e-02		0.0000000e+00		0.0000000e+00		0.0000000e+00		0.0000000e+00		0.0000000e+00
1.7600000e+02		1.8000000e+02		1.7800000e+02		1.2678953e-02		0.0000000e+00		0.0000000e+00		0.0000000e+00		0.0000000e+00		0.0000000e+00
1.8000000e+02		1.8400000e+02		1.8200000e+02		2.8510425e-01		0.0000000e+00		0.0000000e+00		0.0000000e+00		0.0000000e+00		0.0000000e+00
1.8400000e+02		1.8800000e+02		1.8600000e+02		3.2898348e-02		0.0000000e+00		0.0000000e+00		0.0000000e+00		0.0000000e+00		0.0000000e+00
1.8800000e+02		1.9200000e+02		1.9000000e+02		7.3139407e-02		0.0000000e+00		0.0000000e+00		0.0000000e+00		0.0000000e+00		0.0000000e+00
1.9200000e+02		1.9600000e+02		1.9400000e+02		5.5655366e-02		2.5420003e-107		0.0000000e+00		3.8499730e-107		2.7058806e-108		3.5793849e-107
1.9600000e+02		2.0000000e+02		1.9800000e+02		2.9105892e-02		3.4639869e-39		7.4166121e-32		5.3411837e-39		1.0774062e-39		4.2637775e-39
2.0000000e+02		2.0400000e+02		2.0200000e+02		3.9892238e-02		2.1642405e-04		6.9984955e-04		3.7484843e-04		3.7479005e-04		5.8373240e-08
2.0400000e+02		2.0800000e+02		2.0600000e+02		5.6242140e-02		6.5676157e-03		1.9313365e-02		1.1375319e-02		1.1374510e-02		8.0885269e-07
2.0800000e+02		2.1200000e+02		2.1000000e+02		2.9204295e-02		3.6697782e-03		1.0560901e-02		6.3560759e-03		6.3549991e-03		1.0768012e-06
2.1200000e+02		2.1600000e+02		2.1400000e+02		5.6840914e-02		7.6647770e-03		2.1616467e-02		1.3275031e-02		1.3270161e-02		4.8695739e-06
2.1600000e+02		2.2000000e+02		2.1800000e+02		6.9415493e-02		1.0017899e-02		2.7723899e-02		1.7349553e-02		1.7336877e-02		1.2675851e-05
2.2000000e+02		2.2400000e+02		2.2200000e+02		9.8228338e-02		1.5132528e-02		4.1143905e-02		2.6204833e-02		2.6169389e-02		3.5443458e-05
2.2400000e+02		2.2800000e+02		2.2600000e+02		1.4016770e-01		2.2992392e-02		6.1485769e-02		3.9809552e-02		3.9716072e-02		9.3480245e-05
2.2800000e+02		2.3200000e+02		2.3000000e+02		1.2516591e-01		2.1808391e-02		5.7417942e-02		3.7750775e-02		3.7605331e-02		1.4544472e-04
2.3200000e+02		2.3600000e+02		2.3400000e+02		5.1797104e-01		9.5634691e-02		2.4812402e-01		1.6549040e-01		1.6449512e-01		9.9528358e-04
2.3600000e+02		2.4000000e+02		2.3800000e+02		6.9572966e-01		1.3580753e-01		3.4750677e-01		2.3489957e-01		2.3278929e-01		2.1102778e-03
2.4000000e+02		2.4400000e+02		2.4200000e+02		3.4710968e-01		7.1474821e-02		1.8050907e-01		1.2355170e-01		1.2195705e-01		1.5946450e-03
2.4400000e+02		2.4800000e+02		2.4600000e+02		2.7204882e-01		5.8964919e-02		1.4707326e-01		1.0184843e-01		1.0002405e-01		1.8243802e-03
2.4800000e+02		2.5200000e+02		2.5000000e+02		3.7782077e-01		8.6015714e-02		2.1201668e-01		1.4843083e-01		1.4485241e-01		3.5784229e-03
2.5200000e+02		2.5600000e+02		2.5400000e+02		3.9993056e-01		9.5440532e-02		2.3260009e-01		1.6450558e-01		1.5931184e-01		5.1937457e-03
2.5600000e+02		2.6000000e+02		2.5800000e+02		5.8856036e-01		1.4693763e-01		3.5424638e-01		2.5292699e-01		2.4272137e-01		1.0205617e-02
2.6000000e+02		2.6400000e+02		2.6200000e+02		1.6007097e+00		4.1726494e-01		9.9557004e-01		7.1713463e-01		6.8094951e-01		3.6185125e-02
2.6400000e+02		2.6800000e+02		2.6600000e+02		6.7481339e-01		1.8332847e-01		4.3306608e-01		3.1452782e-01		2.9506484e-01		1.9462972e-02
2.6800000e+02		2.7200000e+02		2.7000000e+02		7.8694866e-01		2.2241043e-01		5.2036495e-01		3.8083921e-01		3.5243883e-01		2.8400382e-02
2.7200000e+02		2.7600000e+02		2.7400000e+02		1.2551073e+00		3.6837811e-01		8.5394420e-01		6.2944761e-01		5.7375985e-01		5.5687759e-02
2.7600000e+02		2.8000000e+02		2.7800000e+02		4.6406262e+00		1.4120872e+00		3.2443372e+00		2.4073246e+00		2.1581972e+00		2.4912735e-01
2.8000000e+02		2.8400000e+02		2.8200000e+02		4.2434705e+00		1.3365092e+00		3.0444202e+00		2.2729381e+00		2.0012721e+00		2.7166606e-01
2.8400000e+02		2.8800000e+02		2.8600000e+02		1.3251150e+00		4.3131052e-01		9.7437231e-01		7.3162941e-01		6.3178788e-01		9.9841530e-02
2.8800000e+02		2.9200000e+02		2.9000000e+02		2.1874290e+00		7.3468627e-01		1.6465264e+00		1.2429094e+00		1.0512544e+00		1.9165494e-01
2.9200000e+02		2.9600000e+02		2.9400000e+02		2.5689834e+00		8.8906225e-01		1.9772279e+00		1.4999104e+00		1.2410183e+00		2.5889212e-01
2.9600000e+02		3.0000000e+02		2.9800000e+02		2.5481507e+00		9.0739366e-01		2.0030911e+00		1.5264822e+00		1.2340610e+00		2.9242118e-01
3.0000000e+02		3.0400000e+02		3.0200000e+02		2.6194726e+00		9.5853088e-01		2.1009277e+00		1.6078294e+00		1.2686349e+00		3.3919452e-01
3.0400000e+02		3.0800000e+02		3.0600000e+02		3.3319489e+00		1.2512919e+00		2.7238330e+00		2.0927280e+00		1.6099544e+00		4.8277357e-01
3.0800000e+02		3.1200000e+02		3.1000000e+02		4.4304195e+00		1.7054685e+00		3.6880471e+00		2.8438550e+00		2.1310667e+00		7.1278829e-01
3.1200000e+02		3.1600000e+02		3.1400000e+02		5.6520824e+00		2.2276135e+00		4.7866851e+00		3.7034701e+00		2.7008703e+00		1.0025998e+00
3.1600000e+02		3.2000000e+02		3.1800000e+02		7.6806142e+00		3.0958267e+00		6.6118419e+00		5.1315941e+00		3.6391497e+00		1.4924443e+00
3.2000000e+02		3.2400000e+02		3.2200000e+02		1.0801902e+01		4.4480456e+00		9.4443397e+00		7.3511979e+00		5.0656574e+00		2.2855406e+00
3.2400000e+02		3.2800000e+02		3.2600000e+02		1.0684700e+01		4.4903489e+00		9.4807312e+00		7.3993460e+00		4.9511612e+00		2.4481848e+00
3.2800000e+02		3.3200000e+02		3.3000000e+02		1.7429173e+01		7.4683463e+00		1.5683589e+01		1.2270922e+01		7.9682004e+00		4.3027216e+00
3.3200000e+02		3.3600000e+02		3.3400000e+02		2.2191774e+01		9.6865855e+00		2.0237079e+01		1.5870169e+01		9.9952373e+00		5.8749314e+00
3.3600000e+02		3.4000000e+02		3.3800000e+02		2.4676141e+01		1.0962441e+01		2.2789472e+01		1.7910087e+01		1.0935067e+01		6.9750201e+00
3.4000000e+02		3.4400000e+02		3.4200000e+02		2.9069553e+01		1.3132835e+01		2.7172274e+01		2.1396979e+01		1.2658876e+01		8.7381034e+00
3.4400000e+02		3.4800000e+02		3.4600000e+02		2.7329921e+01		1.2545992e+01		2.5840478e+01		2.0385836e+01		1.1682034e+01		8.7038013e+00
3.4800000e+02		3.5200000e+02		3.5000000e+02		3.5574428e+01		1.6581520e+01		3.4004179e+01		2.6872311e+01		1.4910455e+01		1.1961856e+01
3.5200000e+02		3.5600000e+02		3.5400000e+02		4.4855318e+01		2.1213367e+01		4.3322268e+01		3.4290695e+01		1.8417285e+01		1.5873410e+01
3.5600000e+02		3.6000000e+02		3.5800000e+02		3.0588065e+01		1.4667693e+01		2.9835623e+01		2.3650716e+01		1.2292557e+01		1.1358158e+01
3.6000000e+02		3.6400000e+02		3.6200000e+02		3.6233132e+01		1.7605541e+01		3.5675449e+01		2.8319015e+01		1.4240534e+01		1.4078481e+01
3.6400000e+02		3.6800000e+02		3.6600000e+02		4.2517569e+01		2.0920843e+01		4.2239431e+01		3.3572611e+01		1.6330528e+01		1.7242083e+01
3.6800000e+02		3.7200000e+02		3.7000000e+02		4.2947155e+01		2.1387466e+01		4.3031455e+01		3.4243135e+01		1.6109664e+01		1.8133471e+01
3.7200000e+02		3.7600000e+02		3.7400000e+02		3.1536281e+01		1.5885803e+01		3.1855896e+01		2.5378309e+01		1.1545625e+01		1.3832684e+01
3.7600000e+02		3.8000000e+02		3.7800000e+02		5.1280944e+01		2.6115606e+01		5.2203309e+01		4.1631675e+01		1.8313717e+01		2.3317958e+01
3.8000000e+02		3.8400000e+02		3.8200000e+02		4.4085324e+01		2.2686454e+01		4.5210818e+01		3.6090368e+01		1.5350019e+01		2.0740349e+01
3.8400000e+02		3.8800000e+02		3.8600000e+02		4.3887216e+01		2.2810408e+01		4.5325700e+01		3.6215035e+01		1.4891860e+01		2.1323175e+01
3.8800000e+02		3.9200000e+02		3.9000000e+02		5.5547295e+01		2.9146382e+01		5.7754676e+01		4.6185050e+01		1.8360764e+01		2.7824286e+01
3.9200000e+02		3.9600000e+02		3.9400000e+02		5.3205576e+01		2.8172129e+01		5.5675744e+01		4.4558085e+01		1.7125401e+01		2.7432684e+01
3.9600000e+02		4.0000000e+02		3.9800000e+02		7.0333626e+01		3.7549551e+01		7.4023497e+01		5.9282647e+01		2.2025228e+01		3.7257419e+01
