Left Bin Edge (nm)	Right Bin Edge (nm)	Bin Center (nm)		Top of Atm Intensity (erg/s/nm/cm2)		Total Surface Flux (erg/s/nm/cm2)		Total Intensity at BOA (erg/s/nm/cm2)		Total Surface Intensity (erg/s/nm/cm2)		Total Surface Diffuse Intensity (erg/s/nm/cm2)		Total Surface Direct Intensity (erg/s/nm/cm2)
1.2000000e+02		1.2100000e+02		1.2050000e+02		6.5683074e-01		0.0000000e+00		0.0000000e+00		0.0000000e+00		0.0000000e+00		0.0000000e+00
1.2400000e+02		1.2500000e+02		1.2450000e+02		3.0023708e-01		0.0000000e+00		0.0000000e+00		0.0000000e+00		0.0000000e+00		0.0000000e+00
1.2800000e+02		1.2900000e+02		1.2850000e+02		4.9706988e-02		0.0000000e+00		0.0000000e+00		0.0000000e+00		0.0000000e+00		0.0000000e+00
1.3200000e+02		1.3300000e+02		1.3250000e+02		5.6465003e-02		0.0000000e+00		0.0000000e+00		0.0000000e+00		0.0000000e+00		0.0000000e+00
1.3600000e+02		1.3700000e+02		1.3650000e+02		3.3474427e-02		0.0000000e+00		0.0000000e+00		0.0000000e+00		0.0000000e+00		0.0000000e+00
1.4000000e+02		1.4100000e+02		1.4050000e+02		2.9015316e-01		0.0000000e+00		0.0000000e+00		0.0000000e+00		0.0000000e+00		0.0000000e+00
1.4400000e+02		1.4500000e+02		1.4450000e+02		7.5353225e-02		0.0000000e+00		0.0000000e+00		0.0000000e+00		0.0000000e+00		0.0000000e+00
1.4800000e+02		1.4900000e+02		1.4850000e+02		6.1324547e-02		0.0000000e+00		0.0000000e+00		0.0000000e+00		0.0000000e+00		0.0000000e+00
1.5200000e+02		1.5300000e+02		1.5250000e+02		6.0280392e-02		0.0000000e+00		0.0000000e+00		0.0000000e+00		0.0000000e+00		0.0000000e+00
1.5600000e+02		1.5700000e+02		1.5650000e+02		1.4300330e-01		0.0000000e+00		0.0000000e+00		0.0000000e+00		0.0000000e+00		0.0000000e+00
1.6000000e+02		1.6100000e+02		1.6050000e+02		1.0653054e-01		0.0000000e+00		0.0000000e+00		0.0000000e+00		0.0000000e+00		0.0000000e+00
1.6400000e+02		1.6500000e+02		1.6450000e+02		3.4286136e-01		0.0000000e+00		0.0000000e+00		0.0000000e+00		0.0000000e+00		0.0000000e+00
1.6800000e+02		1.6900000e+02		1.6850000e+02		1.7128668e-02		0.0000000e+00		0.0000000e+00		0.0000000e+00		0.0000000e+00		0.0000000e+00
1.7200000e+02		1.7300000e+02		1.7250000e+02		4.5574804e-02		0.0000000e+00		0.0000000e+00		0.0000000e+00		0.0000000e+00		0.0000000e+00
1.7600000e+02		1.7700000e+02		1.7650000e+02		7.0244490e-02		0.0000000e+00		0.0000000e+00		0.0000000e+00		0.0000000e+00		0.0000000e+00
1.8000000e+02		1.8100000e+02		1.8050000e+02		3.0779312e-01		0.0000000e+00		0.0000000e+00		0.0000000e+00		0.0000000e+00		0.0000000e+00
1.8400000e+02		1.8500000e+02		1.8450000e+02		6.9859604e-03		0.0000000e+00		0.0000000e+00		0.0000000e+00		0.0000000e+00		0.0000000e+00
1.8800000e+02		1.8900000e+02		1.8850000e+02		4.2457174e-02		0.0000000e+00		0.0000000e+00		0.0000000e+00		0.0000000e+00		0.0000000e+00
1.9200000e+02		1.9300000e+02		1.9250000e+02		3.9230221e-02		-7.9310682e-118		0.0000000e+00		-1.3737013e-117		-1.3737013e-117		9.8273057e-156
1.9600000e+02		1.9700000e+02		1.9650000e+02		3.1462669e-02		-5.0976936e-57		nan		-8.8295062e-57		-8.8297770e-57		2.7079637e-61
2.0000000e+02		2.0100000e+02		2.0050000e+02		2.2679519e-02		2.7299320e-06		1.0265906e-05		4.7280453e-06		4.7258725e-06		2.1727982e-09
2.0400000e+02		2.0500000e+02		2.0450000e+02		3.3327416e-02		3.7847170e-03		1.1223477e-02		6.5552714e-03		6.5549425e-03		3.2887913e-07
2.0800000e+02		2.0900000e+02		2.0850000e+02		2.0339789e-02		2.4881557e-03		7.2168032e-03		4.3095294e-03		4.3089939e-03		5.3552021e-07
2.1200000e+02		2.1300000e+02		2.1250000e+02		3.7028701e-02		4.8657841e-03		1.3823659e-02		8.4274229e-03		8.4250773e-03		2.3455978e-06
2.1600000e+02		2.1700000e+02		2.1650000e+02		7.0467293e-02		9.9199166e-03		2.7641773e-02		1.7180284e-02		1.7170474e-02		9.8102689e-06
2.2000000e+02		2.2100000e+02		2.2050000e+02		4.4287981e-02		6.6615019e-03		1.8228796e-02		1.1536126e-02		1.1523611e-02		1.2515542e-05
2.2400000e+02		2.2500000e+02		2.2450000e+02		4.5621377e-02		7.3133325e-03		1.9675474e-02		1.2663294e-02		1.2638892e-02		2.4401764e-05
2.2800000e+02		2.2900000e+02		2.2850000e+02		5.6432295e-02		9.6175278e-03		2.5465381e-02		1.6649750e-02		1.6596041e-02		5.3709068e-05
2.3200000e+02		2.3300000e+02		2.3250000e+02		1.5027263e-01		2.7162162e-02		7.0849815e-02		4.7009025e-02		4.6768076e-02		2.4094878e-04
2.3600000e+02		2.3700000e+02		2.3650000e+02		3.8400845e-01		7.3445324e-02		1.8888482e-01		1.2705839e-01		1.2607020e-01		9.8819205e-04
2.4000000e+02		2.4100000e+02		2.4050000e+02		3.9273945e-01		7.9302372e-02		2.0123851e-01		1.3711577e-01		1.3556224e-01		1.5535255e-03
2.4400000e+02		2.4500000e+02		2.4450000e+02		1.2199037e-01		2.5948540e-02		6.5017332e-02		4.4833940e-02		4.4120199e-02		7.1374145e-04
2.4800000e+02		2.4900000e+02		2.4850000e+02		2.3592479e-01		5.2752311e-02		1.3059230e-01		9.1064967e-02		8.9092289e-02		1.9726773e-03
2.5200000e+02		2.5300000e+02		2.5250000e+02		1.6360556e-01		3.8374967e-02		9.3912969e-02		6.6174566e-02		6.4278853e-02		1.8957127e-03
2.5600000e+02		2.5700000e+02		2.5650000e+02		1.8921733e-01		4.6464450e-02		1.1246519e-01		8.0022265e-02		7.7066813e-02		2.9554526e-03
2.6000000e+02		2.6100000e+02		2.6050000e+02		6.7421153e-01		1.7298961e-01		4.1431981e-01		2.9748789e-01		2.8364094e-01		1.3846943e-02
2.6400000e+02		2.6500000e+02		2.6450000e+02		1.5851177e-01		4.2415968e-02		1.0056469e-01		7.2820024e-02		6.8634125e-02		4.1858992e-03
2.6800000e+02		2.6900000e+02		2.6850000e+02		1.8958231e-01		5.2809951e-02		1.2399410e-01		9.0495079e-02		8.4186725e-02		6.3083540e-03
2.7200000e+02		2.7300000e+02		2.7250000e+02		2.8944064e-01		8.3783725e-02		1.9488197e-01		1.4327703e-01		1.3136103e-01		1.1916000e-02
2.7600000e+02		2.7700000e+02		2.7650000e+02		4.4661399e-01		1.3411361e-01		3.0914369e-01		2.2883535e-01		2.0646024e-01		2.2375110e-02
2.8000000e+02		2.8100000e+02		2.8050000e+02		2.3931450e+00		7.4427629e-01		1.7007439e+00		1.2669231e+00		1.1231959e+00		1.4372718e-01
2.8400000e+02		2.8500000e+02		2.8450000e+02		3.4920317e-01		1.1229962e-01		2.5446974e-01		1.9067781e-01		1.6587762e-01		2.4800194e-02
2.8800000e+02		2.8900000e+02		2.8850000e+02		6.2446817e-01		2.0733929e-01		4.6604060e-01		3.5112135e-01		2.9932534e-01		5.1796005e-02
2.9200000e+02		2.9300000e+02		2.9250000e+02		7.1498893e-01		2.4473935e-01		5.4583006e-01		4.1332278e-01		3.4484127e-01		6.8481504e-02
2.9600000e+02		2.9700000e+02		2.9650000e+02		4.9655296e-01		1.7498094e-01		3.8732870e-01		2.9467985e-01		2.4032546e-01		5.4354396e-02
3.0000000e+02		3.0100000e+02		3.0050000e+02		6.5752950e-01		2.3821755e-01		5.2350242e-01		4.0001825e-01		3.1853437e-01		8.1483872e-02
3.0400000e+02		3.0500000e+02		3.0450000e+02		6.6521549e-01		2.4745238e-01		5.4002068e-01		4.1430839e-01		3.2178636e-01		9.2522032e-02
3.0800000e+02		3.0900000e+02		3.0850000e+02		1.0142077e+00		3.8689098e-01		8.3867994e-01		6.4585281e-01		4.8878465e-01		1.5706817e-01
3.1200000e+02		3.1300000e+02		3.1250000e+02		1.1718218e+00		4.5786880e-01		9.8616580e-01		7.6206535e-01		5.6146291e-01		2.0060244e-01
3.1600000e+02		3.1700000e+02		3.1650000e+02		2.2552319e+00		9.0156471e-01		1.9298191e+00		1.4960759e+00		1.0721693e+00		4.2390651e-01
3.2000000e+02		3.2100000e+02		3.2050000e+02		1.4500278e+00		5.9243281e-01		1.2605974e+00		9.8018053e-01		6.8275220e-01		2.9742833e-01
3.2400000e+02		3.2500000e+02		3.2450000e+02		3.1414937e+00		1.3104143e+00		2.7724738e+00		2.1616997e+00		1.4624975e+00		6.9920221e-01
3.2800000e+02		3.2900000e+02		3.2850000e+02		3.3007801e+00		1.4043399e+00		2.9549733e+00		2.3098962e+00		1.5169045e+00		7.9299170e-01
3.3200000e+02		3.3300000e+02		3.3250000e+02		6.7567836e+00		2.9293596e+00		6.1316094e+00		4.8044507e+00		3.0607315e+00		1.7437192e+00
3.3600000e+02		3.3700000e+02		3.3650000e+02		8.3012430e+00		3.6640899e+00		7.6310324e+00		5.9925061e+00		3.7015228e+00		2.2909833e+00
3.4000000e+02		3.4100000e+02		3.4050000e+02		1.0922128e+01		4.9040240e+00		1.0164288e+01		7.9981464e+00		4.7879549e+00		3.2101916e+00
3.4400000e+02		3.4500000e+02		3.4450000e+02		1.8968217e+01		8.6565351e+00		1.7859295e+01		1.4079932e+01		8.1652686e+00		5.9146632e+00
3.4800000e+02		3.4900000e+02		3.4850000e+02		1.6343975e+01		7.5755586e+00		1.5560239e+01		1.2289037e+01		6.9014165e+00		5.3876204e+00
3.5200000e+02		3.5300000e+02		3.5250000e+02		1.3281198e+01		6.2476567e+00		1.2778579e+01		1.0108705e+01		5.4957504e+00		4.6129541e+00
3.5600000e+02		3.5700000e+02		3.5650000e+02		1.5877372e+01		7.5749661e+00		1.5430825e+01		1.2225417e+01		6.4325777e+00		5.7928395e+00
3.6000000e+02		3.6100000e+02		3.6050000e+02		1.4830886e+01		7.1714262e+00		1.4552352e+01		1.1545784e+01		5.8780086e+00		5.6677754e+00
3.6400000e+02		3.6500000e+02		3.6450000e+02		1.6966662e+01		8.3099739e+00		1.6800402e+01		1.3346986e+01		6.5733488e+00		6.7736373e+00
3.6800000e+02		3.6900000e+02		3.6850000e+02		1.7327000e+01		8.5907975e+00		1.7306768e+01		1.3766188e+01		6.5575198e+00		7.2086685e+00
3.7200000e+02		3.7300000e+02		3.7250000e+02		1.2444620e+01		6.2424281e+00		1.2533308e+01		9.9807126e+00		4.5977895e+00		5.3829231e+00
3.7600000e+02		3.7700000e+02		3.7650000e+02		2.0712302e+01		1.0505804e+01		2.1024976e+01		1.6760852e+01		7.4661531e+00		9.2946993e+00
3.8000000e+02		3.8100000e+02		3.8050000e+02		2.3152543e+01		1.1868821e+01		2.3679328e+01		1.8895741e+01		8.1384382e+00		1.0757302e+01
3.8400000e+02		3.8500000e+02		3.8450000e+02		2.3906976e+01		1.2380308e+01		2.4626784e+01		1.9670153e+01		8.1909627e+00		1.1479191e+01
3.8800000e+02		3.8900000e+02		3.8850000e+02		2.0898498e+01		1.0927487e+01		2.1675408e+01		1.7327923e+01		6.9760117e+00		1.0351911e+01
3.9200000e+02		3.9300000e+02		3.9250000e+02		2.4278089e+01		1.2812345e+01		2.5345455e+01		2.0278421e+01		7.8926117e+00		1.2385809e+01
3.9600000e+02		3.9700000e+02		3.9650000e+02		2.1958736e+01		1.1688597e+01		2.3063284e+01		1.8466080e+01		6.9480733e+00		1.1518007e+01
