Left Bin Edge (nm)	Right Bin Edge (nm)	Bin Center (nm)		Top of Atm Intensity (erg/s/nm/cm2)		Total Surface Flux (erg/s/nm/cm2)		Total Intensity at BOA (erg/s/nm/cm2)		Total Surface Intensity (erg/s/nm/cm2)		Total Surface Diffuse Intensity (erg/s/nm/cm2)		Total Surface Direct Intensity (erg/s/nm/cm2)
1.2000000e+02		1.2100000e+02		1.2050000e+02		5.8397742e+02		0.0000000e+00		0.0000000e+00		0.0000000e+00		0.0000000e+00		0.0000000e+00
1.2400000e+02		1.2500000e+02		1.2450000e+02		4.1234565e+02		0.0000000e+00		0.0000000e+00		0.0000000e+00		0.0000000e+00		0.0000000e+00
1.2800000e+02		1.2900000e+02		1.2850000e+02		3.8849948e+02		0.0000000e+00		0.0000000e+00		0.0000000e+00		0.0000000e+00		0.0000000e+00
1.3200000e+02		1.3300000e+02		1.3250000e+02		3.8730057e+02		0.0000000e+00		0.0000000e+00		0.0000000e+00		0.0000000e+00		0.0000000e+00
1.3600000e+02		1.3700000e+02		1.3650000e+02		3.7242740e+02		0.0000000e+00		0.0000000e+00		0.0000000e+00		0.0000000e+00		0.0000000e+00
1.4000000e+02		1.4100000e+02		1.4050000e+02		5.3575257e+02		0.0000000e+00		0.0000000e+00		0.0000000e+00		0.0000000e+00		0.0000000e+00
1.4400000e+02		1.4500000e+02		1.4450000e+02		3.6622478e+02		0.0000000e+00		0.0000000e+00		0.0000000e+00		0.0000000e+00		0.0000000e+00
1.4800000e+02		1.4900000e+02		1.4850000e+02		4.1416493e+02		0.0000000e+00		0.0000000e+00		0.0000000e+00		0.0000000e+00		0.0000000e+00
1.5200000e+02		1.5300000e+02		1.5250000e+02		4.1503662e+02		0.0000000e+00		0.0000000e+00		0.0000000e+00		0.0000000e+00		0.0000000e+00
1.5600000e+02		1.5700000e+02		1.5650000e+02		4.1737298e+02		0.0000000e+00		0.0000000e+00		0.0000000e+00		0.0000000e+00		0.0000000e+00
1.6000000e+02		1.6100000e+02		1.6050000e+02		4.0702251e+02		0.0000000e+00		0.0000000e+00		0.0000000e+00		0.0000000e+00		0.0000000e+00
1.6400000e+02		1.6500000e+02		1.6450000e+02		4.6755916e+02		0.0000000e+00		0.0000000e+00		0.0000000e+00		0.0000000e+00		0.0000000e+00
1.6800000e+02		1.6900000e+02		1.6850000e+02		3.8573745e+02		0.0000000e+00		0.0000000e+00		0.0000000e+00		0.0000000e+00		0.0000000e+00
1.7200000e+02		1.7300000e+02		1.7250000e+02		3.9856362e+02		0.0000000e+00		0.0000000e+00		0.0000000e+00		0.0000000e+00		0.0000000e+00
1.7600000e+02		1.7700000e+02		1.7650000e+02		4.1195344e+02		0.0000000e+00		0.0000000e+00		0.0000000e+00		0.0000000e+00		0.0000000e+00
1.8000000e+02		1.8100000e+02		1.8050000e+02		4.1507482e+02		0.0000000e+00		0.0000000e+00		0.0000000e+00		0.0000000e+00		0.0000000e+00
1.8400000e+02		1.8500000e+02		1.8450000e+02		3.8989658e+02		0.0000000e+00		0.0000000e+00		0.0000000e+00		0.0000000e+00		0.0000000e+00
1.8800000e+02		1.8900000e+02		1.8850000e+02		3.8471072e+02		2.0650870e-143		0.0000000e+00		3.1801706e-143		6.1222997e-144		2.5679406e-143
1.9200000e+02		1.9300000e+02		1.9250000e+02		3.8878505e+02		2.2183369e-48		3.0108276e-45		3.5727587e-48		1.8279740e-48		1.7447847e-48
1.9600000e+02		1.9700000e+02		1.9650000e+02		3.7933305e+02		3.5965612e-13		5.2766295e-12		6.2129648e-13		6.1063938e-13		1.0657105e-14
2.0000000e+02		2.0100000e+02		2.0050000e+02		3.6042391e+02		4.3834764e-02		1.6305551e-01		7.5918549e-02		7.5883013e-02		3.5536154e-05
2.0400000e+02		2.0500000e+02		2.0450000e+02		3.6844160e+02		4.1915462e+01		1.2356339e+02		7.2599135e+01		7.2595409e+01		3.7255383e-03
2.0800000e+02		2.0900000e+02		2.0850000e+02		3.3863516e+02		4.1497628e+01		1.1968193e+02		7.1874592e+01		7.1865476e+01		9.1162145e-03
2.1200000e+02		2.1300000e+02		2.1250000e+02		4.8127954e+02		6.3351697e+01		1.7901077e+02		1.0972355e+02		1.0969244e+02		3.1112735e-02
2.1600000e+02		2.1700000e+02		2.1650000e+02		4.6091861e+02		6.4994644e+01		1.8017520e+02		1.1256393e+02		1.1249855e+02		6.5374201e-02
2.2000000e+02		2.2100000e+02		2.2050000e+02		5.2692283e+02		7.9387573e+01		2.1617370e+02		1.3747991e+02		1.3732844e+02		1.5147500e-01
2.2400000e+02		2.2500000e+02		2.2450000e+02		5.6967790e+02		9.1470655e+01		2.4493854e+02		1.5838401e+02		1.5807446e+02		3.0954351e-01
2.2800000e+02		2.2900000e+02		2.2850000e+02		6.6306068e+02		1.1318285e+02		2.9835256e+02		1.9593954e+02		1.9529924e+02		6.4029696e-01
2.3200000e+02		2.3300000e+02		2.3250000e+02		8.3747566e+02		1.5161222e+02		3.9378936e+02		2.6238984e+02		2.6102888e+02		1.3609625e+00
2.3600000e+02		2.3700000e+02		2.3650000e+02		1.4782124e+03		2.8315458e+02		7.2527188e+02		4.8984317e+02		4.8599164e+02		3.8515307e+00
2.4000000e+02		2.4100000e+02		2.4050000e+02		1.7552469e+03		3.5495137e+02		8.9727008e+02		6.1370890e+02		6.0668537e+02		7.0235287e+00
2.4400000e+02		2.4500000e+02		2.4450000e+02		1.2296628e+03		2.6194364e+02		6.5393517e+02		4.5257642e+02		4.4530452e+02		7.2719013e+00
2.4800000e+02		2.4900000e+02		2.4850000e+02		1.4268490e+03		3.1949616e+02		7.8818801e+02		5.5152226e+02		5.3947239e+02		1.2049868e+01
2.5200000e+02		2.5300000e+02		2.5250000e+02		1.7702595e+03		4.1580694e+02		1.0142178e+03		7.1700077e+02		6.9629759e+02		2.0703174e+01
2.5600000e+02		2.5700000e+02		2.5650000e+02		1.2718337e+03		3.1273757e+02		7.5458756e+02		5.3858218e+02		5.1854446e+02		2.0037714e+01
2.6000000e+02		2.6100000e+02		2.6050000e+02		1.8031255e+03		4.6325973e+02		1.1062146e+03		7.9662266e+02		7.5928986e+02		3.7332796e+01
2.6400000e+02		2.6500000e+02		2.6450000e+02		9.7915601e+02		2.6234896e+02		6.2023793e+02		4.5037736e+02		4.2432431e+02		2.6053049e+01
2.6800000e+02		2.6900000e+02		2.6850000e+02		1.2518044e+03		3.4913936e+02		8.1753700e+02		5.9824728e+02		5.5629794e+02		4.1949346e+01
2.7200000e+02		2.7300000e+02		2.7250000e+02		1.6099964e+03		4.6661024e+02		1.0825479e+03		7.9788611e+02		7.3116333e+02		6.6722777e+01
2.7600000e+02		2.7700000e+02		2.7650000e+02		1.8718074e+03		5.6275035e+02		1.2940135e+03		9.6013634e+02		8.6577480e+02		9.4361542e+01
2.8000000e+02		2.8100000e+02		2.8050000e+02		1.9199257e+03		5.9778998e+02		1.3628271e+03		1.0174871e+03		9.0150473e+02		1.1598232e+02
2.8400000e+02		2.8500000e+02		2.8450000e+02		1.4021228e+03		4.5140908e+02		1.0206217e+03		7.6639710e+02		6.6627054e+02		1.0012656e+02
2.8800000e+02		2.8900000e+02		2.8850000e+02		1.4388215e+03		4.7824186e+02		1.0726872e+03		8.0980908e+02		6.8984829e+02		1.1996079e+02
2.9200000e+02		2.9300000e+02		2.9250000e+02		1.5823954e+03		5.4221847e+02		1.2068566e+03		9.1562412e+02		7.6332206e+02		1.5230206e+02
2.9600000e+02		2.9700000e+02		2.9650000e+02		1.5892873e+03		5.6061932e+02		1.2385876e+03		9.4402468e+02		7.6925422e+02		1.7477046e+02
3.0000000e+02		3.0100000e+02		3.0050000e+02		1.3464871e+03		4.8830043e+02		1.0711287e+03		8.1987413e+02		6.5228595e+02		1.6758818e+02
3.0400000e+02		3.0500000e+02		3.0450000e+02		1.3369360e+03		4.9779724e+02		1.0844727e+03		8.3336892e+02		6.4665604e+02		1.8671288e+02
3.0800000e+02		3.0900000e+02		3.0850000e+02		1.3129304e+03		5.0130551e+02		1.0849091e+03		8.3675647e+02		6.3263577e+02		2.0412070e+02
3.1200000e+02		3.1300000e+02		3.1250000e+02		1.2433463e+03		4.8624758e+02		1.0456431e+03		8.0920661e+02		5.9557741e+02		2.1362920e+02
3.1600000e+02		3.1700000e+02		3.1650000e+02		1.2506799e+03		5.0040870e+02		1.0695322e+03		8.3029369e+02		5.9438999e+02		2.3590370e+02
3.2000000e+02		3.2100000e+02		3.2050000e+02		1.3042744e+03		5.3332528e+02		1.1332070e+03		8.8228500e+02		6.1387044e+02		2.6841456e+02
3.2400000e+02		3.2500000e+02		3.2450000e+02		1.2836601e+03		5.3588388e+02		1.1322391e+03		8.8390774e+02		5.9730903e+02		2.8659871e+02
3.2800000e+02		3.2900000e+02		3.2850000e+02		1.7724124e+03		7.5466948e+02		1.5858938e+03		1.2411562e+03		8.1407975e+02		4.2707645e+02
3.3200000e+02		3.3300000e+02		3.3250000e+02		7.9819839e+02		3.4631266e+02		7.2398914e+02		5.6792232e+02		3.6135019e+02		2.0657213e+02
3.3600000e+02		3.3700000e+02		3.3650000e+02		7.9819839e+02		3.5257177e+02		7.3341728e+02		5.7655352e+02		3.5567495e+02		2.2087857e+02
3.4000000e+02		3.4100000e+02		3.4050000e+02		7.9819839e+02		3.5864026e+02		7.4249426e+02		5.8485189e+02		3.4964948e+02		2.3520241e+02
3.4400000e+02		3.4500000e+02		3.4450000e+02		7.9819839e+02		3.6451957e+02		7.5122980e+02		5.9282682e+02		3.4332809e+02		2.4949872e+02
3.4800000e+02		3.4900000e+02		3.4850000e+02		7.9819839e+02		3.7021168e+02		7.5963393e+02		6.0048807e+02		3.3676140e+02		2.6372667e+02
3.5200000e+02		3.5300000e+02		3.5250000e+02		7.9819839e+02		3.7571909e+02		7.6771689e+02		6.0784568e+02		3.2999622e+02		2.7784946e+02
3.5600000e+02		3.5700000e+02		3.5650000e+02		9.4905150e+02		4.5305916e+02		9.2205021e+02		7.3112282e+02		3.8413428e+02		3.4698854e+02
3.6000000e+02		3.6100000e+02		3.6050000e+02		9.4949068e+02		4.5939164e+02		9.3136469e+02		7.3952725e+02		3.7594142e+02		3.6358583e+02
3.6400000e+02		3.6500000e+02		3.6450000e+02		9.1401690e+02		4.4792224e+02		9.0479157e+02		7.1934990e+02		3.5374579e+02		3.6560411e+02
3.6800000e+02		3.6900000e+02		3.6850000e+02		9.5357393e+02		4.7304356e+02		9.5219427e+02		7.5794245e+02		3.6049456e+02		3.9744789e+02
3.7200000e+02		3.7300000e+02		3.7250000e+02		9.0746035e+02		4.5543672e+02		9.1368683e+02		7.2810131e+02		3.3489250e+02		3.9320882e+02
3.7600000e+02		3.7700000e+02		3.7650000e+02		8.8904104e+02		4.5117325e+02		9.0223804e+02		7.1972538e+02		3.2009852e+02		3.9962686e+02
3.8000000e+02		3.8100000e+02		3.8050000e+02		8.8664394e+02		4.5474834e+02		9.0660524e+02		7.2391086e+02		3.1129257e+02		4.1261828e+02
3.8400000e+02		3.8500000e+02		3.8450000e+02		8.0398367e+02		4.1654286e+02		8.2800755e+02		6.6175096e+02		2.7511814e+02		3.8663282e+02
3.8800000e+02		3.8900000e+02		3.8850000e+02		1.1628675e+03		6.0832277e+02		1.2058458e+03		9.6453906e+02		3.8767635e+02		5.7686271e+02
3.9200000e+02		3.9300000e+02		3.9250000e+02		7.5270516e+02		3.9740274e+02		7.8564223e+02		6.2892211e+02		2.4437908e+02		3.8454303e+02
3.9600000e+02		3.9700000e+02		3.9650000e+02		1.2406604e+03		6.6081701e+02		1.3030532e+03		1.0438936e+03		3.9214091e+02		6.5175273e+02
