Left Bin Edge (nm)	Right Bin Edge (nm)	Bin Center (nm)		Top of Atm Intensity (erg/s/nm/cm2)		Total Surface Flux (erg/s/nm/cm2)		Total Intensity at BOA (erg/s/nm/cm2)		Total Surface Intensity (erg/s/nm/cm2)		Total Surface Diffuse Intensity (erg/s/nm/cm2)		Total Surface Direct Intensity (erg/s/nm/cm2)
1.2000000e+02		1.2400000e+02		1.2200000e+02		3.8969586e+00		2.0368049e+00		3.7932256e+00		3.0558628e+00		3.0106685e-04		3.0555617e+00
1.2400000e+02		1.2800000e+02		1.2600000e+02		2.2293128e-02		6.2607523e-03		1.1926901e-02		9.3931126e-03		6.9761391e-07		9.3924150e-03
1.2800000e+02		1.3200000e+02		1.3000000e+02		1.2441644e-02		1.0781706e-03		2.1528200e-03		1.6175934e-03		8.9182702e-08		1.6175042e-03
1.3200000e+02		1.3600000e+02		1.3400000e+02		2.6633574e-02		1.6783586e-03		3.3969775e-03		2.5180602e-03		1.1518140e-07		2.5179450e-03
1.3600000e+02		1.4000000e+02		1.3800000e+02		1.1864896e-02		1.4826052e-03		2.9158014e-03		2.2243680e-03		9.3341867e-08		2.2242746e-03
1.4000000e+02		1.4400000e+02		1.4200000e+02		1.2415920e-02		1.6028522e-03		3.1481013e-03		2.4047741e-03		8.7517636e-08		2.4046866e-03
1.4400000e+02		1.4800000e+02		1.4600000e+02		7.3663822e-03		8.8622867e-04		1.7456246e-03		1.3296162e-03		4.1740847e-08		1.3295745e-03
1.4800000e+02		1.5200000e+02		1.5000000e+02		9.3901062e-03		1.3485483e-03		2.6372186e-03		2.0232372e-03		5.6504319e-08		2.0231807e-03
1.5200000e+02		1.5600000e+02		1.5400000e+02		7.7256304e-02		1.6735907e-02		3.2200641e-02		2.5109002e-02		6.4535466e-07		2.5108356e-02
1.5600000e+02		1.6000000e+02		1.5800000e+02		1.0680660e-02		3.5526082e-03		6.7250251e-03		5.3300023e-03		1.2827840e-07		5.3298741e-03
1.6000000e+02		1.6400000e+02		1.6200000e+02		7.1386536e-03		3.2604760e-03		6.1011470e-03		4.8917134e-03		1.1024885e-07		4.8916032e-03
1.6400000e+02		1.6800000e+02		1.6600000e+02		6.3033458e-03		3.5085278e-03		6.5196246e-03		5.2638659e-03		1.1000718e-07		5.2637559e-03
1.6800000e+02		1.7200000e+02		1.7000000e+02		9.2825129e-04		5.7431083e-04		1.0632957e-03		8.6164190e-04		1.6476520e-08		8.6162542e-04
1.7200000e+02		1.7600000e+02		1.7400000e+02		2.1744076e-02		1.4094123e-02		2.6052650e-02		2.1145490e-02		3.6611245e-07		2.1145124e-02
1.7600000e+02		1.8000000e+02		1.7800000e+02		8.3160347e-02		5.4923691e-02		1.0146012e-01		8.2402296e-02		1.2865809e-06		8.2401010e-02
1.8000000e+02		1.8400000e+02		1.8200000e+02		2.4851859e-02		1.6516721e-02		3.0504694e-02		2.4780116e-02		3.4876862e-07		2.4779768e-02
1.8400000e+02		1.8800000e+02		1.8600000e+02		4.3116223e-04		2.8714500e-04		5.3029009e-04		4.3080494e-04		5.4750793e-09		4.3079947e-04
1.8800000e+02		1.9200000e+02		1.9000000e+02		1.2846357e-02		8.5605140e-03		1.5808956e-02		1.2843376e-02		1.4772977e-07		1.2843228e-02
1.9200000e+02		1.9600000e+02		1.9400000e+02		1.4344165e-02		9.5601935e-03		1.7654993e-02		1.4343198e-02		1.4968631e-07		1.4343048e-02
1.9600000e+02		2.0000000e+02		1.9800000e+02		2.9919209e-02		1.9941736e-02		3.6826719e-02		2.9918664e-02		2.8397255e-07		2.9918380e-02
2.0000000e+02		2.0400000e+02		2.0200000e+02		3.0778649e-02		2.0514848e-02		3.7885072e-02		3.0778503e-02		2.6631068e-07		3.0778236e-02
2.0400000e+02		2.0800000e+02		2.0600000e+02		3.3480434e-02		2.2315701e-02		4.1210727e-02		3.3480326e-02		2.6466698e-07		3.3480061e-02
2.0800000e+02		2.1200000e+02		2.1000000e+02		4.1668493e-02		2.7773295e-02		5.1289339e-02		4.1668370e-02		3.0156987e-07		4.1668069e-02
2.1200000e+02		2.1600000e+02		2.1400000e+02		3.9878971e-02		2.6580534e-02		4.9086646e-02		3.9878863e-02		2.6479510e-07		3.9878598e-02
2.1600000e+02		2.2000000e+02		2.1800000e+02		1.4065195e-02		9.3748782e-03		1.7312718e-02		1.4065160e-02		8.5845214e-08		1.4065074e-02
2.2000000e+02		2.2400000e+02		2.2200000e+02		1.1067655e-02		7.3769290e-03		1.3623076e-02		1.1067630e-02		6.2205471e-08		1.1067567e-02
2.2400000e+02		2.2800000e+02		2.2600000e+02		2.6169753e-02		1.7442941e-02		3.2212118e-02		2.6169698e-02		1.3569064e-07		2.6169562e-02
2.2800000e+02		2.3200000e+02		2.3000000e+02		1.5415279e-02		1.0274757e-02		1.8974534e-02		1.5415249e-02		7.3857967e-08		1.5415175e-02
2.3200000e+02		2.3600000e+02		2.3400000e+02		8.9833387e-02		5.9876726e-02		1.1057515e-01		8.9833225e-02		3.9839111e-07		8.9832826e-02
2.3600000e+02		2.4000000e+02		2.3800000e+02		1.3171174e-01		8.7789956e-02		1.6212288e-01		1.3171152e-01		5.4146110e-07		1.3171098e-01
2.4000000e+02		2.4400000e+02		2.4200000e+02		7.4021208e-02		4.9337437e-02		9.1112099e-02		7.4021093e-02		2.8251008e-07		7.4020810e-02
2.4400000e+02		2.4800000e+02		2.4600000e+02		5.7775518e-02		3.8509185e-02		7.1115419e-02		5.7775434e-02		2.0501798e-07		5.7775229e-02
2.4800000e+02		2.5200000e+02		2.5000000e+02		4.6862417e-02		3.1235267e-02		5.7682577e-02		4.6862354e-02		1.5482483e-07		4.6862199e-02
2.5200000e+02		2.5600000e+02		2.5400000e+02		8.3632494e-02		5.5743680e-02		1.0294258e-01		8.3632389e-02		2.5758596e-07		8.3632131e-02
2.5600000e+02		2.6000000e+02		2.5800000e+02		1.3044888e-01		8.6948279e-02		1.6056852e-01		1.3044873e-01		3.7504101e-07		1.3044835e-01
2.6000000e+02		2.6400000e+02		2.6200000e+02		3.1006398e-01		2.0666741e-01		3.8165538e-01		3.1006364e-01		8.3315391e-07		3.1006281e-01
2.6400000e+02		2.6800000e+02		2.6600000e+02		2.9782771e-01		1.9851157e-01		3.6659387e-01		2.9782740e-01		7.4876365e-07		2.9782666e-01
2.6800000e+02		2.7200000e+02		2.7000000e+02		3.1185882e-01		2.0786376e-01		3.8386468e-01		3.1185852e-01		7.3451883e-07		3.1185779e-01
2.7200000e+02		2.7600000e+02		2.7400000e+02		4.4140722e-01		2.9421189e-01		5.4332487e-01		4.4140682e-01		9.7490304e-07		4.4140585e-01
2.7600000e+02		2.8000000e+02		2.7800000e+02		1.2179031e+00		8.1177105e-01		1.4991080e+00		1.2179021e+00		2.5254723e-06		1.2178995e+00
2.8000000e+02		2.8400000e+02		2.8200000e+02		1.0756692e+00		7.1696769e-01		1.3240334e+00		1.0756683e+00		2.0962874e-06		1.0756662e+00
2.8400000e+02		2.8800000e+02		2.8600000e+02		5.3002385e-01		3.5327776e-01		6.5240252e-01		5.3002345e-01		9.7169656e-07		5.3002248e-01
2.8800000e+02		2.9200000e+02		2.9000000e+02		1.1296654e+00		7.5295797e-01		1.3904970e+00		1.1296646e+00		1.9501844e-06		1.1296627e+00
2.9200000e+02		2.9600000e+02		2.9400000e+02		1.1279428e+00		7.5180984e-01		1.3883767e+00		1.1279421e+00		1.8352956e-06		1.1279402e+00
2.9600000e+02		3.0000000e+02		2.9800000e+02		1.0785521e+00		7.1888940e-01		1.3275821e+00		1.0785514e+00		1.6553926e-06		1.0785498e+00
3.0000000e+02		3.0400000e+02		3.0200000e+02		1.1033594e+00		7.3542429e-01		1.3581173e+00		1.1033587e+00		1.5993077e-06		1.1033571e+00
3.0400000e+02		3.0800000e+02		3.0600000e+02		1.4604631e+00		9.7344536e-01		1.7976738e+00		1.4604623e+00		2.0005231e-06		1.4604603e+00
3.0800000e+02		3.1200000e+02		3.1000000e+02		2.0903435e+00		1.3932808e+00		2.5729892e+00		2.0903424e+00		2.7083092e-06		2.0903397e+00
3.1200000e+02		3.1600000e+02		3.1400000e+02		2.6888006e+00		1.7921717e+00		3.3096259e+00		2.6887993e+00		3.2971056e-06		2.6887960e+00
3.1600000e+02		3.2000000e+02		3.1800000e+02		4.5993146e+00		3.0655906e+00		5.6612645e+00		4.5993124e+00		5.3429038e-06		4.5993071e+00
3.2000000e+02		3.2400000e+02		3.2200000e+02		7.4736465e+00		4.9814251e+00		9.1992599e+00		7.4736431e+00		8.2299708e-06		7.4736349e+00
3.2400000e+02		3.2800000e+02		3.2600000e+02		4.2815708e+00		2.8538043e+00		5.2701561e+00		4.2815690e+00		4.4733619e-06		4.2815645e+00
3.2800000e+02		3.3200000e+02		3.3000000e+02		5.0903070e+00		3.3928531e+00		6.2656240e+00		5.0903049e+00		5.0479388e-06		5.0902999e+00
3.3200000e+02		3.3600000e+02		3.3400000e+02		1.4459691e+01		9.6378486e+00		1.7798335e+01		1.4459685e+01		1.3625182e-05		1.4459672e+01
3.3600000e+02		3.4000000e+02		3.3800000e+02		1.6229446e+01		1.0817447e+01		1.9976715e+01		1.6229440e+01		1.4541303e-05		1.6229426e+01
3.4000000e+02		3.4400000e+02		3.4200000e+02		1.8568598e+01		1.2376568e+01		2.2855961e+01		1.8568592e+01		1.5825280e-05		1.8568576e+01
3.4400000e+02		3.4800000e+02		3.4600000e+02		1.9434447e+01		1.2953684e+01		2.3921729e+01		1.9434441e+01		1.5768521e-05		1.9434425e+01
3.4800000e+02		3.5200000e+02		3.5000000e+02		2.3442297e+01		1.5625046e+01		2.8854965e+01		2.3442290e+01		1.8114324e-05		2.3442272e+01
3.5200000e+02		3.5600000e+02		3.5400000e+02		3.2363041e+01		2.1571009e+01		3.9835449e+01		3.2363031e+01		2.3830930e-05		3.2363007e+01
3.5600000e+02		3.6000000e+02		3.5800000e+02		2.3197064e+01		1.5461590e+01		2.8553110e+01		2.3197057e+01		1.6299004e-05		2.3197041e+01
3.6000000e+02		3.6400000e+02		3.6200000e+02		2.7197616e+01		1.8128088e+01		3.3477363e+01		2.7197609e+01		1.8229072e-05		2.7197590e+01
3.6400000e+02		3.6800000e+02		3.6600000e+02		2.9095652e+01		1.9393190e+01		3.5813644e+01		2.9095644e+01		1.8611963e-05		2.9095626e+01
3.6800000e+02		3.7200000e+02		3.7000000e+02		3.0161376e+01		2.0103530e+01		3.7125437e+01		3.0161368e+01		1.8438832e-05		3.0161350e+01
3.7200000e+02		3.7600000e+02		3.7400000e+02		2.2436947e+01		1.4954949e+01		2.7617489e+01		2.2436942e+01		1.3106416e-05		2.2436929e+01
3.7600000e+02		3.8000000e+02		3.7800000e+02		3.8262131e+01		2.5502945e+01		4.7096603e+01		3.8262122e+01		2.1380249e-05		3.8262101e+01
3.8000000e+02		3.8400000e+02		3.8200000e+02		3.2368213e+01		2.1574459e+01		3.9841819e+01		3.2368206e+01		1.7306488e-05		3.2368189e+01
3.8400000e+02		3.8800000e+02		3.8600000e+02		3.3135415e+01		2.2085824e+01		4.0786163e+01		3.3135408e+01		1.6954131e-05		3.3135391e+01
3.8800000e+02		3.9200000e+02		3.9000000e+02		4.2139619e+01		2.8087417e+01		5.1869378e+01		4.2139611e+01		2.0659516e-05		4.2139590e+01
3.9200000e+02		3.9600000e+02		3.9400000e+02		4.0298066e+01		2.6859963e+01		4.9602623e+01		4.0298058e+01		1.8931256e-05		4.0298039e+01
3.9600000e+02		4.0000000e+02		3.9800000e+02		5.4704860e+01		3.6462557e+01		6.7335852e+01		5.4704850e+01		2.4624836e-05		5.4704825e+01
