Left Bin Edge (nm)	Right Bin Edge (nm)	Bin Center (nm)		Top of Atm Intensity (erg/s/nm/cm2)		Total Surface Flux (erg/s/nm/cm2)		Total Intensity at BOA (erg/s/nm/cm2)		Total Surface Intensity (erg/s/nm/cm2)		Total Surface Diffuse Intensity (erg/s/nm/cm2)		Total Surface Direct Intensity (erg/s/nm/cm2)
1.2000000e+02		1.2100000e+02		1.2050000e+02		2.1823516e-01		0.0000000e+00		0.0000000e+00		0.0000000e+00		0.0000000e+00		0.0000000e+00
1.2400000e+02		1.2500000e+02		1.2450000e+02		9.7968630e-02		0.0000000e+00		0.0000000e+00		0.0000000e+00		0.0000000e+00		0.0000000e+00
1.2800000e+02		1.2900000e+02		1.2850000e+02		2.4783439e-02		0.0000000e+00		0.0000000e+00		0.0000000e+00		0.0000000e+00		0.0000000e+00
1.3200000e+02		1.3300000e+02		1.3250000e+02		1.8363540e-02		0.0000000e+00		0.0000000e+00		0.0000000e+00		0.0000000e+00		0.0000000e+00
1.3600000e+02		1.3700000e+02		1.3650000e+02		1.8919702e-02		0.0000000e+00		0.0000000e+00		0.0000000e+00		0.0000000e+00		0.0000000e+00
1.4000000e+02		1.4100000e+02		1.4050000e+02		1.0984781e-01		0.0000000e+00		0.0000000e+00		0.0000000e+00		0.0000000e+00		0.0000000e+00
1.4400000e+02		1.4500000e+02		1.4450000e+02		3.1137553e-02		0.0000000e+00		0.0000000e+00		0.0000000e+00		0.0000000e+00		0.0000000e+00
1.4800000e+02		1.4900000e+02		1.4850000e+02		5.0061866e-02		0.0000000e+00		0.0000000e+00		0.0000000e+00		0.0000000e+00		0.0000000e+00
1.5200000e+02		1.5300000e+02		1.5250000e+02		6.2473102e-02		0.0000000e+00		0.0000000e+00		0.0000000e+00		0.0000000e+00		0.0000000e+00
1.5600000e+02		1.5700000e+02		1.5650000e+02		1.0145584e-01		0.0000000e+00		0.0000000e+00		0.0000000e+00		0.0000000e+00		0.0000000e+00
1.6000000e+02		1.6100000e+02		1.6050000e+02		3.9120618e-02		0.0000000e+00		0.0000000e+00		0.0000000e+00		0.0000000e+00		0.0000000e+00
1.6400000e+02		1.6500000e+02		1.6450000e+02		3.7897789e-01		0.0000000e+00		0.0000000e+00		0.0000000e+00		0.0000000e+00		0.0000000e+00
1.6800000e+02		1.6900000e+02		1.6850000e+02		1.4115877e-02		0.0000000e+00		0.0000000e+00		0.0000000e+00		0.0000000e+00		0.0000000e+00
1.7200000e+02		1.7300000e+02		1.7250000e+02		3.1862682e-02		0.0000000e+00		0.0000000e+00		0.0000000e+00		0.0000000e+00		0.0000000e+00
1.7600000e+02		1.7700000e+02		1.7650000e+02		2.3393124e-03		0.0000000e+00		0.0000000e+00		0.0000000e+00		0.0000000e+00		0.0000000e+00
1.8000000e+02		1.8100000e+02		1.8050000e+02		2.6448764e-01		0.0000000e+00		0.0000000e+00		0.0000000e+00		0.0000000e+00		0.0000000e+00
1.8400000e+02		1.8500000e+02		1.8450000e+02		8.7320530e-03		0.0000000e+00		0.0000000e+00		0.0000000e+00		0.0000000e+00		0.0000000e+00
1.8800000e+02		1.8900000e+02		1.8850000e+02		2.3789861e-02		0.0000000e+00		0.0000000e+00		0.0000000e+00		0.0000000e+00		0.0000000e+00
1.9200000e+02		1.9300000e+02		1.9250000e+02		2.3747805e-02		4.1464118e-156		0.0000000e+00		6.2628796e-156		3.1397249e-157		5.9489071e-156
1.9600000e+02		1.9700000e+02		1.9650000e+02		4.2694291e-02		2.7207384e-61		2.0689826e-49		4.1448395e-61		4.7018022e-62		3.6746593e-61
2.0000000e+02		2.0100000e+02		2.0050000e+02		5.0804558e-02		6.1153409e-06		2.2996733e-05		1.0591329e-05		1.0586462e-05		4.8673012e-09
2.0400000e+02		2.0500000e+02		2.0450000e+02		2.5892359e-02		2.9403795e-03		8.7196167e-03		5.0928473e-03		5.0925918e-03		2.5550905e-07
2.0800000e+02		2.0900000e+02		2.0850000e+02		3.0213388e-02		3.6959879e-03		1.0720076e-02		6.4015159e-03		6.4007205e-03		7.9547924e-07
2.1200000e+02		2.1300000e+02		2.1250000e+02		6.2013933e-02		8.1489871e-03		2.3151217e-02		1.4113853e-02		1.4109925e-02		3.9282973e-06
2.1600000e+02		2.1700000e+02		2.1650000e+02		5.3522106e-02		7.5344860e-03		2.0994789e-02		1.3048962e-02		1.3041510e-02		7.4512051e-06
2.2000000e+02		2.2100000e+02		2.2050000e+02		4.0739682e-02		6.1277905e-03		1.6768327e-02		1.0611866e-02		1.0600353e-02		1.1512812e-05
2.2400000e+02		2.2500000e+02		2.2450000e+02		9.0177304e-02		1.4455868e-02		3.8891443e-02		2.5030847e-02		2.4982614e-02		4.8233644e-05
2.2800000e+02		2.2900000e+02		2.2850000e+02		1.0737549e-01		1.8299570e-02		4.8453775e-02		3.1680000e-02		3.1577806e-02		1.0219392e-04
2.3200000e+02		2.3300000e+02		2.3250000e+02		2.0042573e-01		3.6227463e-02		9.4495757e-02		6.2698165e-02		6.2376801e-02		3.2136481e-04
2.3600000e+02		2.3700000e+02		2.3650000e+02		3.8039584e-01		7.2754377e-02		1.8710786e-01		1.2586307e-01		1.2488417e-01		9.7889550e-04
2.4000000e+02		2.4100000e+02		2.4050000e+02		4.6113106e-01		9.3112079e-02		2.3628217e-01		1.6099309e-01		1.5916904e-01		1.8240562e-03
2.4400000e+02		2.4500000e+02		2.4450000e+02		2.5150723e-01		5.3498039e-02		1.3404607e-01		9.2434018e-02		9.0962499e-02		1.4715189e-03
2.4800000e+02		2.4900000e+02		2.4850000e+02		3.4334178e-01		7.6770535e-02		1.9005122e-01		1.3252701e-01		1.2965617e-01		2.8708408e-03
2.5200000e+02		2.5300000e+02		2.5250000e+02		3.9487462e-01		9.2620939e-02		2.2666618e-01		1.5971741e-01		1.5514196e-01		4.5754487e-03
2.5600000e+02		2.5700000e+02		2.5650000e+02		4.1898088e-01		1.0288548e-01		2.4902986e-01		1.7719201e-01		1.7064780e-01		6.5442110e-03
2.6000000e+02		2.6100000e+02		2.6050000e+02		1.1666933e+00		2.9935089e-01		7.1696214e-01		5.1478966e-01		4.9082814e-01		2.3961524e-02
2.6400000e+02		2.6500000e+02		2.6450000e+02		9.0327465e-01		2.4170614e-01		5.7306493e-01		4.1496276e-01		3.9110954e-01		2.3853223e-02
2.6800000e+02		2.6900000e+02		2.6850000e+02		1.1719050e+00		3.2644526e-01		7.6647078e-01		5.5939626e-01		5.2040111e-01		3.8995155e-02
2.7200000e+02		2.7300000e+02		2.7250000e+02		1.2144176e+00		3.5153471e-01		8.1767401e-01		6.0115312e-01		5.5115668e-01		4.9996436e-02
2.7600000e+02		2.7700000e+02		2.7650000e+02		2.0006512e+00		6.0077508e-01		1.3848395e+00		1.0250904e+00		9.2485890e-01		1.0023150e-01
2.8000000e+02		2.8100000e+02		2.8050000e+02		7.7188303e+00		2.4005827e+00		5.4855655e+00		4.0863234e+00		3.6227469e+00		4.6357648e-01
2.8400000e+02		2.8500000e+02		2.8450000e+02		1.7135924e+00		5.5107111e-01		1.2487212e+00		9.3568465e-01		8.1398638e-01		1.2169828e-01
2.8800000e+02		2.8900000e+02		2.8850000e+02		3.6157942e+00		1.2005355e+00		2.6984672e+00		2.0330621e+00		1.7331529e+00		2.9990911e-01
2.9200000e+02		2.9300000e+02		2.9250000e+02		4.9464593e+00		1.6931636e+00		3.7761790e+00		2.8594629e+00		2.3856919e+00		4.7377093e-01
2.9600000e+02		2.9700000e+02		2.9650000e+02		3.8816675e+00		1.3678658e+00		3.0278366e+00		2.3035795e+00		1.8786788e+00		4.2490068e-01
3.0000000e+02		3.0100000e+02		3.0050000e+02		4.4653500e+00		1.6177597e+00		3.5551584e+00		2.7165648e+00		2.1631995e+00		5.5336530e-01
3.0400000e+02		3.0500000e+02		3.0450000e+02		5.4251475e+00		2.0180914e+00		4.4041245e+00		3.3788812e+00		2.6243202e+00		7.5456101e-01
3.0800000e+02		3.0900000e+02		3.0850000e+02		7.8900349e+00		3.0098207e+00		6.5245156e+00		5.0244158e+00		3.8025031e+00		1.2219127e+00
3.1200000e+02		3.1300000e+02		3.1250000e+02		9.3111340e+00		3.6381622e+00		7.8359371e+00		6.0552659e+00		4.4613067e+00		1.5939593e+00
3.1600000e+02		3.1700000e+02		3.1650000e+02		1.5426481e+01		6.1669804e+00		1.3200557e+01		1.0233620e+01		7.3339686e+00		2.8996511e+00
3.2000000e+02		3.2100000e+02		3.2050000e+02		1.2569313e+01		5.1354004e+00		1.0927269e+01		8.4965240e+00		5.9183183e+00		2.5782056e+00
3.2400000e+02		3.2500000e+02		3.2450000e+02		1.8550537e+01		7.7380033e+00		1.6371472e+01		1.2764848e+01		8.6360553e+00		4.1287928e+00
3.2800000e+02		3.2900000e+02		3.2850000e+02		2.5007101e+01		1.0639446e+01		2.2387228e+01		1.7500047e+01		1.1492248e+01		6.0077990e+00
3.3200000e+02		3.3300000e+02		3.3250000e+02		3.3226927e+01		1.4405318e+01		3.0152592e+01		2.3626202e+01		1.5051348e+01		8.5748536e+00
3.3600000e+02		3.3700000e+02		3.3650000e+02		3.4744888e+01		1.5336064e+01		3.1939719e+01		2.5081660e+01		1.5492739e+01		9.5889205e+00
3.4000000e+02		3.4100000e+02		3.4050000e+02		4.8120571e+01		2.1606086e+01		4.4781687e+01		3.5238131e+01		2.1094710e+01		1.4143421e+01
3.4400000e+02		3.4500000e+02		3.4450000e+02		3.3873612e+01		1.5458918e+01		3.1893290e+01		2.5144069e+01		1.4581610e+01		1.0562459e+01
3.4800000e+02		3.4900000e+02		3.4850000e+02		6.1028587e+01		2.8287221e+01		5.8102110e+01		4.5887402e+01		2.5769967e+01		2.0117435e+01
3.5200000e+02		3.5300000e+02		3.5250000e+02		5.2758760e+01		2.4818440e+01		5.0762135e+01		4.0156221e+01		2.1831538e+01		1.8324683e+01
3.5600000e+02		3.5700000e+02		3.5650000e+02		5.8096570e+01		2.7717405e+01		5.6462617e+01		4.4733776e+01		2.3537314e+01		2.1196462e+01
3.6000000e+02		3.6100000e+02		3.6050000e+02		4.8782452e+01		2.3588594e+01		4.7866285e+01		3.7976939e+01		1.9334224e+01		1.8642715e+01
3.6400000e+02		3.6500000e+02		3.6450000e+02		6.2363909e+01		3.0544750e+01		6.1752791e+01		4.9059163e+01		2.4161484e+01		2.4897679e+01
3.6800000e+02		3.6900000e+02		3.6850000e+02		7.1534734e+01		3.5467214e+01		7.1451205e+01		5.6833879e+01		2.7072802e+01		2.9761077e+01
3.7200000e+02		3.7300000e+02		3.7250000e+02		4.9193464e+01		2.4676259e+01		4.9544047e+01		3.9453662e+01		1.8175018e+01		2.1278644e+01
3.7600000e+02		3.7700000e+02		3.7650000e+02		7.6702850e+01		3.8905629e+01		7.7860759e+01		6.2069641e+01		2.7649038e+01		3.4420603e+01
3.8000000e+02		3.8100000e+02		3.8050000e+02		9.1593796e+01		4.6954253e+01		9.3677809e+01		7.4753457e+01		3.2196483e+01		4.2556974e+01
3.8400000e+02		3.8500000e+02		3.8450000e+02		8.7101525e+01		4.5105817e+01		8.9724038e+01		7.1665289e+01		2.9842559e+01		4.1822730e+01
3.8800000e+02		3.8900000e+02		3.8850000e+02		8.0252684e+01		4.1962832e+01		8.3236110e+01		6.6541255e+01		2.6788703e+01		3.9752552e+01
3.9200000e+02		3.9300000e+02		3.9250000e+02		7.8769256e+01		4.1569124e+01		8.2232281e+01		6.5792497e+01		2.5607252e+01		4.0185245e+01
3.9600000e+02		3.9700000e+02		3.9650000e+02		6.8535840e+01		3.6481510e+01		7.1983266e+01		5.7634843e+01		2.1685767e+01		3.5949076e+01
