Left Bin Edge (nm)	Right Bin Edge (nm)	Bin Center (nm)		Top of Atm Intensity (erg/s/nm/cm2)		Total Surface Flux (erg/s/nm/cm2)		Total Intensity at BOA (erg/s/nm/cm2)		Total Surface Intensity (erg/s/nm/cm2)		Total Surface Diffuse Intensity (erg/s/nm/cm2)		Total Surface Direct Intensity (erg/s/nm/cm2)
1.2000000e+02		1.2100000e+02		1.2050000e+02		2.7169741e+02		0.0000000e+00		0.0000000e+00		0.0000000e+00		0.0000000e+00		0.0000000e+00
1.2400000e+02		1.2500000e+02		1.2450000e+02		2.9632224e+01		0.0000000e+00		0.0000000e+00		0.0000000e+00		0.0000000e+00		0.0000000e+00
1.2800000e+02		1.2900000e+02		1.2850000e+02		1.0955080e+01		0.0000000e+00		0.0000000e+00		0.0000000e+00		0.0000000e+00		0.0000000e+00
1.3200000e+02		1.3300000e+02		1.3250000e+02		7.9313018e+00		0.0000000e+00		0.0000000e+00		0.0000000e+00		0.0000000e+00		0.0000000e+00
1.3600000e+02		1.3700000e+02		1.3650000e+02		3.0363049e+00		0.0000000e+00		0.0000000e+00		0.0000000e+00		0.0000000e+00		0.0000000e+00
1.4000000e+02		1.4100000e+02		1.4050000e+02		2.1916798e+01		0.0000000e+00		0.0000000e+00		0.0000000e+00		0.0000000e+00		0.0000000e+00
1.4400000e+02		1.4500000e+02		1.4450000e+02		6.8534060e+00		0.0000000e+00		0.0000000e+00		0.0000000e+00		0.0000000e+00		0.0000000e+00
1.4800000e+02		1.4900000e+02		1.4850000e+02		9.6357664e+00		0.0000000e+00		0.0000000e+00		0.0000000e+00		0.0000000e+00		0.0000000e+00
1.5200000e+02		1.5300000e+02		1.5250000e+02		1.3445700e+01		0.0000000e+00		0.0000000e+00		0.0000000e+00		0.0000000e+00		0.0000000e+00
1.5600000e+02		1.5700000e+02		1.5650000e+02		2.1134424e+01		0.0000000e+00		0.0000000e+00		0.0000000e+00		0.0000000e+00		0.0000000e+00
1.6000000e+02		1.6100000e+02		1.6050000e+02		1.1470217e+01		0.0000000e+00		0.0000000e+00		0.0000000e+00		0.0000000e+00		0.0000000e+00
1.6400000e+02		1.6500000e+02		1.6450000e+02		4.6293525e+01		0.0000000e+00		0.0000000e+00		0.0000000e+00		0.0000000e+00		0.0000000e+00
1.6800000e+02		1.6900000e+02		1.6850000e+02		7.7041341e+00		0.0000000e+00		0.0000000e+00		0.0000000e+00		0.0000000e+00		0.0000000e+00
1.7200000e+02		1.7300000e+02		1.7250000e+02		9.2313887e+00		0.0000000e+00		0.0000000e+00		0.0000000e+00		0.0000000e+00		0.0000000e+00
1.7600000e+02		1.7700000e+02		1.7650000e+02		7.0089450e+00		0.0000000e+00		0.0000000e+00		0.0000000e+00		0.0000000e+00		0.0000000e+00
1.8000000e+02		1.8100000e+02		1.8050000e+02		1.3977903e+01		0.0000000e+00		0.0000000e+00		0.0000000e+00		0.0000000e+00		0.0000000e+00
1.8400000e+02		1.8500000e+02		1.8450000e+02		6.5566392e+00		0.0000000e+00		0.0000000e+00		0.0000000e+00		0.0000000e+00		0.0000000e+00
1.8800000e+02		1.8900000e+02		1.8850000e+02		7.4605997e+00		0.0000000e+00		0.0000000e+00		0.0000000e+00		0.0000000e+00		0.0000000e+00
1.9200000e+02		1.9300000e+02		1.9250000e+02		5.1486542e+00		8.9896480e-154		0.0000000e+00		1.3578266e-153		6.8070956e-155		1.2897556e-153
1.9600000e+02		1.9700000e+02		1.9650000e+02		1.6210888e+00		1.0330558e-59		7.8561587e-48		1.5737825e-59		1.7852595e-60		1.3952566e-59
2.0000000e+02		2.0100000e+02		2.0050000e+02		3.8981995e+00		4.6922599e-04		1.7645238e-03		8.1266556e-04		8.1229209e-04		3.7346474e-07
2.0400000e+02		2.0500000e+02		2.0450000e+02		9.8641819e-01		1.1201930e-01		3.3219022e-01		1.9402161e-01		1.9401188e-01		9.7340986e-06
2.0800000e+02		2.0900000e+02		2.0850000e+02		-4.2035629e-01		-5.1421964e-02		1.4914750e-01		-8.9063745e-02		-8.9052678e-02		-1.1067435e-05
2.1200000e+02		2.1300000e+02		2.1250000e+02		9.1552667e-01		1.2030547e-01		3.4178701e-01		2.0836622e-01		2.0830823e-01		5.7994402e-05
2.1600000e+02		2.1700000e+02		2.1650000e+02		-2.9134451e+00		-4.1013542e-01		1.1428393e+00		-7.1031273e-01		-7.0990712e-01		-4.0560207e-04
2.2000000e+02		2.2100000e+02		2.2050000e+02		-2.1463345e+00		-3.2283728e-01		8.8342462e-01		-5.5907688e-01		-5.5847034e-01		-6.0654242e-04
2.2400000e+02		2.2500000e+02		2.2450000e+02		-1.4280592e+00		-2.2892496e-01		6.1588981e-01		-3.9639167e-01		-3.9562783e-01		-7.6383410e-04
2.2800000e+02		2.2900000e+02		2.2850000e+02		1.4390608e+00		2.4525331e-01		6.4938403e-01		4.2457964e-01		4.2321002e-01		1.3696167e-03
2.3200000e+02		2.3300000e+02		2.3250000e+02		2.5677539e+00		4.6412808e-01		1.2106322e+00		8.0325744e-01		7.9914027e-01		4.1171647e-03
2.3600000e+02		2.3700000e+02		2.3650000e+02		8.1754977e-01		1.5636429e-01		4.0213371e-01		2.7050591e-01		2.6840206e-01		2.1038500e-03
2.4000000e+02		2.4100000e+02		2.4050000e+02		3.8424641e-01		7.7587448e-02		1.9688670e-01		1.3415062e-01		1.3263069e-01		1.5199303e-03
2.4400000e+02		2.4500000e+02		2.4450000e+02		4.4366605e-01		9.4372092e-02		2.3646115e-01		1.6305629e-01		1.6046049e-01		2.5958020e-03
2.4800000e+02		2.4900000e+02		2.4850000e+02		4.1176063e-01		9.2068852e-02		2.2792335e-01		1.5893611e-01		1.5549319e-01		3.4429228e-03
2.5200000e+02		2.5300000e+02		2.5250000e+02		4.8351125e-01		1.1341136e-01		2.7754544e-01		1.9556882e-01		1.8996633e-01		5.6024895e-03
2.5600000e+02		2.5700000e+02		2.5650000e+02		6.5013601e-01		1.5964823e-01		3.8642164e-01		2.7495027e-01		2.6479557e-01		1.0154705e-02
2.6000000e+02		2.6100000e+02		2.6050000e+02		1.3420063e+00		3.4433281e-01		8.2469635e-01		5.9214446e-01		5.6458236e-01		2.7562099e-02
2.6400000e+02		2.6500000e+02		2.6450000e+02		8.4367234e-01		2.2575724e-01		5.3525141e-01		3.8758157e-01		3.6530229e-01		2.2279275e-02
2.6800000e+02		2.6900000e+02		2.6850000e+02		6.7423754e-01		1.8781526e-01		4.4097719e-01		3.2184005e-01		2.9940478e-01		2.2435263e-02
2.7200000e+02		2.7300000e+02		2.7250000e+02		1.4148520e+00		4.0955400e-01		9.5262759e-01		7.0037085e-01		6.4212272e-01		5.8248133e-02
2.7600000e+02		2.7700000e+02		2.7650000e+02		2.9615701e+00		8.8932919e-01		2.0499821e+00		1.5174445e+00		1.3690715e+00		1.4837300e-01
2.8000000e+02		2.8100000e+02		2.8050000e+02		3.2680665e+00		1.0163799e+00		2.3225271e+00		1.7301037e+00		1.5338306e+00		1.9627310e-01
2.8400000e+02		2.8500000e+02		2.8450000e+02		9.0175149e-01		2.8999264e-01		6.5712023e-01		4.9238957e-01		4.2834774e-01		6.4041835e-02
2.8800000e+02		2.8900000e+02		2.8850000e+02		9.3384098e-01		3.1005892e-01		6.9692553e-01		5.2507321e-01		4.4761653e-01		7.7456682e-02
2.9200000e+02		2.9300000e+02		2.9250000e+02		9.4318428e-01		3.2285018e-01		7.2003679e-01		5.4523857e-01		4.5490056e-01		9.0338011e-02
2.9600000e+02		2.9700000e+02		2.9650000e+02		1.1758786e+00		4.1436938e-01		9.1722650e-01		6.9782634e-01		5.6911062e-01		1.2871572e-01
3.0000000e+02		3.0100000e+02		3.0050000e+02		1.5363828e+00		5.5661891e-01		1.2232152e+00		9.3468225e-01		7.4428711e-01		1.9039514e-01
3.0400000e+02		3.0500000e+02		3.0450000e+02		4.6551286e+00		1.7316534e+00		3.7790246e+00		2.8992993e+00		2.2518370e+00		6.4746231e-01
3.0800000e+02		3.0900000e+02		3.0850000e+02		7.6170751e+00		2.9056944e+00		6.2987967e+00		4.8505936e+00		3.6709536e+00		1.1796401e+00
3.1200000e+02		3.1300000e+02		3.1250000e+02		5.9964365e+00		2.3430023e+00		5.0463992e+00		3.8996343e+00		2.8731132e+00		1.0265211e+00
3.1600000e+02		3.1700000e+02		3.1650000e+02		4.9091700e+00		1.9625186e+00		4.2008142e+00		3.2566454e+00		2.3338893e+00		9.2275616e-01
3.2000000e+02		3.2100000e+02		3.2050000e+02		5.6528306e+00		2.3095573e+00		4.9143496e+00		3.8211643e+00		2.6616611e+00		1.1595033e+00
3.2400000e+02		3.2500000e+02		3.2450000e+02		4.8881143e+00		2.0389838e+00		4.3139251e+00		3.3635704e+00		2.2756228e+00		1.0879475e+00
3.2800000e+02		3.2900000e+02		3.2850000e+02		8.1815642e+00		3.4809035e+00		7.3244212e+00		5.7254840e+00		3.7599146e+00		1.9655694e+00
3.3200000e+02		3.3300000e+02		3.3250000e+02		9.4579780e+00		4.1004449e+00		8.5828746e+00		6.7251508e+00		4.2843360e+00		2.4408148e+00
3.3600000e+02		3.3700000e+02		3.3650000e+02		8.1309212e+00		3.5889115e+00		7.4744617e+00		5.8695541e+00		3.6255763e+00		2.2439778e+00
3.4000000e+02		3.4100000e+02		3.4050000e+02		4.5376174e+00		2.0373854e+00		4.2227712e+00		3.3228441e+00		1.9891643e+00		1.3336798e+00
3.4400000e+02		3.4500000e+02		3.4450000e+02		3.7122205e+00		1.6941480e+00		3.4951963e+00		2.7555469e+00		1.5980035e+00		1.1575434e+00
3.4800000e+02		3.4900000e+02		3.4850000e+02		4.3573886e+00		2.0196833e+00		4.1484406e+00		3.2763210e+00		1.8399535e+00		1.4363676e+00
3.5200000e+02		3.5300000e+02		3.5250000e+02		6.4773793e+00		3.0470476e+00		6.2322466e+00		4.9301210e+00		2.6803350e+00		2.2497860e+00
3.5600000e+02		3.5700000e+02		3.5650000e+02		6.4158511e+00		3.0609508e+00		6.2354068e+00		4.9401410e+00		2.5993257e+00		2.3408153e+00
3.6000000e+02		3.6100000e+02		3.6050000e+02		5.6816635e+00		2.7473497e+00		5.5749581e+00		4.4231517e+00		2.2518457e+00		2.1713060e+00
3.6400000e+02		3.6500000e+02		3.6450000e+02		1.0360233e+01		5.0742607e+00		1.0258711e+01		8.1499759e+00		4.0138376e+00		4.1361383e+00
3.6800000e+02		3.6900000e+02		3.6850000e+02		1.0799167e+01		5.3542712e+00		1.0786557e+01		8.5798676e+00		4.0870174e+00		4.4928502e+00
3.7200000e+02		3.7300000e+02		3.7250000e+02		7.8172729e+00		3.9212739e+00		7.8729836e+00		6.2695329e+00		2.8881698e+00		3.3813631e+00
3.7600000e+02		3.7700000e+02		3.7650000e+02		1.0724056e+01		5.4395129e+00		1.0885947e+01		8.6781431e+00		3.8656951e+00		4.8124480e+00
3.8000000e+02		3.8100000e+02		3.8050000e+02		1.3111724e+01		6.7215383e+00		1.3410052e+01		1.0701016e+01		4.6089518e+00		6.0920643e+00
3.8400000e+02		3.8500000e+02		3.8450000e+02		9.6191031e+00		4.9812848e+00		9.9087218e+00		7.9143942e+00		3.2956788e+00		4.6187154e+00
3.8800000e+02		3.8900000e+02		3.8850000e+02		9.2493944e+00		4.8363589e+00		9.5932444e+00		7.6691057e+00		3.0874890e+00		4.5816167e+00
3.9200000e+02		3.9300000e+02		3.9250000e+02		9.5122798e+00		5.0199426e+00		9.9304793e+00		7.9451892e+00		3.0923657e+00		4.8528234e+00
3.9600000e+02		3.9700000e+02		3.9650000e+02		2.3159789e+01		1.2327916e+01		2.4324751e+01		1.9476099e+01		7.3281045e+00		1.2147995e+01
