Left Bin Edge (nm)	Right Bin Edge (nm)	Bin Center (nm)		Top of Atm Intensity (erg/s/nm/cm2)		Total Surface Flux (erg/s/nm/cm2)		Total Intensity at BOA (erg/s/nm/cm2)		Total Surface Intensity (erg/s/nm/cm2)		Total Surface Diffuse Intensity (erg/s/nm/cm2)		Total Surface Direct Intensity (erg/s/nm/cm2)
1.2000000e+02		1.2100000e+02		1.2050000e+02		5.8397742e+02		3.3915982e+02		6.2931136e+02		5.0884949e+02		5.4821483e-02		5.0879466e+02
1.2400000e+02		1.2500000e+02		1.2450000e+02		4.1234565e+02		1.6015126e+02		3.0144318e+02		2.4027793e+02		1.9998276e-02		2.4025793e+02
1.2800000e+02		1.2900000e+02		1.2850000e+02		3.8849948e+02		5.6828484e+01		1.1105199e+02		8.5260592e+01		5.2589601e-03		8.5255333e+01
1.3200000e+02		1.3300000e+02		1.3250000e+02		3.8730057e+02		2.0139922e+01		4.1103914e+01		3.0216157e+01		1.4390141e-03		3.0214718e+01
1.3600000e+02		1.3700000e+02		1.3650000e+02		3.7242740e+02		3.7084667e+01		7.3619047e+01		5.5638522e+01		2.4112560e-03		5.5636111e+01
1.4000000e+02		1.4100000e+02		1.4050000e+02		5.3575257e+02		7.3611400e+01		1.4421212e+02		1.1043990e+02		4.2659724e-03		1.1043564e+02
1.4400000e+02		1.4500000e+02		1.4450000e+02		3.6622478e+02		4.1936884e+01		8.2771569e+01		6.2918267e+01		2.0684242e-03		6.2916199e+01
1.4800000e+02		1.4900000e+02		1.4850000e+02		4.1416493e+02		5.4138947e+01		1.0627815e+02		8.1225087e+01		2.3595418e-03		8.1222727e+01
1.5200000e+02		1.5300000e+02		1.5250000e+02		4.1503662e+02		7.8600425e+01		1.5202681e+02		1.1792479e+02		3.1270079e-03		1.1792167e+02
1.5600000e+02		1.5700000e+02		1.5650000e+02		4.1737298e+02		1.2239352e+02		2.3278157e+02		1.8362785e+02		4.5393135e-03		1.8362331e+02
1.6000000e+02		1.6100000e+02		1.6050000e+02		4.0702251e+02		1.6967406e+02		3.1854569e+02		2.5456312e+02		5.8943800e-03		2.5455723e+02
1.6400000e+02		1.6500000e+02		1.6450000e+02		4.6755916e+02		2.4267175e+02		4.5204401e+02		3.6408195e+02		7.8193608e-03		3.6407414e+02
1.6800000e+02		1.6900000e+02		1.6850000e+02		3.8573745e+02		2.3378152e+02		4.3313765e+02		3.5074382e+02		6.9583249e-03		3.5073686e+02
1.7200000e+02		1.7300000e+02		1.7250000e+02		3.9856362e+02		2.5529910e+02		4.7210561e+02		3.8302667e+02		6.8864886e-03		3.8301978e+02
1.7600000e+02		1.7700000e+02		1.7650000e+02		4.1195344e+02		2.7101930e+02		5.0071847e+02		4.0661168e+02		6.5989837e-03		4.0660508e+02
1.8000000e+02		1.8100000e+02		1.8050000e+02		4.1507482e+02		2.7544633e+02		5.0874734e+02		4.1325348e+02		6.0431614e-03		4.1324744e+02
1.8400000e+02		1.8500000e+02		1.8450000e+02		3.8989658e+02		2.5958918e+02		4.7940558e+02		3.8946286e+02		5.1391407e-03		3.8945772e+02
1.8800000e+02		1.8900000e+02		1.8850000e+02		3.8471072e+02		2.5633913e+02		4.7339060e+02		3.8458673e+02		4.5887825e-03		3.8458214e+02
1.9200000e+02		1.9300000e+02		1.9250000e+02		3.8878505e+02		2.5911025e+02		4.7850450e+02		3.8874419e+02		4.2045358e-03		3.8873998e+02
1.9600000e+02		1.9700000e+02		1.9650000e+02		3.7933305e+02		2.5283031e+02		4.6690592e+02		3.7932232e+02		3.7280433e-03		3.7931859e+02
2.0000000e+02		2.0100000e+02		2.0050000e+02		3.6042391e+02		2.4023223e+02		4.4364045e+02		3.6042132e+02		3.2264590e-03		3.6041810e+02
2.0400000e+02		2.0500000e+02		2.0450000e+02		3.6844160e+02		2.4557720e+02		4.5351099e+02		3.6844037e+02		3.0109183e-03		3.6843736e+02
2.0800000e+02		2.0900000e+02		2.0850000e+02		3.3863516e+02		2.2571042e+02		4.1682266e+02		3.3863413e+02		2.5317355e-03		3.3863160e+02
2.1200000e+02		2.1300000e+02		2.1250000e+02		4.8127954e+02		3.2078725e+02		5.9240235e+02		4.8127820e+02		3.2987584e-03		4.8127490e+02
2.1600000e+02		2.1700000e+02		2.1650000e+02		4.6091861e+02		3.0721617e+02		5.6734040e+02		4.6091743e+02		2.9018237e-03		4.6091453e+02
2.2000000e+02		2.2100000e+02		2.2050000e+02		5.2692283e+02		3.5121007e+02		6.4858450e+02		5.2692159e+02		3.0527697e-03		5.2691853e+02
2.2400000e+02		2.2500000e+02		2.2450000e+02		5.6967790e+02		3.7970772e+02		7.0121145e+02		5.6967666e+02		3.0429729e-03		5.6967362e+02
2.2800000e+02		2.2900000e+02		2.2850000e+02		6.6306068e+02		4.4195029e+02		8.1615561e+02		6.6305935e+02		3.2707895e-03		6.6305608e+02
2.3200000e+02		2.3300000e+02		2.3250000e+02		8.3747566e+02		5.5820334e+02		1.0308416e+03		8.3747410e+02		3.8211735e-03		8.3747028e+02
2.3600000e+02		2.3700000e+02		2.3650000e+02		1.4782124e+03		9.8527431e+02		1.8195193e+03		1.4782099e+03		6.2494687e-03		1.4782036e+03
2.4000000e+02		2.4100000e+02		2.4050000e+02		1.7552469e+03		1.1699266e+03		2.1605190e+03		1.7552441e+03		6.8853681e-03		1.7552372e+03
2.4400000e+02		2.4500000e+02		2.4450000e+02		1.2296628e+03		8.1960857e+02		1.5135820e+03		1.2296610e+03		4.4824286e-03		1.2296565e+03
2.4800000e+02		2.4900000e+02		2.4850000e+02		1.4268490e+03		9.5103944e+02		1.7562970e+03		1.4268470e+03		4.8402865e-03		1.4268422e+03
2.5200000e+02		2.5300000e+02		2.5250000e+02		1.7702595e+03		1.1799334e+03		2.1789985e+03		1.7702572e+03		5.5947742e-03		1.7702516e+03
2.5600000e+02		2.5700000e+02		2.5650000e+02		1.2718337e+03		8.4771710e+02		1.5654902e+03		1.2718322e+03		3.7506610e-03		1.2718284e+03
2.6000000e+02		2.6100000e+02		2.6050000e+02		1.8031255e+03		1.2018399e+03		2.2194533e+03		1.8031235e+03		4.9675582e-03		1.8031185e+03
2.6400000e+02		2.6500000e+02		2.6450000e+02		9.7915601e+02		6.5263836e+02		1.2052357e+03		9.7915498e+02		2.5231076e-03		9.7915246e+02
2.6800000e+02		2.6900000e+02		2.6850000e+02		1.2518044e+03		8.3436719e+02		1.5408366e+03		1.2518032e+03		3.0203289e-03		1.2518001e+03
2.7200000e+02		2.7300000e+02		2.7250000e+02		1.6099964e+03		1.0731136e+03		1.9817326e+03		1.6099949e+03		3.6418816e-03		1.6099913e+03
2.7600000e+02		2.7700000e+02		2.7650000e+02		1.8718074e+03		1.2476190e+03		2.3039939e+03		1.8718058e+03		3.9733401e-03		1.8718018e+03
2.8000000e+02		2.8100000e+02		2.8050000e+02		1.9199257e+03		1.2796914e+03		2.3632225e+03		1.9199241e+03		3.8285495e-03		1.9199203e+03
2.8400000e+02		2.8500000e+02		2.8450000e+02		1.4021228e+03		9.3455942e+02		1.7258628e+03		1.4021217e+03		2.6293527e-03		1.4021191e+03
2.8800000e+02		2.8900000e+02		2.8850000e+02		1.4388215e+03		9.5902033e+02		1.7710350e+03		1.4388205e+03		2.5397761e-03		1.4388179e+03
2.9200000e+02		2.9300000e+02		2.9250000e+02		1.5823954e+03		1.0547170e+03		1.9477592e+03		1.5823943e+03		2.6317680e-03		1.5823917e+03
2.9600000e+02		2.9700000e+02		2.9650000e+02		1.5892873e+03		1.0593107e+03		1.9562424e+03		1.5892863e+03		2.4929347e-03		1.5892838e+03
3.0000000e+02		3.0100000e+02		3.0050000e+02		1.3464871e+03		8.9747665e+02		1.6573814e+03		1.3464863e+03		1.9936497e-03		1.3464843e+03
3.0400000e+02		3.0500000e+02		3.0450000e+02		1.3369360e+03		8.9111058e+02		1.6456251e+03		1.3369352e+03		1.8701843e-03		1.3369334e+03
3.0800000e+02		3.0900000e+02		3.0850000e+02		1.3129304e+03		8.7511012e+02		1.6160768e+03		1.3129297e+03		1.7363904e-03		1.3129280e+03
3.1200000e+02		3.1300000e+02		3.1250000e+02		1.2433463e+03		8.2873012e+02		1.5304263e+03		1.2433457e+03		1.5561809e-03		1.2433441e+03
3.1600000e+02		3.1700000e+02		3.1650000e+02		1.2506799e+03		8.3361823e+02		1.5394532e+03		1.2506793e+03		1.4823093e-03		1.2506778e+03
3.2000000e+02		3.2100000e+02		3.2050000e+02		1.3042744e+03		8.6934071e+02		1.6054223e+03		1.3042738e+03		1.4649189e-03		1.3042723e+03
3.2400000e+02		3.2500000e+02		3.2450000e+02		1.2836601e+03		8.5560064e+02		1.5800484e+03		1.2836595e+03		1.3672327e-03		1.2836582e+03
3.2800000e+02		3.2900000e+02		3.2850000e+02		1.7724124e+03		1.1813698e+03		2.1816503e+03		1.7724117e+03		1.7926918e-03		1.7724099e+03
3.3200000e+02		3.3300000e+02		3.3250000e+02		7.9819839e+02		5.3202487e+02		9.8249694e+02		7.9819808e+02		7.6658852e-04		7.9819731e+02
3.3600000e+02		3.3700000e+02		3.3650000e+02		7.9819839e+02		5.3202488e+02		9.8249696e+02		7.9819809e+02		7.2868008e-04		7.9819736e+02
3.4000000e+02		3.4100000e+02		3.4050000e+02		7.9819839e+02		5.3202489e+02		9.8249698e+02		7.9819811e+02		6.9307083e-04		7.9819741e+02
3.4400000e+02		3.4500000e+02		3.4450000e+02		7.9819839e+02		5.3202491e+02		9.8249699e+02		7.9819812e+02		6.5941801e-04		7.9819746e+02
3.4800000e+02		3.4900000e+02		3.4850000e+02		7.9819839e+02		5.3202492e+02		9.8249701e+02		7.9819813e+02		6.2801849e-04		7.9819751e+02
3.5200000e+02		3.5300000e+02		3.5250000e+02		7.9819839e+02		5.3202493e+02		9.8249702e+02		7.9819815e+02		5.9849669e-04		7.9819755e+02
3.5600000e+02		3.5700000e+02		3.5650000e+02		9.4905150e+02		6.3257340e+02		1.1681811e+03		9.4905122e+02		6.7846362e-04		9.4905055e+02
3.6000000e+02		3.6100000e+02		3.6050000e+02		9.4949068e+02		6.3286613e+02		1.1687217e+03		9.4949042e+02		6.4756638e-04		9.4948977e+02
3.6400000e+02		3.6500000e+02		3.6450000e+02		9.1401690e+02		6.0922173e+02		1.1250573e+03		9.1401666e+02		5.9488563e-04		9.1401606e+02
3.6800000e+02		3.6900000e+02		3.6850000e+02		9.5357393e+02		6.3558777e+02		1.1737478e+03		9.5357369e+02		5.9310412e-04		9.5357310e+02
3.7200000e+02		3.7300000e+02		3.7250000e+02		9.0746035e+02		6.0485159e+02		1.1169869e+03		9.0746013e+02		5.3919465e-04		9.0745959e+02
3.7600000e+02		3.7700000e+02		3.7650000e+02		8.8904104e+02		5.9257454e+02		1.0943147e+03		8.8904083e+02		5.0499697e-04		8.8904033e+02
3.8000000e+02		3.8100000e+02		3.8050000e+02		8.8664394e+02		5.9097680e+02		1.0913641e+03		8.8664374e+02		4.8192868e-04		8.8664326e+02
3.8400000e+02		3.8500000e+02		3.8450000e+02		8.0398367e+02		5.3588107e+02		9.8961817e+02		8.0398350e+02		4.1811883e-04		8.0398308e+02
3.8800000e+02		3.8900000e+02		3.8850000e+02		1.1628675e+03		7.7508874e+02		1.4313659e+03		1.1628673e+03		5.7921201e-04		1.1628667e+03
3.9200000e+02		3.9300000e+02		3.9250000e+02		7.5270516e+02		5.0170230e+02		9.2649981e+02		7.5270501e+02		3.5929719e-04		7.5270465e+02
3.9600000e+02		3.9700000e+02		3.9650000e+02		1.2406604e+03		8.2694024e+02		1.5271207e+03		1.2406602e+03		5.6732322e-04		1.2406596e+03
