2401.2100	-2.5575e-3	1.9783e-3
2403.8800	-1.2430e-3	1.9588e-3
2406.5500	-2.8764e-3	1.9458e-3
2409.2200	3.5532e-3	2.0499e-3
2411.8900	2.4078e-3	1.9848e-3
2414.5500	-1.7571e-3	1.8677e-3
2417.2200	-1.9328e-3	1.9328e-3
2419.8900	7.8743e-4	1.9393e-3
2422.5600	-1.3341e-3	1.9328e-3
2425.2300	-4.9133e-5	1.8156e-3
2427.9000	2.9089e-3	1.9133e-3
2430.5700	5.8504e-3	2.0629e-3
2433.2400	2.3493e-3	1.8677e-3
2435.9100	1.1258e-3	1.8807e-3
2438.5700	2.0434e-3	1.9067e-3
2441.2400	-1.5423e-3	1.6855e-3
2443.9100	3.3319e-3	1.8221e-3
2446.5800	2.6616e-3	1.7636e-3
2449.2500	1.5033e-3	1.6725e-3
2451.9200	2.7397e-3	1.8287e-3
2454.5900	1.0803e-3	1.5814e-3
2457.2600	2.5901e-3	1.6920e-3
2459.9300	2.8894e-4	1.5814e-3
2462.5900	-1.3926e-3	1.5033e-3
2465.2600	-7.0934e-4	1.5033e-3
2467.9300	-4.6335e-5	1.7506e-3
2470.6000	-1.0998e-3	1.5423e-3
2473.2700	1.7766e-3	1.6139e-3
2475.9400	-6.3970e-5	1.5163e-3
2478.6100	1.5618e-3	1.5683e-3
2481.2800	1.1258e-3	1.5618e-3
2483.9500	-6.9632e-4	1.5098e-3
2486.6100	-4.3146e-4	1.9198e-3
2489.2800	-8.1997e-4	1.4187e-3
2491.9500	1.0868e-3	1.6790e-3
2494.6200	2.4924e-4	1.6529e-3
2497.2900	-3.8135e-4	1.5163e-3
2499.9600	-1.9328e-3	1.5033e-3
2502.6300	-1.9523e-3	1.4252e-3
2505.3000	2.5835e-3	1.5814e-3
2507.9700	-1.3276e-3	1.4772e-3
2510.6300	7.7441e-5	1.3796e-3
2513.3000	2.5510e-3	1.4642e-3
2515.9700	1.2820e-3	1.8807e-3
2518.6400	1.2950e-4	1.4772e-3
2521.3100	-2.5055e-4	1.4382e-3
2523.9800	-7.7441e-4	1.4252e-3
2526.6500	9.5663e-4	1.4057e-3
2529.3200	9.0457e-4	1.4057e-3
2531.9900	6.3059e-5	1.3601e-3
2534.6500	-7.2886e-4	1.3601e-3
2537.3200	1.4577e-3	1.3666e-3
2539.9900	-2.2582e-4	1.3015e-3
2542.6600	-1.4512e-3	1.2430e-3
2545.3300	-6.5728e-4	1.2820e-3
2548.0000	-3.0261e-4	1.4057e-3
2550.6700	-6.6378e-4	1.2885e-3
2553.3400	3.7354e-4	1.2625e-3
2556.0100	1.9002e-3	1.3731e-3
2558.6700	6.6378e-4	1.3146e-3
2561.3400	1.1128e-3	1.2495e-3
2564.0100	-6.2148e-4	1.2169e-3
2566.6800	-9.5663e-5	1.1649e-3
2569.3500	-6.3190e-4	1.1649e-3
2572.0200	-5.6422e-4	1.1844e-3
2574.6900	1.6269e-4	1.1974e-3
2577.3600	-5.5966e-4	1.2365e-3
2580.0300	1.5488e-3	1.2169e-3
2582.6900	5.1150e-4	1.1714e-3
2585.3600	1.4252e-3	1.2625e-3
2588.0300	-4.0608e-4	1.2104e-3
2590.7000	-7.2235e-4	1.1649e-3
2593.3700	1.1193e-3	1.1974e-3
2596.0400	-7.3537e-4	1.1388e-3
2598.7100	-2.0825e-4	1.1193e-3
2601.3800	8.8504e-4	1.3731e-3
2604.0500	-3.0326e-4	1.1454e-3
2606.7100	2.8829e-3	1.1714e-3
2609.3800	-2.0629e-4	1.0282e-3
2612.0500	5.9740e-4	1.0998e-3
2614.7200	-8.6552e-4	1.0673e-3
2617.3900	-1.5033e-3	1.0738e-3
2620.0600	1.3276e-3	1.0933e-3
2622.7300	6.7029e-4	1.0542e-3
2625.4000	1.7375e-3	1.1323e-3
2628.0700	2.2712e-3	1.1584e-3
2630.7300	-1.7896e-4	1.0282e-3
2633.4000	-6.6378e-4	1.0282e-3
2636.0700	-1.3080e-4	1.0868e-3
2638.7400	-5.1085e-5	1.0803e-3
2641.4100	-6.1432e-4	1.0087e-3
2644.0800	-6.2604e-4	1.0087e-3
2646.7500	2.4013e-3	1.1519e-3
2649.4200	6.3840e-4	1.0738e-3
2652.0900	-2.1996e-4	1.0152e-3
2654.7500	-1.9002e-4	1.0152e-3
2657.4200	1.9718e-4	1.0608e-3
2660.0900	1.9133e-3	1.0673e-3
2662.7600	-1.2690e-4	9.8266e-4
2665.4300	-3.9371e-4	9.8917e-4
2668.1000	6.0586e-3	1.2625e-3
2670.7700	8.0044e-3	1.7571e-3
2673.4400	5.5510e-4	9.7615e-4
2676.1100	-2.9480e-4	9.7615e-4
2678.7700	6.1628e-5	9.6964e-4
2681.4400	-6.7029e-4	9.5012e-4
2684.1100	3.8460e-4	9.5012e-4
2686.7800	-6.5728e-4	9.5663e-4
2689.4500	-2.5055e-4	9.5012e-4
2692.1200	6.2474e-4	1.0087e-3
2694.7900	4.4838e-4	1.0022e-3
2697.4600	-1.9979e-4	1.0477e-3
2700.1300	4.6335e-4	9.4361e-4
2702.7900	5.3233e-4	9.5012e-4
2705.4600	-5.3818e-4	9.7615e-4
2708.1300	9.8917e-4	1.0217e-3
2710.8000	7.9394e-4	9.6964e-4
2713.4700	6.5077e-5	9.3060e-4
2716.1400	9.1107e-4	9.9567e-4
2718.8100	1.2104e-3	1.0152e-3
2721.4800	-4.8157e-5	9.6964e-4
2724.1500	3.2799e-4	9.6964e-4
2726.8100	1.8937e-3	1.2104e-3
2729.4800	5.6031e-4	9.3060e-4
2732.1500	5.5120e-4	9.8266e-4
2734.8200	2.4664e-3	1.0542e-3
2737.4900	-1.7961e-4	9.1758e-4
2740.1600	8.7854e-5	9.3711e-4
2742.8300	2.4599e-3	1.0412e-3
2745.5000	1.7506e-3	9.7615e-4
2748.1700	5.2972e-5	9.0457e-4
2750.8300	1.1649e-3	9.7615e-4
2753.5000	5.0434e-4	9.6314e-4
2756.1700	8.7854e-4	9.3711e-4
2758.8400	1.4968e-3	9.6964e-4
2761.5100	1.3796e-3	9.6964e-4
2764.1800	1.9198e-3	9.9567e-4
2766.8500	-4.2495e-4	9.3711e-4
2769.5200	1.7571e-3	1.0152e-3
2772.1900	9.0457e-4	9.8266e-4
2774.8500	4.3081e-4	9.5663e-4
2777.5200	2.6486e-3	1.0477e-3
2780.1900	5.0369e-4	1.0347e-3
2780.1391	1.2293e-3	3.6865e-4
2780.5294	2.1713e-3	4.3032e-4
2780.9196	1.8102e-3	4.0883e-4
2781.3099	1.4005e-3	3.8435e-4
2781.7001	2.0653e-3	4.2583e-4
2782.0903	1.9131e-3	4.1572e-4
2782.4806	1.5628e-3	3.9707e-4
2782.8708	1.3598e-3	3.8097e-4
2783.2610	1.4735e-3	3.8662e-4
2783.6513	1.6722e-3	4.0607e-4
2784.0415	1.0989e-3	3.6033e-4
2784.4317	1.3619e-3	3.8025e-4
2784.8220	1.0404e-3	3.5497e-4
2785.2122	1.3301e-3	3.7922e-4
2785.6025	1.5706e-3	3.9959e-4
2785.9927	1.5099e-3	2.8262e-4
2786.3829	1.5979e-3	2.8630e-4
2786.7732	1.6934e-3	2.8538e-4
2787.1634	1.5349e-3	2.8779e-4
2787.5536	1.5590e-3	2.7897e-4
2787.9439	1.5366e-3	2.8358e-4
2788.3341	1.5899e-3	2.8311e-4
2788.7243	1.3019e-3	2.6962e-4
2789.1146	1.8429e-3	2.9686e-4
2789.5048	1.6939e-3	2.8853e-4
2789.8950	1.3012e-3	2.7448e-4
2790.2853	1.1743e-3	2.6497e-4
2790.6755	1.1229e-3	2.6104e-4
2791.0658	1.3474e-3	2.7202e-4
2791.4560	1.1634e-3	2.6523e-4
2791.8462	1.5302e-3	2.8032e-4
2792.2365	1.5284e-3	2.8028e-4
2792.6267	1.6088e-3	2.8584e-4
2793.0169	1.7130e-3	2.9270e-4
2793.4072	1.7933e-3	2.9736e-4
2793.7974	2.3400e-3	3.2078e-4
2794.1876	2.1939e-3	3.1406e-4
2794.5779	2.2629e-3	3.1525e-4
2794.9681	2.3742e-3	3.2244e-4
2795.3583	1.7311e-3	2.9366e-4
2795.7486	1.8464e-3	3.0258e-4
2796.1388	1.9243e-3	3.0341e-4
2796.5291	2.1106e-3	3.1067e-4
2796.9193	2.1095e-3	3.1169e-4
2797.3095	2.1602e-3	3.1341e-4
2797.6998	3.2151e-3	3.5640e-4
2798.0900	4.3991e-3	4.0642e-4
2798.4802	6.5121e-3	4.6721e-4
2798.8705	7.9296e-3	5.0900e-4
2799.2607	6.3257e-3	4.6446e-4
2799.6509	4.9999e-3	4.1858e-4
2800.0412	3.1322e-3	3.6096e-4
2800.4314	1.8890e-3	3.0059e-4
2800.8216	2.2219e-3	3.2193e-4
2801.2119	2.1658e-3	3.1557e-4
2801.6021	1.6832e-3	2.9571e-4
2801.9924	1.8777e-3	3.0141e-4
2802.3826	1.6208e-3	2.9172e-4
2802.7728	1.9350e-3	3.0711e-4
2803.1631	1.7446e-3	2.9271e-4
2803.5533	1.3991e-3	2.8236e-4
2803.9435	1.4907e-3	2.8867e-4
2804.3338	2.2737e-3	3.2226e-4
2804.7240	2.6457e-3	3.3937e-4
2805.1142	3.7287e-3	3.6221e-4
2805.5045	4.6894e-3	3.3822e-4
2805.8947	5.3857e-3	3.5821e-4
2806.2849	4.8637e-3	3.4038e-4
2806.6752	4.5942e-3	3.3748e-4
2807.0654	2.7257e-3	2.7669e-4
2807.4557	2.0067e-3	2.5562e-4
2807.8459	2.3613e-3	2.6555e-4
2808.2361	1.8668e-3	2.4858e-4
2808.6264	1.8147e-3	2.4840e-4
2809.0166	1.7385e-3	2.4108e-4
2809.4068	2.1819e-3	2.6045e-4
2809.7971	1.5296e-3	2.3628e-4
2810.1873	1.8535e-3	2.4749e-4
2810.5775	1.7528e-3	2.4416e-4
2810.9678	1.9608e-3	2.5301e-4
2811.3580	1.9886e-3	2.5509e-4
2811.7482	1.8571e-3	2.4687e-4
2812.1385	2.0041e-3	2.5531e-4
2812.5287	1.8263e-3	2.4587e-4
2812.9190	1.5641e-3	2.3865e-4
2813.3092	1.4372e-3	2.2998e-4
2813.6994	1.7835e-3	2.4770e-4
2814.0897	1.6083e-3	2.3786e-4
2814.4799	1.7509e-3	2.4513e-4
2814.8701	1.3091e-3	2.2669e-4
2815.2604	1.4991e-3	2.3533e-4
2815.6506	1.3503e-3	2.2925e-4
2816.0408	1.4491e-3	2.3373e-4
2816.4311	1.6871e-3	2.4293e-4
2816.8213	1.5432e-3	2.3750e-4
2817.2115	1.7758e-3	2.4470e-4
2817.6018	1.7177e-3	2.4702e-4
2817.9920	1.4647e-3	2.3398e-4
2818.3823	1.5557e-3	2.3806e-4
2818.7725	1.8122e-3	2.4945e-4
2819.1627	1.5124e-3	2.3547e-4
2819.5530	1.2186e-3	2.2583e-4
2819.9432	1.5673e-3	2.4014e-4
2820.3334	1.5538e-3	2.4104e-4
2820.7237	1.5192e-3	2.3831e-4
2821.1139	1.3614e-3	2.3086e-4
2821.5041	1.0284e-3	2.1415e-4
2821.8944	1.3951e-3	2.3361e-4
2822.2846	1.1622e-3	2.2432e-4
2822.6749	1.4475e-3	2.3453e-4
2823.0651	1.3157e-3	2.3194e-4
2823.4553	1.1847e-3	2.2510e-4
2823.8456	1.1892e-3	2.2347e-4
2824.2358	1.5074e-3	2.3796e-4
2824.6260	1.2134e-3	2.2549e-4
2825.0163	1.1987e-3	2.2718e-4
2825.4065	1.4637e-3	2.0713e-4
2825.7967	1.6096e-3	2.1352e-4
2826.1870	1.6238e-3	2.1096e-4
2826.5772	1.3931e-3	2.0519e-4
2826.9674	1.6615e-3	2.1251e-4
2827.3577	1.8292e-3	2.2037e-4
2827.7479	1.6100e-3	2.1218e-4
2828.1382	1.8731e-3	2.2098e-4
2828.5284	1.5717e-3	2.1058e-4
2828.9186	1.4847e-3	2.0821e-4
2829.3089	1.6320e-3	2.1338e-4
2829.6991	1.6042e-3	2.1165e-4
2830.0893	1.5464e-3	2.1216e-4
2830.4796	1.9462e-3	2.2518e-4
2830.8698	1.8566e-3	2.2307e-4
2831.2600	1.9332e-3	2.2530e-4
2831.6503	1.8616e-3	2.2234e-4
2832.0405	1.5569e-3	2.1038e-4
2832.4307	1.7796e-3	2.2027e-4
2832.8210	1.3159e-3	2.0280e-4
2833.2112	1.5612e-3	2.1213e-4
2833.6015	1.8040e-3	2.2147e-4
2833.9917	1.7273e-3	2.1774e-4
2834.3819	1.7607e-3	2.1981e-4
2834.7722	1.8720e-3	2.2391e-4
2835.1624	1.8048e-3	2.2179e-4
2835.5526	1.8648e-3	2.2347e-4
2835.9429	1.8602e-3	2.2274e-4
2836.3331	1.8129e-3	2.2356e-4
2836.7233	1.6058e-3	2.1448e-4
2837.1136	1.4945e-3	2.1159e-4
2837.5038	1.6095e-3	2.1492e-4
2837.8940	1.4612e-3	2.1040e-4
2838.2843	1.5956e-3	2.1395e-4
2838.6745	1.4287e-3	2.0906e-4
2839.0648	1.4890e-3	2.1012e-4
2839.4550	1.1770e-3	1.9902e-4
2839.8452	1.5697e-3	2.1508e-4
2840.2355	1.4479e-3	2.1280e-4
2840.6257	1.7965e-3	2.2147e-4
2841.0159	1.3059e-3	2.0533e-4
2841.4062	1.7750e-3	2.2157e-4
2841.7964	1.6348e-3	2.1776e-4
2842.1866	1.5763e-3	2.1504e-4
2842.5769	1.4043e-3	2.0947e-4
2842.9671	1.6364e-3	2.1791e-4
2843.3573	1.4689e-3	2.1332e-4
2843.7476	1.7164e-3	2.1998e-4
2844.1378	1.6196e-3	2.1708e-4
2844.5281	1.2782e-3	2.0685e-4
2844.9183	1.3085e-3	2.0600e-4
2845.3085	1.3126e-3	2.0793e-4
2845.6988	1.3616e-3	2.0782e-4
2846.0890	1.1207e-3	1.9868e-4
2846.4792	1.3574e-3	2.0813e-4
2846.8695	1.2916e-3	2.0673e-4
2847.2597	9.7625e-4	1.9325e-4
2847.6499	7.6429e-4	1.8421e-4
2848.0402	9.2023e-4	1.9228e-4
2848.4304	9.5722e-4	1.9365e-4
2848.8206	9.5635e-4	1.9295e-4
2849.2109	9.4383e-4	1.9205e-4
2849.6011	8.9148e-4	1.8912e-4
2849.9914	9.8104e-4	1.9600e-4
2850.3816	6.9272e-4	1.8145e-4
2850.7718	5.1147e-4	1.7408e-4
2851.1621	6.8763e-4	1.8235e-4
2851.5523	6.8549e-4	1.8286e-4
2851.9425	3.5364e-4	1.6585e-4
2852.3328	4.1503e-4	1.7108e-4
2852.7230	3.8578e-4	1.6715e-4
2853.1132	4.8867e-4	1.7228e-4
2853.5035	4.9142e-4	1.7374e-4
2853.8937	4.2200e-4	1.7150e-4
2854.2839	3.3585e-4	1.6682e-4
2854.6742	4.0016e-4	1.6996e-4
2855.0644	4.4933e-4	1.7120e-4
2855.4547	4.6264e-4	1.7143e-4
2855.8449	2.9759e-4	1.6409e-4
2856.2351	5.0073e-4	1.7492e-4
2856.6254	5.0262e-4	1.7718e-4
2857.0156	7.2252e-4	1.8507e-4
2857.4058	3.8294e-4	1.6983e-4
2857.7961	2.0561e-4	1.6047e-4
2858.1863	2.1057e-4	1.5978e-4
2858.5765	4.3635e-4	1.7274e-4
2858.9668	7.3228e-4	1.8605e-4
2859.3570	5.7676e-4	1.8028e-4
2859.7473	5.0258e-4	1.7761e-4
2860.1375	5.2892e-4	1.7737e-4
2860.5277	8.6983e-4	1.9351e-4
2860.9180	8.6834e-4	1.9260e-4
2861.3082	6.8585e-4	1.8615e-4
2861.6984	1.1033e-3	2.0393e-4
2862.0887	1.0541e-3	2.0209e-4
2862.4789	1.0957e-3	2.0309e-4
2862.8691	9.2001e-4	1.9777e-4
2863.2594	1.0312e-3	2.0039e-4
2863.6496	1.1272e-3	2.0424e-4
2864.0398	1.1053e-3	2.0426e-4
2864.4301	1.4180e-3	2.1730e-4
2864.8203	1.3987e-3	2.1689e-4
2865.2106	1.3034e-3	2.1299e-4
2865.6008	1.6228e-3	2.2500e-4
2865.9910	1.3477e-3	2.1447e-4
2866.3813	1.4287e-3	2.1732e-4
2866.7715	1.4862e-3	2.2198e-4
2867.1617	1.0866e-3	2.0314e-4
2867.5520	1.0545e-3	2.0341e-4
2867.9422	1.5218e-3	2.2184e-4
2868.3324	1.5322e-3	2.2440e-4
2868.7227	1.3768e-3	2.1663e-4
2869.1129	1.7150e-3	2.2870e-4
2869.5031	1.3303e-3	2.1672e-4
2869.8934	1.5910e-3	2.2576e-4
2870.2836	1.6572e-3	2.2771e-4
2870.6739	1.9501e-3	2.3899e-4
2871.0641	1.9501e-3	2.3861e-4
2871.4543	2.0166e-3	2.3882e-4
2871.8446	2.0502e-3	2.4315e-4
2872.2348	2.0653e-3	2.4367e-4
2872.6250	2.0426e-3	2.4071e-4
2873.0153	2.0149e-3	2.4107e-4
2873.4055	2.0989e-3	2.4430e-4
2873.7957	2.0076e-3	2.4013e-4
2874.1860	2.6000e-3	2.6130e-4
2874.5762	2.5038e-3	2.5675e-4
2874.9664	2.2916e-3	2.5149e-4
2875.3567	1.9917e-3	2.4031e-4
2875.7469	2.3398e-3	2.5394e-4
2876.1372	2.1539e-3	2.4695e-4
2876.5274	2.0751e-3	2.4558e-4
2876.9176	1.8297e-3	2.3380e-4
2877.3079	2.5596e-3	2.6200e-4
2877.6981	2.4032e-3	2.5604e-4
2878.0883	1.8540e-3	2.3664e-4
2878.4786	2.5344e-3	2.6112e-4
2878.8688	2.3475e-3	2.5537e-4
2879.2590	2.0392e-3	2.4540e-4
2879.6493	1.9032e-3	2.4154e-4
2880.0395	2.3730e-3	2.5736e-4
2880.4297	2.5296e-3	2.6229e-4
2880.8200	2.3347e-3	2.5628e-4
2881.2102	2.4632e-3	2.6170e-4
2881.6005	2.2857e-3	2.5478e-4
2881.9907	2.7844e-3	2.7011e-4
2882.3809	2.6586e-3	2.6724e-4
2882.7712	2.5952e-3	2.6579e-4
2883.1614	2.7777e-3	2.7336e-4
2883.5516	3.2088e-3	2.8665e-4
2883.9419	2.6851e-3	2.6870e-4
2884.3321	2.5539e-3	2.6550e-4
2884.7223	2.6921e-3	2.6958e-4
2885.1126	1.8953e-3	2.4260e-4
2885.5028	2.5676e-3	2.6697e-4
2885.8930	2.9229e-3	2.7799e-4
2886.2833	3.0138e-3	2.8136e-4
2886.6735	2.9633e-3	2.7776e-4
2887.0638	2.7992e-3	2.7479e-4
2887.4540	3.0668e-3	2.8162e-4
2887.8442	3.5338e-3	2.9631e-4
2888.2345	2.9107e-3	2.7833e-4
2888.6247	3.2592e-3	2.8723e-4
2889.0149	3.0846e-3	2.8218e-4
2889.4052	2.9658e-3	2.8147e-4
2889.7954	3.2184e-3	2.8949e-4
2890.1856	3.3762e-3	2.9379e-4
2890.5759	3.2948e-3	2.9068e-4
2890.9661	3.7369e-3	3.0403e-4
2891.3563	3.8147e-3	3.0497e-4
2891.7466	4.3597e-3	3.2170e-4
2892.1368	3.7555e-3	3.0492e-4
2892.5271	3.9475e-3	3.1082e-4
2892.9173	4.0877e-3	3.1268e-4
2893.3075	3.9883e-3	3.1476e-4
2893.6978	3.5948e-3	2.9929e-4
2894.0880	3.1270e-3	2.8693e-4
2894.4782	4.0684e-3	3.1660e-4
2894.8685	3.9648e-3	3.1276e-4
2895.2587	4.1079e-3	3.1753e-4
2895.6489	3.7166e-3	3.0642e-4
2896.0392	3.7087e-3	3.0558e-4
2896.4294	3.4255e-3	2.9733e-4
2896.8197	2.9225e-3	2.8401e-4
2897.2099	3.3742e-3	2.9860e-4
2897.6001	3.7771e-3	3.0880e-4
2897.9904	4.0771e-3	3.1656e-4
2898.3806	4.0366e-3	3.1647e-4
2898.7708	4.4190e-3	3.2732e-4
2899.1611	4.0668e-3	3.2029e-4
2899.5513	3.6931e-3	3.0714e-4
2899.9415	4.0628e-3	3.1987e-4
2900.3318	3.7274e-3	3.0864e-4
2900.7220	4.0362e-3	3.2029e-4
2901.1122	3.8538e-3	3.1364e-4
2901.5025	3.9650e-3	3.1748e-4
2901.8927	3.3174e-3	2.9722e-4
2902.2830	3.5238e-3	3.0641e-4
2902.6732	3.7255e-3	3.1078e-4
2903.0634	4.0344e-3	3.1931e-4
2903.4537	3.8962e-3	3.1607e-4
2903.8439	3.5017e-3	3.0508e-4
2904.2341	3.6169e-3	3.1008e-4
2904.6244	3.7952e-3	3.1412e-4
2905.0146	4.1726e-3	3.2455e-4
2905.4048	4.3568e-3	3.2943e-4
2905.7951	4.7098e-3	3.3869e-4
2906.1853	4.7454e-3	3.3946e-4
2906.5755	4.0613e-3	3.2102e-4
2906.9658	4.2835e-3	3.2776e-4
2907.3560	3.6422e-3	3.1132e-4
2907.7463	3.6079e-3	3.1058e-4
2908.1365	4.4245e-3	3.3089e-4
2908.5267	4.2793e-3	3.2945e-4
2908.9170	5.5258e-3	3.6013e-4
2909.3072	4.4872e-3	3.3517e-4
2909.6974	4.5581e-3	3.4047e-4
2910.0877	4.2471e-3	3.2732e-4
2910.4779	4.6674e-3	3.3973e-4
2910.8681	4.7837e-3	3.4352e-4
2911.2584	4.0837e-3	3.2566e-4
2911.6486	4.0412e-3	3.2411e-4
2912.0388	4.5016e-3	3.3817e-4
2912.4291	4.5140e-3	3.3664e-4
2912.8193	4.5476e-3	3.4087e-4
2913.2096	4.3400e-3	3.3311e-4
2913.5998	4.7634e-3	3.4453e-4
2913.9900	4.5672e-3	3.3955e-4
2914.3803	4.5207e-3	3.4113e-4
2914.7705	4.8118e-3	3.5118e-4
2915.1607	4.1832e-3	3.3217e-4
2915.5510	4.5760e-3	3.4246e-4
2915.9412	4.3255e-3	3.3559e-4
2916.3314	4.3067e-3	3.3362e-4
2916.7217	4.3442e-3	3.3739e-4
2917.1119	4.5822e-3	3.4491e-4
2917.5021	5.3902e-3	3.6495e-4
2917.8924	5.8203e-3	3.7404e-4
2918.2826	5.8080e-3	3.7618e-4
2918.6729	5.4644e-3	3.6555e-4
2919.0631	4.9794e-3	3.5344e-4
2919.4533	5.2853e-3	3.6331e-4
2919.8436	5.3013e-3	3.6445e-4
2920.2338	5.2716e-3	3.6276e-4
2920.6240	5.8328e-3	3.7846e-4
2921.0143	5.9732e-3	3.7965e-4
2921.4045	5.2583e-3	3.6227e-4
2921.7947	4.2358e-3	3.3667e-4
2922.1850	5.0261e-3	3.5774e-4
2922.5752	4.9883e-3	3.5727e-4
2922.9654	5.3325e-3	3.6755e-4
2923.3557	4.9880e-3	3.5771e-4
2923.7459	5.5821e-3	3.7320e-4
2924.1362	5.7652e-3	3.8041e-4
2924.5264	5.9317e-3	3.7976e-4
2924.9166	5.8260e-3	3.8177e-4
2925.3069	5.4732e-3	3.7096e-4
2925.6971	5.5208e-3	3.7425e-4
2926.0873	5.8438e-3	3.8154e-4
2926.4776	5.1681e-3	3.6610e-4
2926.8678	5.4356e-3	3.7055e-4
2927.2580	5.6038e-3	3.7787e-4
2927.6483	5.9910e-3	3.8544e-4
2928.0385	5.0081e-3	3.5882e-4
2928.4288	5.3935e-3	3.7149e-4
2928.8190	5.1968e-3	3.6713e-4
2929.2092	4.8076e-3	3.5749e-4
2929.5995	5.3060e-3	3.6975e-4
2929.9897	5.2496e-3	3.6818e-4
2930.3799	4.9543e-3	3.6057e-4
2930.7702	4.7323e-3	3.5785e-4
2931.1604	4.2118e-3	3.4267e-4
2931.5506	4.7814e-3	3.5695e-4
2931.9409	4.0827e-3	3.3813e-4
2932.3311	4.2865e-3	3.4359e-4
2932.7213	4.4309e-3	3.4913e-4
2933.1116	5.0871e-3	3.6545e-4
2933.5018	4.4678e-3	3.5262e-4
2933.8921	5.2276e-3	3.7176e-4
2934.2823	5.5429e-3	3.8203e-4
2934.6725	5.9205e-3	3.8973e-4
2935.0628	5.5279e-3	3.7896e-4
2935.4530	5.8363e-3	3.8704e-4
2935.8432	6.3123e-3	3.9897e-4
2936.2335	5.8212e-3	3.9123e-4
2936.6237	5.4455e-3	3.7864e-4
2937.0139	5.4122e-3	3.7805e-4
2937.4042	5.3802e-3	3.7695e-4
2937.7944	5.4472e-3	3.7859e-4
2938.1846	4.8281e-3	3.6265e-4
2938.5749	5.4781e-3	3.8075e-4
2938.9651	5.2478e-3	3.7255e-4
2939.3554	4.6939e-3	3.6022e-4
2939.7456	3.8265e-3	3.3781e-4
2940.1358	3.4641e-3	3.2547e-4
2940.5261	3.6737e-3	3.3144e-4
2940.9163	3.3150e-3	3.2187e-4
2941.3065	3.7576e-3	3.3531e-4
2941.6968	4.3377e-3	3.5245e-4
2942.0870	4.9566e-3	3.6929e-4
2942.4772	5.4876e-3	3.8444e-4
2942.8675	6.1780e-3	4.0006e-4
2943.2577	5.9610e-3	3.9741e-4
2943.6479	5.3312e-3	3.8242e-4
2944.0382	5.6012e-3	3.8840e-4
2944.4284	4.0437e-3	3.4886e-4
2944.8187	4.1860e-3	3.5150e-4
2945.2089	4.6644e-3	3.6460e-4
2945.5991	4.5840e-3	3.6357e-4
2945.9894	4.9432e-3	3.7326e-4
2946.3796	5.4349e-3	3.8708e-4
2946.7698	5.2723e-3	3.8208e-4
2947.1601	5.2349e-3	3.8220e-4
2947.5503	4.7271e-3	3.6613e-4
2947.9405	4.9225e-3	3.7370e-4
2948.3308	5.2056e-3	3.8214e-4
2948.7210	4.9092e-3	3.7334e-4
2949.1112	4.9880e-3	3.7677e-4
2949.5015	4.6704e-3	3.6492e-4
2949.8917	4.6163e-3	3.6556e-4
2950.2820	4.7592e-3	3.7066e-4
2950.6722	4.1266e-3	3.5543e-4
2951.0624	3.8206e-3	3.4353e-4
2951.4527	3.3599e-3	3.3261e-4
2951.8429	3.7286e-3	3.4059e-4
2952.2331	4.2936e-3	3.6036e-4
2952.6234	4.2423e-3	3.5795e-4
2953.0136	5.1205e-3	3.8073e-4
2953.4038	5.4247e-3	3.9195e-4
2953.7941	5.7959e-3	4.0151e-4
2954.1843	6.8527e-3	4.2977e-4
2954.5745	5.2752e-3	3.8883e-4
2954.9648	5.3278e-3	3.9106e-4
2955.3550	5.0202e-3	3.8128e-4
2955.7453	4.6310e-3	3.7322e-4
2956.1355	4.9408e-3	3.8161e-4
2956.5257	4.0571e-3	3.5633e-4
2956.9160	3.8112e-3	3.4832e-4
2957.3062	3.5467e-3	3.4211e-4
2957.6964	4.0559e-3	3.5637e-4
2958.0867	4.3177e-3	3.6382e-4
2958.4769	4.1427e-3	3.6068e-4
2958.8671	3.9891e-3	3.5381e-4
2959.2574	4.0862e-3	3.5856e-4
2959.6476	4.0216e-3	3.5829e-4
2960.0378	4.0118e-3	3.5778e-4
2960.4281	4.2229e-3	3.6334e-4
2960.8183	3.5914e-3	3.4516e-4
2961.2086	4.8970e-3	3.8292e-4
2961.5988	5.0653e-3	3.8534e-4
2961.9890	5.3562e-3	3.9600e-4
2962.3793	5.1778e-3	3.9082e-4
2962.7695	5.3533e-3	3.9978e-4
2963.1597	5.0900e-3	3.9115e-4
2963.5500	4.9045e-3	3.8367e-4
2963.9402	6.1129e-3	4.1645e-4
2964.3304	6.4265e-3	4.2537e-4
2964.7207	5.7109e-3	4.1067e-4
2965.1109	5.8957e-3	4.1588e-4
2965.5012	5.7001e-3	4.0918e-4
2965.8914	5.1410e-3	3.9459e-4
2966.2816	4.5973e-3	3.7778e-4
2966.6719	5.3687e-3	4.0240e-4
2967.0621	5.4831e-3	4.0576e-4
2967.4523	5.1803e-3	3.9681e-4
2967.8426	5.1866e-3	3.9802e-4
2968.2328	4.0982e-3	3.6765e-4
2968.6230	3.8656e-3	3.6008e-4
2969.0133	4.1335e-3	3.6764e-4
2969.4035	2.8494e-3	3.2946e-4
2969.7937	2.7225e-3	3.2522e-4
2970.1840	2.7907e-3	3.2907e-4
2970.5742	2.1702e-3	3.0534e-4
2970.9645	3.1074e-3	3.3687e-4
2971.3547	3.2169e-3	3.4259e-4
2971.7449	3.3039e-3	3.4619e-4
2972.1352	4.2094e-3	3.7392e-4
2972.5254	4.3686e-3	3.7730e-4
2972.9156	3.9432e-3	3.6863e-4
2973.3059	3.8993e-3	3.6417e-4
2973.6961	4.0741e-3	3.7208e-4
2974.0863	4.0351e-3	3.7149e-4
2974.4766	4.2925e-3	3.7649e-4
2974.8668	4.5420e-3	3.8691e-4
2975.2570	3.8118e-3	3.6356e-4
2975.6473	3.5055e-3	3.5741e-4
2976.0375	3.3524e-3	3.5206e-4
2976.4278	3.8861e-3	3.6868e-4
2976.8180	3.4610e-3	3.5446e-4
2977.2082	4.0867e-3	3.7528e-4
2977.5985	4.8176e-3	3.9433e-4
2977.9887	4.8596e-3	3.9754e-4
2978.3789	5.7250e-3	4.2384e-4
2978.7692	6.1483e-3	4.3546e-4
2979.1594	5.6859e-3	4.2398e-4
2979.5496	5.4820e-3	4.1564e-4
2979.9399	6.6379e-3	4.4435e-4
2980.3301	7.2241e-3	4.5871e-4
2980.7203	7.2823e-3	4.6366e-4
2981.1106	6.8373e-3	4.5167e-4
2981.5008	6.9905e-3	4.5859e-4
2981.8911	6.7607e-3	4.5164e-4
2982.2813	6.5646e-3	4.4970e-4
2982.6715	6.9121e-3	4.5668e-4
2983.0618	7.0513e-3	4.5844e-4
2983.4520	5.9939e-3	4.3618e-4
2983.8422	6.5990e-3	4.5095e-4
2984.2325	5.7795e-3	4.3169e-4
2984.6227	4.8950e-3	4.0637e-4
2985.0129	4.3428e-3	3.9077e-4
2985.4032	4.9665e-3	4.0811e-4
2985.7934	4.9514e-3	4.0800e-4
2986.1836	4.3438e-3	3.9121e-4
2986.5739	3.8458e-3	3.7581e-4
2986.9641	3.3869e-3	3.6219e-4
2987.3544	3.5546e-3	3.6738e-4
2987.7446	3.8849e-3	3.7830e-4
2988.1348	4.6331e-3	4.0148e-4
2988.5251	5.0552e-3	4.1086e-4
2988.9153	5.4279e-3	4.2091e-4
2989.3055	5.3114e-3	4.2425e-4
2989.6958	4.9001e-3	4.1361e-4
2990.0860	5.3017e-3	4.2345e-4
2990.4762	6.1037e-3	4.4474e-4
2990.8665	6.5386e-3	4.5559e-4
2991.2567	6.7274e-3	4.6052e-4
2991.6469	6.0411e-3	4.4653e-4
2992.0372	6.7091e-3	4.6197e-4
2992.4274	6.9804e-3	4.6926e-4
2992.8177	7.1463e-3	4.7275e-4
2993.2079	7.1838e-3	4.7845e-4
2993.5981	6.7173e-3	4.6499e-4
2993.9884	7.7265e-3	4.8990e-4
2994.3786	8.0455e-3	5.0159e-4
2994.7688	7.4695e-3	4.8344e-4
2995.1591	6.2317e-3	4.5418e-4
2995.5493	5.7712e-3	4.4231e-4
2995.9395	5.7201e-3	4.3918e-4
2996.3298	6.3179e-3	4.5624e-4
2996.7200	5.2380e-3	4.3007e-4
2997.1102	5.2029e-3	4.2738e-4
2997.5005	4.2449e-3	3.9933e-4
2997.8907	4.3376e-3	4.0543e-4
2998.2810	4.1994e-3	3.9975e-4
2998.6712	4.2147e-3	4.0028e-4
2999.0614	5.2194e-3	4.3160e-4
2999.4517	5.5878e-3	4.4120e-4
2999.8419	6.5273e-3	4.6712e-4
3000.2321	6.6839e-3	4.7271e-4
3000.6224	6.5652e-3	4.7040e-4
3001.0126	7.2777e-3	4.8793e-4
3001.4028	7.5075e-3	4.9655e-4
3001.7931	7.1634e-3	4.8518e-4
3002.1833	5.9457e-3	4.5738e-4
3002.5736	5.1293e-3	4.3324e-4
3002.9638	4.7727e-3	4.2171e-4
3003.3540	4.4810e-3	4.1585e-4
3003.7443	4.3397e-3	4.1300e-4
3004.1345	4.1834e-3	4.0770e-4
3004.5247	4.1510e-3	4.0828e-4
3004.9150	4.0952e-3	4.0727e-4
3005.3052	3.7929e-3	3.9747e-4
3005.6954	4.1399e-3	4.1039e-4
3006.0857	4.1551e-3	4.1026e-4
3006.4759	4.2335e-3	4.1119e-4
3006.8661	5.3225e-3	4.4394e-4
3007.2564	6.1009e-3	4.6866e-4
3007.6466	6.6764e-3	4.8091e-4
3008.0369	6.3438e-3	4.7299e-4
3008.4271	7.0056e-3	4.9143e-4
3008.8173	7.2734e-3	4.9917e-4
3009.2076	6.1631e-3	4.7209e-4
3009.5978	6.2504e-3	4.7418e-4
3009.9880	6.2985e-3	4.7264e-4
3010.3783	4.9883e-3	4.3853e-4
3010.7685	5.2348e-3	4.4725e-4
3011.1587	5.4115e-3	4.5229e-4
3011.5490	4.7704e-3	4.3304e-4
3011.9392	4.5364e-3	4.2742e-4
3012.3294	5.1096e-3	4.4480e-4
3012.7197	5.6699e-3	4.6100e-4
3013.1099	6.5121e-3	4.8565e-4
3013.5002	7.6013e-3	5.1173e-4
3013.8904	8.4204e-3	5.3291e-4
3014.2806	8.2557e-3	5.2964e-4
3014.6709	8.2420e-3	5.3193e-4
3015.0611	8.1920e-3	5.3031e-4
3015.4513	7.3434e-3	5.0894e-4
3015.8416	6.8966e-3	5.0132e-4
3016.2318	7.4850e-3	5.1197e-4
3016.6220	6.9043e-3	4.9911e-4
3017.0123	6.6143e-3	4.9299e-4
3017.4025	6.4848e-3	4.8998e-4
3017.7927	6.0149e-3	4.7742e-4
3018.1830	5.9690e-3	4.7788e-4
3018.5732	6.2059e-3	4.8280e-4
3018.9635	6.3225e-3	4.8658e-4
3019.3537	6.3829e-3	4.9046e-4
3019.7439	6.0054e-3	4.7810e-4
3020.1342	5.8805e-3	4.7644e-4
3020.5244	5.1394e-3	4.5611e-4
3020.9146	4.7963e-3	4.4655e-4
3021.3049	4.9267e-3	4.5155e-4
3021.6951	4.9012e-3	4.5335e-4
3022.0853	3.4353e-3	4.0560e-4
3022.4756	4.1581e-3	4.2768e-4
3022.8658	3.4583e-3	4.0701e-4
3023.2560	2.7167e-3	3.8299e-4
3023.6463	2.7750e-3	3.8349e-4
3024.0365	2.1679e-3	3.6341e-4
3024.4268	2.8165e-3	3.8606e-4
3024.8170	2.7627e-3	3.8565e-4
3025.2072	3.1208e-3	3.9916e-4
3025.5975	3.4178e-3	4.0979e-4
3025.9877	4.3057e-3	4.4102e-4
3026.3779	4.3366e-3	4.3919e-4
3026.7682	4.9923e-3	4.6055e-4
3027.1584	4.6961e-3	4.5224e-4
3027.5486	4.5932e-3	4.4993e-4
3027.9389	4.7327e-3	4.5408e-4
3028.3291	4.1344e-3	4.3731e-4
3028.7193	4.6429e-3	4.5552e-4
3029.1096	4.0513e-3	4.3749e-4
3029.4998	4.8115e-3	4.6032e-4
3029.8901	5.2180e-3	4.7319e-4
3030.2803	5.8418e-3	4.9231e-4
3030.6705	5.8585e-3	4.9298e-4
3031.0608	6.7182e-3	5.1938e-4
3031.4510	7.1947e-3	5.3057e-4
3031.8412	6.6540e-3	5.1637e-4
3032.2315	7.0929e-3	5.3087e-4
3032.6217	7.0045e-3	5.2866e-4
3033.0119	7.4326e-3	5.3630e-4
3033.4022	6.0769e-3	5.0396e-4
3033.7924	6.2348e-3	5.0837e-4
3034.1826	6.8144e-3	5.2440e-4
3034.5729	6.8061e-3	5.2749e-4
3034.9631	6.7069e-3	5.2090e-4
3035.3534	7.4012e-3	5.4246e-4
3035.7436	8.3348e-3	5.6719e-4
3036.1338	8.4293e-3	5.6932e-4
3036.5241	7.9627e-3	5.5629e-4
3036.9143	7.2667e-3	5.4313e-4
3037.3045	8.3047e-3	5.7013e-4
3037.6948	8.3229e-3	5.7019e-4
3038.0850	8.0222e-3	5.6455e-4
3038.4752	6.8774e-3	5.3192e-4
3038.8655	8.5331e-3	5.7605e-4
3039.2557	7.3934e-3	5.4765e-4
3039.6460	7.4176e-3	5.5318e-4
3040.0362	6.2512e-3	5.2065e-4
3040.4264	5.1843e-3	4.8990e-4
3040.8167	4.8195e-3	4.7654e-4
3041.2069	4.7342e-3	4.7340e-4
3041.5971	4.8234e-3	4.7917e-4
3041.9874	6.2658e-3	5.2292e-4
3042.3776	7.2344e-3	5.5461e-4
3042.7678	7.3319e-3	5.5173e-4
3043.1581	8.0019e-3	5.7099e-4
3043.5483	6.8964e-3	5.4064e-4
3043.9385	7.5242e-3	5.5823e-4
3044.3288	6.7988e-3	5.4449e-4
3044.7190	5.9755e-3	5.2004e-4
3045.1093	5.8819e-3	5.1565e-4
3045.4995	6.0647e-3	5.2283e-4
3045.8897	7.5990e-3	5.6432e-4
3046.2800	6.4297e-3	5.3363e-4
3046.6702	7.2277e-3	5.6129e-4
3047.0604	7.5518e-3	5.6713e-4
3047.4507	6.7234e-3	5.4715e-4
3047.8409	6.7612e-3	5.4597e-4
3048.2311	7.2703e-3	5.6115e-4
3048.6214	8.3044e-3	5.9075e-4
3049.0116	6.4854e-3	5.4339e-4
3049.4018	7.3852e-3	5.6483e-4
3049.7921	7.1094e-3	5.6379e-4
3050.1823	7.1143e-3	5.6016e-4
3050.5726	6.1695e-3	5.3611e-4
3050.9628	5.6606e-3	5.2153e-4
3051.3530	5.0180e-3	5.0061e-4
3051.7433	6.4427e-3	5.4343e-4
3052.1335	6.6015e-3	5.5099e-4
3052.5237	7.9469e-3	5.9062e-4
3052.9140	8.7002e-3	6.0398e-4
3053.3042	7.8534e-3	5.8808e-4
3053.6944	7.5985e-3	5.8193e-4
3054.0847	6.5810e-3	5.5584e-4
3054.4749	7.4860e-3	5.8136e-4
3054.8651	7.1262e-3	5.7174e-4
3055.2554	7.9413e-3	5.9261e-4
3055.6456	8.3207e-3	6.0477e-4
3056.0359	8.3839e-3	6.0536e-4
3056.4261	9.1562e-3	6.2679e-4
3056.8163	7.3442e-3	5.7879e-4
3057.2066	7.4163e-3	5.8127e-4
3057.5968	7.3298e-3	5.8236e-4
3057.9870	7.1428e-3	5.7523e-4
3058.3773	7.0676e-3	5.7681e-4
3058.7675	8.4293e-3	6.1201e-4
3059.1577	7.9272e-3	6.0240e-4
3059.5480	8.5768e-3	6.1699e-4
3059.9382	6.5038e-3	5.6107e-4
3060.3284	7.1710e-3	5.8264e-4
3060.7187	6.4763e-3	5.6287e-4
3061.1089	5.5994e-3	5.3928e-4
3061.4992	5.2642e-3	5.2740e-4
3061.8894	5.8621e-3	5.5083e-4
3062.2796	6.2737e-3	5.6154e-4
3062.6699	5.6723e-3	5.4349e-4
3063.0601	7.5446e-3	5.9868e-4
3063.4503	5.9642e-3	5.5416e-4
3063.8406	6.8923e-3	5.8205e-4
3064.2308	7.8526e-3	6.0841e-4
3064.6210	7.9712e-3	6.1745e-4
3065.0113	8.7786e-3	6.3466e-4
3065.4015	8.7041e-3	6.3643e-4
3065.7917	7.6632e-3	6.0688e-4
3066.1820	8.2665e-3	6.2670e-4
3066.5722	8.0754e-3	6.1994e-4
3066.9625	8.2885e-3	6.2868e-4
3067.3527	5.5056e-3	5.4748e-4
3067.7429	7.1906e-3	5.9631e-4
3068.1332	5.9928e-3	5.6659e-4
3068.5234	6.3190e-3	5.7344e-4
3068.9136	6.9985e-3	6.0019e-4
3069.3039	6.7565e-3	5.9238e-4
3069.6941	7.5310e-3	6.1282e-4
3070.0843	6.1314e-3	5.7487e-4
3070.4746	5.7945e-3	5.6393e-4
3070.8648	6.1719e-3	5.7379e-4
3071.2551	5.6637e-3	5.6206e-4
3071.6453	5.4791e-3	5.5698e-4
3072.0355	6.1454e-3	5.7900e-4
3072.4258	6.4669e-3	5.8625e-4
3072.8160	7.6354e-3	6.2365e-4
3073.2062	7.4890e-3	6.2259e-4
3073.5965	8.4600e-3	6.4747e-4
3073.9867	7.9631e-3	6.4005e-4
3074.3769	8.1229e-3	6.3803e-4
3074.7672	8.7234e-3	6.5634e-4
3075.1574	0.0103	7.0248e-4
3075.5476	9.9474e-3	6.9159e-4
3075.9379	9.4073e-3	6.7777e-4
3076.3281	8.6910e-3	6.6183e-4
3076.7184	9.1690e-3	6.7290e-4
3077.1086	0.0106	7.1162e-4
3077.4988	0.0105	7.1212e-4
3077.8891	0.0103	7.0451e-4
3078.2793	9.9227e-3	6.9675e-4
3078.6695	9.0411e-3	6.7557e-4
3079.0598	9.5552e-3	6.9344e-4
3079.4500	9.0168e-3	6.7709e-4
3079.8402	8.1795e-3	6.5457e-4
3080.2305	9.8148e-3	7.0034e-4
3080.6207	9.7733e-3	7.0046e-4
3081.0109	0.0101	7.0973e-4
3081.4012	0.0100	7.0708e-4
3081.7914	9.1203e-3	6.8532e-4
3082.1817	9.5545e-3	6.9975e-4
3082.5719	0.0101	7.1223e-4
3082.9621	8.9231e-3	6.8274e-4
3083.3524	8.7909e-3	6.8591e-4
3083.7426	8.1191e-3	6.6052e-4
3084.1328	8.2775e-3	6.7028e-4
3084.5231	6.9561e-3	6.3388e-4
3084.9133	6.3038e-3	6.1377e-4
3085.3035	5.3364e-3	5.8563e-4
3085.6938	4.6135e-3	5.6031e-4
3086.0840	4.9364e-3	5.7034e-4
3086.4742	5.6077e-3	5.9350e-4
3086.8645	6.1755e-3	6.1653e-4
3087.2547	5.9726e-3	6.0488e-4
3087.6450	7.8090e-3	6.6585e-4
3088.0352	8.4203e-3	6.8005e-4
3088.4254	9.0973e-3	7.0022e-4
3088.8157	0.0100	7.2858e-4
3089.2059	0.0100	7.2685e-4
3089.5961	9.7739e-3	7.2588e-4
3089.9864	9.4087e-3	7.1590e-4
3090.3766	9.4061e-3	7.1651e-4
3090.7668	9.2813e-3	7.1368e-4
3091.1571	9.8408e-3	7.2908e-4
3091.5473	0.0109	7.5747e-4
3091.9375	0.0115	7.7519e-4
3092.3278	0.0107	7.5684e-4
3092.7180	9.8779e-3	7.3358e-4
3093.1083	7.8807e-3	6.8247e-4
3093.4985	7.7146e-3	6.7802e-4
3093.8887	6.6276e-3	6.4542e-4
3094.2790	6.1315e-3	6.3532e-4
3094.6692	4.0239e-3	5.5918e-4
3095.0594	4.7412e-3	5.8718e-4
3095.4497	4.1716e-3	5.7403e-4
3095.8399	4.1993e-3	5.7081e-4
3096.2301	3.4205e-3	5.3971e-4
3096.6204	3.5781e-3	5.5075e-4
3097.0106	4.4888e-3	5.8269e-4
3097.4008	5.4288e-3	6.1604e-4
3097.7911	6.1793e-3	6.4565e-4
3098.1813	7.1818e-3	6.7199e-4
3098.5716	7.5671e-3	6.8761e-4
3098.9618	7.9061e-3	6.9999e-4
3099.3520	6.9958e-3	6.7037e-4
3099.7423	6.8592e-3	6.6964e-4
3100.1325	8.4502e-3	7.1704e-4
3100.5227	8.7847e-3	7.3329e-4
3100.9130	8.7612e-3	7.2986e-4
3101.3032	7.3657e-3	6.9210e-4
3101.6934	9.0509e-3	7.4275e-4
3102.0837	7.2693e-3	6.9147e-4
3102.4739	7.0761e-3	6.8436e-4
3102.8641	6.3895e-3	6.6422e-4
3103.2544	5.2282e-3	6.3128e-4
3103.6446	5.9301e-3	6.5357e-4
3104.0349	5.9458e-3	6.5729e-4
3104.4251	6.1283e-3	6.6366e-4
3104.8153	6.6940e-3	6.8338e-4
3105.2056	6.4731e-3	6.7522e-4
3105.5958	5.8226e-3	6.6139e-4
3105.9860	6.8802e-3	6.8924e-4
3106.3763	8.4832e-3	7.4100e-4
3106.7665	0.0115	8.2020e-4
3107.1567	0.0116	8.2532e-4
3107.5470	0.0128	8.6193e-4
3107.9372	0.0130	8.6478e-4
3108.3275	0.0115	8.3646e-4
3108.7177	0.0125	8.5726e-4
3109.1079	0.0115	8.3375e-4
3109.4982	9.2634e-3	7.7597e-4
3109.8884	0.0111	8.2693e-4
3110.2786	0.0102	8.0005e-4
3110.6689	0.0128	8.7629e-4
3111.0591	0.0132	8.8488e-4
3111.4493	0.0125	8.6461e-4
3111.8396	0.0149	9.3257e-4
3112.2298	0.0140	9.0975e-4
3112.6200	0.0132	8.9018e-4
3113.0103	0.0134	8.9358e-4
3113.4005	0.0117	8.5192e-4
3113.7908	0.0124	8.6911e-4
3114.1810	0.0130	8.8839e-4
3114.5712	0.0139	9.1754e-4
3114.9615	0.0126	8.8485e-4
3115.3517	0.0127	8.8986e-4
3115.7419	0.0121	8.6661e-4
3116.1322	0.0138	9.1392e-4
3116.5224	0.0115	8.6047e-4
3116.9126	0.0128	8.9340e-4
3117.3029	0.0132	9.0944e-4
3117.6931	0.0125	8.8876e-4
3118.0833	0.0113	8.5965e-4
3118.4736	0.0140	9.2834e-4
3118.8638	0.0143	9.4353e-4
3119.2541	0.0143	9.4774e-4
3119.6443	0.0143	9.4434e-4
3120.0345	0.0130	9.1664e-4
3120.4248	0.0118	8.8405e-4
3120.8150	0.0109	8.5739e-4
3121.2052	0.0116	8.7734e-4
3121.5955	0.0112	8.7006e-4
3121.9857	0.0126	9.1572e-4
3122.3759	0.0136	9.3561e-4
3122.7662	0.0141	9.5279e-4
3123.1564	0.0151	9.7974e-4
3123.5466	0.0132	9.3118e-4
3123.9369	0.0138	9.5442e-4
3124.3271	0.0131	9.3282e-4
3124.7174	0.0114	8.9349e-4
3125.1076	0.0106	8.7030e-4
3125.4978	9.2782e-3	8.3666e-4
3125.8881	0.0102	8.6434e-4
3126.2783	9.4405e-3	8.4329e-4
3126.6685	0.0108	8.7990e-4
3127.0588	0.0116	9.1187e-4
3127.4490	0.0121	9.1866e-4
3127.8392	0.0133	9.4507e-4
3128.2295	9.9333e-3	8.6247e-4
3128.6197	0.0113	9.0440e-4
3129.0099	0.0115	9.0977e-4
3129.4002	0.0119	9.2342e-4
3129.7904	0.0119	9.2613e-4
3130.1807	0.0122	9.3247e-4
3130.5709	0.0114	9.1400e-4
3130.9611	9.8759e-3	8.7371e-4
3131.3514	0.0120	9.3402e-4
3131.7416	0.0124	9.4605e-4
3132.1318	0.0114	9.2516e-4
3132.5221	0.0131	9.6496e-4
3132.9123	0.0124	9.4708e-4
3133.3025	0.0118	9.3681e-4
3133.6928	0.0128	9.6473e-4
3134.0830	0.0114	9.3408e-4
3134.4732	0.0142	1.0111e-3
3134.8635	0.0143	1.0094e-3
3135.2537	0.0135	9.8922e-4
3135.6440	0.0132	9.8205e-4
3136.0342	0.0137	9.9836e-4
3136.4244	0.0138	1.0051e-3
3136.8147	0.0131	9.8852e-4
3137.2049	0.0123	9.6844e-4
3137.5951	0.0132	9.9465e-4
3137.9854	0.0121	9.6349e-4
3138.3756	0.0121	9.6601e-4
3138.7658	0.0131	9.9714e-4
3139.1561	0.0138	1.0160e-3
3139.5463	0.0143	1.0350e-3
3139.9365	0.0141	1.0336e-3
3140.3268	0.0149	1.0513e-3
3140.7170	0.0121	9.8031e-4
3141.1073	0.0131	1.0088e-3
3141.4975	0.0136	1.0264e-3
3141.8877	0.0136	1.0270e-3
3142.2780	0.0135	1.0309e-3
3142.6682	0.0157	1.0839e-3
3143.0584	0.0157	1.0909e-3
3143.4487	0.0151	1.0731e-3
3143.8389	0.0127	1.0067e-3
3144.2291	0.0129	1.0264e-3
3144.6194	0.0145	1.0583e-3
3145.0096	0.0149	1.0783e-3
3145.3999	0.0168	1.1339e-3
3145.7901	0.0152	1.0921e-3
3146.1803	0.0147	1.0791e-3
3146.5706	0.0137	1.0564e-3
3146.9608	0.0153	1.0945e-3
3147.3510	0.0151	1.0887e-3
3147.7413	0.0140	1.0635e-3
3148.1315	0.0132	1.0430e-3
3148.5217	0.0136	1.0740e-3
3148.9120	0.0151	1.1041e-3
3149.3022	0.0158	1.1127e-3
3149.6924	0.0158	1.1226e-3
3150.0827	0.0151	1.1033e-3
3150.4729	0.0144	1.0887e-3
3150.8632	0.0117	1.0183e-3
3151.2534	0.0115	1.0101e-3
3151.6436	0.0140	1.0818e-3
3152.0339	0.0159	1.1362e-3
3152.4241	0.0161	1.1426e-3
3152.8143	0.0181	1.1914e-3
3153.2046	0.0180	1.1974e-3
3153.5948	0.0165	1.1655e-3
3153.9850	0.0155	1.1373e-3
3154.3753	0.0145	1.1088e-3
3154.7655	0.0145	1.1156e-3
3155.1557	0.0145	1.1136e-3
3155.5460	0.0148	1.1262e-3
3155.9362	0.0138	1.1046e-3
3156.3265	0.0144	1.1200e-3
3156.7167	0.0150	1.1314e-3
3157.1069	0.0148	1.1339e-3
3157.4972	0.0168	1.1830e-3
3157.8874	0.0161	1.1661e-3
3158.2776	0.0150	1.1472e-3
3158.6679	0.0153	1.1570e-3
3159.0581	0.0170	1.1995e-3
3159.4483	0.0192	1.2631e-3
3159.8386	0.0179	1.2252e-3
3160.2288	0.0170	1.2077e-3
3160.6190	0.0163	1.1946e-3
3161.0093	0.0151	1.1714e-3
3161.3995	0.0153	1.1900e-3
3161.7898	0.0158	1.3819e-3
3162.1800	0.0150	1.3506e-3
3162.5702	0.0170	1.4228e-3
3162.9605	0.0162	1.4003e-3
3163.3507	0.0152	1.3593e-3
3163.7409	0.0166	1.4109e-3
3164.1312	0.0156	1.3827e-3
3164.5214	0.0164	1.4211e-3
3164.9116	0.0163	1.4186e-3
3165.3019	0.0147	1.3695e-3
3165.6921	0.0165	1.4269e-3
3166.0823	0.0180	1.4719e-3
3166.4726	0.0165	1.4425e-3
3166.8628	0.0211	1.5681e-3
3167.2531	0.0210	1.5753e-3
3167.6433	0.0187	1.5007e-3
3168.0335	0.0182	1.5087e-3
3168.4238	0.0159	1.4275e-3
3168.8140	0.0192	1.5191e-3
3169.2042	0.0167	1.4593e-3
3169.5945	0.0189	1.5302e-3
3169.9847	0.0190	1.5399e-3
3170.3749	0.0185	1.5223e-3
3170.7652	0.0202	1.5633e-3
3171.1554	0.0200	1.5624e-3
3171.5456	0.0226	1.6552e-3
3171.9359	0.0200	1.5801e-3
3172.3261	0.0201	1.5809e-3
3172.7164	0.0169	1.4846e-3
3173.1066	0.0185	1.5474e-3
3173.4968	0.0202	1.5878e-3
3173.8871	0.0212	1.6259e-3
3174.2773	0.0196	1.5692e-3
3174.6675	0.0212	1.6334e-3
3175.0578	0.0231	1.6969e-3
3175.4480	0.0249	1.7442e-3
3175.8382	0.0222	1.6657e-3
3176.2285	0.0221	1.6767e-3
3176.6187	0.0208	1.6205e-3
3177.0090	0.0196	1.6011e-3
3177.3992	0.0183	1.5734e-3
3177.7894	0.0231	1.6996e-3
3178.1797	0.0222	1.6915e-3
3178.5699	0.0168	1.5261e-3
3178.9601	0.0192	1.6142e-3
3179.3504	0.0221	1.6874e-3
3179.7406	0.0262	1.8184e-3
3180.1308	0.0256	1.7997e-3
3180.5211	0.0240	1.7542e-3
3180.9113	0.0253	1.7910e-3
3181.3015	0.0217	1.7117e-3
3181.6918	0.0224	1.7242e-3
3182.0820	0.0270	1.8664e-3
3182.4723	0.0240	1.7916e-3
3182.8625	0.0231	1.8121e-3
3183.2527	0.0219	2.0746e-3
3183.6430	0.0225	2.1261e-3
3184.0332	0.0196	2.0500e-3
3184.4234	0.0218	2.1189e-3
3184.8137	0.0230	2.1768e-3
3185.2039	0.0211	2.1102e-3
3185.5941	0.0195	2.0392e-3
3185.9844	0.0239	2.2197e-3
3186.3746	0.0192	2.0447e-3
3186.7648	0.0180	2.0124e-3
3187.1551	0.0206	2.1025e-3
3187.5453	0.0175	1.9935e-3
3187.9356	0.0174	2.0011e-3
3188.3258	0.0163	1.9505e-3
3188.7160	0.0159	1.9090e-3
3189.1063	0.0150	1.9081e-3
3189.4965	0.0131	1.8336e-3
3189.8867	0.0127	1.8046e-3
3190.2770	0.0137	1.8588e-3
3190.6672	0.0165	1.9762e-3
3191.0574	0.0187	2.0646e-3
3191.4477	0.0216	2.1857e-3
3191.8379	0.0181	2.0845e-3
3192.2281	0.0232	2.2446e-3
3192.6184	0.0249	2.3098e-3
3193.0086	0.0214	2.2120e-3
3193.3989	0.0252	2.3278e-3
3193.7891	0.0234	2.2565e-3
3194.1793	0.0214	2.2148e-3
3194.5696	0.0153	1.9774e-3
3194.9598	0.0176	2.0878e-3
3195.3500	0.0154	1.9962e-3
3195.7403	0.0136	1.9214e-3
3196.1305	0.0145	1.9431e-3
3196.5207	0.0151	1.9885e-3
3196.9110	0.0149	1.9861e-3
3197.3012	0.0163	2.0320e-3
3197.6914	0.0209	2.2170e-3
3198.0817	0.0188	2.1528e-3
3198.4719	0.0196	2.1856e-3
3198.8622	0.0226	2.3091e-3
3199.2524	0.0247	2.3822e-3
3199.6426	0.0223	2.2863e-3
3200.0329	0.0234	2.3195e-3
3200.4231	0.0217	2.2735e-3
3200.8133	0.0186	2.1473e-3
3201.2036	0.0233	2.3497e-3
3201.5938	0.0225	2.3528e-3
3201.9840	0.0234	2.3960e-3
3202.3743	0.0263	3.5117e-3
3202.7645	0.0195	3.1299e-3
3203.1547	0.0150	2.8952e-3
3203.5450	0.0219	3.2814e-3
3203.9352	0.0139	2.8383e-3
3204.3255	0.0173	3.0623e-3
3204.7157	0.0212	3.2739e-3
3205.1059	0.0203	3.2426e-3
3205.4962	0.0225	3.3525e-3
3205.8864	0.0209	3.2883e-3
3206.2766	0.0226	3.3794e-3
3206.6669	0.0238	3.4527e-3
3207.0571	0.0213	3.3039e-3
3207.4473	0.0198	3.2363e-3
3207.8376	0.0266	3.6027e-3
3208.2278	0.0206	3.2752e-3
3208.6180	0.0215	3.2969e-3
3209.0083	0.0221	3.3527e-3
3209.3985	0.0230	3.4540e-3
3209.7888	0.0180	3.1518e-3
3210.1790	0.0203	3.2769e-3
3210.5692	0.0232	3.4202e-3
3210.9595	0.0200	3.2457e-3
3211.3497	0.0253	3.5383e-3
3211.7399	0.0242	3.5259e-3
3212.1302	0.0251	3.5515e-3
3212.5204	0.0220	3.3717e-3
3212.9106	0.0247	3.5400e-3
3213.3009	0.0229	3.4428e-3
3213.6911	0.0221	3.3837e-3
3214.0814	0.0179	3.1722e-3
3214.4716	0.0213	3.3939e-3
3214.8618	0.0254	3.6163e-3
3215.2521	0.0239	3.5231e-3
3215.6423	0.0199	3.3230e-3
3216.0325	0.0231	3.4629e-3