649.9990     1.619700E-26
650.2130     9.330900E-26
650.4269    -3.636870E-26
650.6407    -2.372565E-26
650.8546     5.536300E-26
651.0684    -5.290600E-27
651.2822     3.284935E-26
651.4959     2.556835E-26
651.7096     5.219000E-26
651.9233    -2.942255E-26
652.1369    -1.022015E-25
652.3506    -5.969950E-26
652.5641     8.146500E-26
652.7777     6.081950E-26
652.9912     1.879285E-26
653.2047     1.723055E-26
653.4181     7.612500E-27
653.6315     3.346440E-26
653.8449     1.104960E-26
654.0582     9.393250E-26
654.2716     1.661250E-25
654.4848     3.728735E-26
654.6981     4.913635E-26
654.9113    -1.919025E-26
655.1245     7.562650E-27
655.3376    -1.698870E-27
655.5508     2.797630E-27
655.7639    -6.559200E-28
655.9769    -7.351300E-26
656.1899    -3.482190E-26
656.4029    -1.264750E-26
656.6159     5.483200E-26
656.8288     2.383230E-27
657.0417    -4.355015E-26
657.2546     1.441300E-26
657.4674     1.559580E-27
657.6802    -5.011050E-26
657.8930    -5.520800E-26
658.1058    -1.084900E-25
658.3185    -2.107075E-26
658.5311    -8.340150E-26
658.7438    -6.807800E-26
658.9564     1.227750E-26
659.1690    -2.050355E-26
659.3816    -2.211280E-26
659.5941     2.469365E-26
659.8066     4.674330E-27
660.0191    -2.458675E-26
660.2315    -8.045950E-26
660.4439    -5.800700E-26
660.6563     2.846390E-26
660.8686    -7.058850E-26
661.0809    -4.486170E-27
661.2932     1.231890E-25
661.5055     3.373380E-27
661.7177     3.692000E-26
661.9299     1.264260E-25
662.1421     5.151700E-26
662.3542     7.817350E-26
662.5663     1.136175E-25
662.7784     1.417010E-25
662.9905     1.029270E-26
663.2025    -1.007440E-25
663.4145     4.483150E-26
663.6265     4.592045E-26
663.8384    -5.200850E-26
664.0503     3.535800E-28
664.2622     7.119200E-27
664.4740     1.538480E-26
664.6858     8.524050E-26
664.8976     6.434350E-27
665.1094     5.783650E-27
665.3211     1.825805E-26
665.5328     6.839300E-26
665.7445     1.231630E-25
665.9562     8.354000E-26
666.1678     7.929800E-27
666.3794     6.273900E-26
666.5910     4.144580E-27
666.8025    -1.813405E-26
667.0140     7.187200E-26
667.2255     1.222995E-25
667.4370    -1.118885E-26
667.6484    -1.524435E-25
667.8598    -8.445450E-26
668.0712     5.206400E-27
668.2825     3.751730E-27
668.4939     8.261300E-26
668.7052     9.670900E-26
668.9164     4.611695E-26
669.1277    -2.693370E-26
669.3389    -2.485990E-26
669.5501    -1.392775E-25
669.7612    -1.026060E-25
669.9724    -3.705330E-26
670.1835    -7.699650E-26
670.3946     3.950520E-26
670.6056     3.958795E-26
670.8167     1.222765E-25
671.0277     2.516170E-26
671.2386    -6.059350E-26
671.4496     1.248865E-26
671.6605     6.751400E-26
671.8714    -2.480640E-26
672.0823    -8.739900E-26
672.2932    -1.208470E-25
672.5040    -6.564400E-26
672.7148    -9.249150E-27
672.9256    -2.824715E-26
673.1363    -2.549755E-26
673.3470    -4.260435E-26
673.5577     1.552250E-26
673.7684     1.150730E-27
673.9791    -3.104075E-26
674.1897     2.271955E-26
674.4003    -1.204915E-26
674.6109    -2.561765E-26
674.8214    -4.738320E-27
675.0319    -1.081905E-25
675.2424    -4.474055E-26
675.4529     3.906055E-26
675.6634     7.252300E-28
675.8738     1.128025E-25
676.0842    -5.059850E-26
676.2946    -4.036470E-27
676.5049     9.189250E-26
676.7153     6.706250E-27
676.9256    -1.892790E-26
677.1359     4.109080E-26
677.3461     1.606100E-26
677.5564    -3.834165E-26
677.7666    -6.575500E-26
677.9768    -1.013305E-25
678.1870    -5.289050E-26
678.3971    -8.154950E-27
678.6072     4.609890E-26
678.8173    -1.659280E-26
679.0274     3.399225E-26
679.2375     1.266830E-25
679.4475     1.436680E-25
679.6575     6.391200E-27
679.8675    -7.644200E-26
680.0775    -1.009080E-25
680.2874    -8.308050E-26
680.4973    -6.692850E-26
680.7072     1.288255E-26
680.9171    -8.733850E-26
681.1270    -7.620100E-26
681.3368    -1.743195E-26
681.5466    -3.313775E-26
681.7564    -9.871700E-28
681.9662    -1.918760E-26
682.1759    -8.336400E-26
682.3857    -8.353950E-26
682.5954     8.525450E-26
682.8050    -2.018730E-26
683.0147    -3.639455E-26
683.2243    -1.201400E-25
683.4340    -1.634385E-25
683.6436    -1.183570E-25
683.8531    -3.233570E-26
684.0627    -4.538430E-26
684.2722    -4.350685E-26
684.4818    -1.024285E-25
684.6912    -3.158035E-26
684.9007    -4.725400E-26
685.1102    -7.225650E-26
685.3196    -6.257700E-28
685.5290    -2.588880E-26
685.7384     1.669030E-27
685.9478     6.800550E-26
686.1571    -4.875770E-26
686.3665    -1.354035E-25
686.5758    -1.170280E-26
686.7851     9.051100E-26
686.9944     4.498150E-25
687.2036     4.903870E-25
687.4128     3.462850E-25
687.6221     2.669745E-25
687.8313     1.699595E-25
688.0404    -3.975270E-26
688.2496     4.765165E-26
688.4587     5.959450E-26
688.6679     1.238790E-26
688.8770     9.499750E-26
689.0860     1.178320E-25
689.2951     7.624600E-26
689.5042     1.851440E-25
689.7132     1.704915E-25
689.9222    -1.765770E-27
690.1312     1.014385E-25
690.3402     1.256795E-25
690.5491    -1.567515E-26
690.7580     4.799385E-26
690.9670     4.315685E-26
691.1759     8.591450E-26
691.3847     1.647745E-25
691.5936     1.927930E-26
691.8025    -5.517300E-26
692.0113    -4.051170E-27
692.2201     4.772375E-26
692.4289     2.249215E-26
692.6377     5.275150E-26
692.8464     4.298210E-26
693.0552     5.843700E-26
693.2639     6.972800E-27
693.4726     2.876245E-26
693.6813    -1.251650E-26
693.8900    -4.155575E-26
694.0986     4.199515E-26
694.3073    -3.779950E-26
694.5159    -3.541075E-26
694.7245     3.335490E-26
694.9331     3.601960E-26
695.1417     4.922725E-26
695.3502     1.224820E-26
695.5588     4.088230E-27
695.7673    -2.485420E-27
695.9758     4.253790E-26
696.1843     5.134100E-26
696.3928     1.034430E-25
696.6013     2.334420E-26
696.8097    -2.421450E-26
697.0181    -2.919770E-26
697.2266     1.111910E-26
697.4350    -4.337200E-28
697.6434    -8.226000E-27
697.8517    -5.265700E-26
698.0601     3.296480E-27
698.2684     5.835700E-26
698.4768     4.936930E-26
698.6851     2.140165E-26
698.8934    -2.488355E-26
699.1016     1.603530E-26
699.3099    -4.588655E-26
699.5182    -3.491195E-26
699.7264     8.649750E-26
699.9346     1.371750E-25
700.1428     1.498260E-25
700.3510     1.541120E-25
700.5592    -8.958400E-26
700.7674    -1.028725E-25
700.9755    -1.179280E-26
701.1837    -1.235865E-26
701.3918     8.315900E-27
701.5999    -6.044700E-27
701.8080     1.876525E-26
702.0161    -5.178950E-26
702.2242    -1.245495E-26
702.4323    -5.659550E-26
702.6403    -7.639950E-26
702.8483    -9.094000E-26
703.0564     6.681750E-26
703.2644     3.639045E-26
703.4724     3.398095E-26
703.6803    -3.065580E-26
703.8883     1.229230E-27
704.0963    -5.534600E-26
704.3042    -7.940550E-26
704.5121    -1.104110E-25
704.7201     1.189480E-27
704.9280     7.733900E-26
705.1359     7.514000E-26
705.3438     5.305000E-26
705.5516    -6.463250E-26
705.7595    -7.489150E-26
705.9673    -1.381650E-25
706.1752    -1.313450E-25
706.3830    -8.676050E-26
706.5908    -4.470140E-26
706.7986    -6.761800E-27
707.0064     3.592100E-26
707.2142     3.858665E-26
707.4220    -7.982200E-26
707.6297    -6.763950E-26
707.8375     5.265250E-26
708.0452    -5.868200E-26
708.2529    -4.570710E-26
708.4606    -5.104550E-26
708.6683    -6.438150E-26
708.8760    -7.784050E-26
709.0837     5.931450E-26
709.2914     7.094400E-26
709.4990    -1.210510E-25
709.7067    -9.807100E-26
709.9143    -3.907900E-26
710.1220    -2.228875E-26
710.3296    -9.186300E-26
710.5372    -1.251690E-25
710.7448     8.283050E-26
710.9524    -5.631550E-26
711.1600    -1.314310E-25
711.3675    -1.420885E-25
711.5751    -1.651545E-25
711.7827     1.079270E-26
711.9902    -7.992500E-26
712.1977    -7.477400E-27
712.4053     1.148255E-26
712.6128    -1.009925E-25
712.8203    -1.053235E-25
713.0278     1.008340E-26
713.2353    -1.233705E-25
713.4428    -3.800255E-26
713.6502    -7.017250E-27
713.8577     2.982280E-27
714.0652     3.228280E-27
714.2726     2.175765E-26
714.4800     7.898150E-26
714.6875    -5.035850E-26
714.8949    -1.793885E-26
715.1023    -2.040250E-26
715.3097    -1.519700E-25
715.5171    -1.878145E-25
715.7245    -1.207950E-25
715.9319     5.328550E-26
716.1393     2.119025E-26
716.3467    -8.860050E-26
716.5540    -5.896900E-26
716.7614    -1.073360E-25
716.9687    -6.410000E-26
717.1761    -5.667850E-26
717.3834    -3.170870E-27
717.5907     3.424730E-27
717.7980    -2.036250E-26
718.0054    -1.254275E-25
718.2127    -2.418390E-26
718.4200    -1.464720E-27
718.6273     6.098750E-26
718.8346     1.161650E-25
719.0418    -3.081320E-26
719.2491     2.701380E-27
719.4564    -2.738590E-26
719.6636    -7.006200E-26
719.8709     5.132000E-26
720.0782     1.129630E-25
720.2854     8.997500E-27
720.4926     2.661315E-26
720.6999     1.092610E-26
720.9071    -3.350700E-26
721.1143     7.962800E-26
721.3216     9.383300E-27
721.5288    -4.998255E-26
721.7360     2.398930E-26
721.9432     3.853770E-26
722.1504    -3.400070E-27
722.3576     4.052615E-26
722.5648     6.092850E-27
722.7719     4.611930E-27
722.9791     7.677150E-26
723.1863     9.242100E-27
723.3935    -3.674120E-26
723.6006     8.324150E-26
723.8078    -1.252110E-25
724.0150    -3.570740E-26
724.2221     2.897770E-26
724.4293    -5.063550E-26
724.6364    -1.057360E-25
724.8436     2.118285E-26
725.0507     1.754185E-26
725.2578     1.868445E-26
725.4650    -2.028780E-26
725.6721    -3.300200E-28
725.8792    -2.958640E-26
726.0863    -8.412100E-26
726.2935    -3.898985E-26
726.5006     2.945760E-26
726.7077     8.113900E-26
726.9148     1.218990E-25
727.1219     3.493505E-26
727.3290     1.897495E-25
727.5361     1.622910E-25
727.7432     1.114765E-25
727.9503     1.801555E-26
728.1574     1.528540E-25
728.3645     8.720750E-26
728.5716     1.831480E-27
728.7787     8.356550E-26
728.9858     1.119120E-25
729.1928     1.303215E-25
729.3999     4.991295E-26
729.6070     1.657790E-26
729.8141    -1.508540E-26
730.0212    -6.678250E-26
730.2282    -3.620070E-27
730.4353     7.744200E-26
730.6424     8.072400E-26
730.8495    -6.247000E-29
731.0565     5.251900E-26
731.2636     1.609495E-26
731.4707     5.064900E-26
731.6777    -6.066350E-26
731.8848    -8.964100E-26
732.0919    -6.872300E-26
732.2989     3.504220E-26
732.5060     2.750505E-26
732.7131     1.529040E-26
732.9201     6.222700E-26
733.1272     4.066530E-26
733.3343     2.036015E-26
733.5413    -1.258470E-25
733.7484    -3.927810E-26
733.9555     1.957330E-27
734.1625    -8.840150E-26
734.3696    -6.441450E-26
734.5767     6.058400E-26
734.7837     1.746115E-26
734.9908     5.696700E-26
735.1979     5.048450E-26
735.4049     1.180400E-25
735.6120     6.223100E-26
735.8191     5.676050E-26
736.0262     2.320715E-26
736.2332     1.722955E-25
736.4403     1.446705E-25
736.6474     1.162470E-25
736.8545     2.197360E-26
737.0615     6.614700E-26
737.2686     4.895630E-27
737.4757     6.527850E-26
737.6828     1.217140E-25
737.8899     1.954075E-26
738.0970    -4.059130E-26
738.3040    -5.833650E-26
738.5111     2.742265E-26
738.7182     7.866800E-26
738.9253     6.462600E-26
739.1324     3.683170E-26
739.3395     7.416000E-26
739.5466     2.919390E-26
739.7537     4.930860E-26
739.9609     6.947750E-26
740.1680    -4.269465E-26
740.3751    -7.151100E-26
740.5822     5.932000E-27
740.7893     8.496350E-26
740.9964    -4.727420E-26
741.2036    -8.755900E-26
741.4107    -8.653700E-26
741.6178    -7.166000E-26
741.8250    -1.032705E-26
742.0321    -3.487635E-26
742.2393     5.830700E-26
742.4464     3.193960E-26
742.6536     2.158625E-26
742.8607     3.406475E-26
743.0679     4.986850E-26
743.2751     1.460355E-26
743.4822    -2.185520E-26
743.6894    -7.419100E-26
743.8966     5.364250E-26
744.1038     7.337000E-26
744.3110    -1.032530E-25
744.5182    -6.182150E-26
744.7254     5.202050E-26
744.9326     4.967895E-26
745.1398     2.274030E-27
745.3470    -3.326580E-26
745.5542     6.534150E-26
745.7614     5.572800E-26
745.9687     3.385645E-26
746.1759     8.372350E-26
746.3831    -4.519030E-26
746.5904    -5.727700E-26
746.7976     1.661880E-27
747.0049     3.964125E-26
747.2122    -6.685350E-27
747.4194    -3.298835E-26
747.6267     1.098080E-25
747.8340     1.032330E-25
748.0413     4.235630E-26
748.2486     3.615325E-26
748.4559     1.002330E-25
748.6632    -4.719795E-26
748.8705    -7.022700E-26
749.0778     9.616100E-26
749.2852    -4.305775E-26
749.4925    -5.774150E-26
749.6998    -1.215170E-25
749.9072     3.488300E-26
750.1145     8.800500E-26
750.3219     3.004130E-27
750.5293    -1.004615E-25
750.7367    -5.330400E-27
750.9441    -3.900205E-26
751.1514     9.273600E-26
751.3589     7.336350E-26
751.5663    -3.382855E-26
751.7737    -9.185400E-26
751.9811    -4.430225E-26
752.1885    -1.399440E-25
752.3960    -8.340850E-26
752.6034     1.601845E-26
752.8109    -5.001850E-26
753.0184    -1.613130E-26
753.2259    -1.161510E-26
753.4333     6.664250E-26
753.6408    -1.009960E-26
753.8483    -3.720995E-26
754.0559     1.075130E-26
754.2634     5.009550E-26
754.4709     8.700400E-26
754.6785     1.217740E-26
754.8860    -8.564650E-26
755.0936    -7.322100E-26
755.3011     5.297750E-26
755.5087     9.409600E-26
755.7163     1.352750E-25
755.9239     1.565840E-25
756.1315     4.405305E-26
756.3391     4.890450E-26
756.5468     3.811555E-26
756.7544     1.162455E-25
756.9620     8.533250E-26
757.1697     2.216020E-26
757.3774     1.223930E-27
757.5851     6.668450E-26
757.7928     2.569410E-25
758.0005     7.058050E-26
758.2082     3.734915E-26
758.4159     1.038160E-25
758.6236    -3.676265E-26
758.8314     8.590800E-26
759.0391     4.327970E-26
759.2469    -3.304505E-26
759.4547     4.030865E-25
759.6625     1.086460E-24
759.8703     1.973035E-24
760.0781     2.792415E-24
760.2859     3.315615E-24
760.4938     3.442755E-24
760.7016     3.331530E-24
760.9095     3.083635E-24
761.1174     2.749465E-24
761.3252     2.366805E-24
761.5331     1.646170E-24
761.7411     1.007305E-24
761.9490     4.834435E-25
762.1569     4.951715E-25
762.3649     8.846350E-25
762.5728     1.402430E-24
762.7808     1.615380E-24
762.9888     1.860745E-24
763.1968     1.850920E-24
763.4048     1.861190E-24
763.6128     1.776380E-24
763.8209     1.643820E-24
764.0289     1.619895E-24
764.2370     1.534465E-24
764.4451     1.191230E-24
764.6532     1.111900E-24
764.8613     9.662000E-25
765.0694     1.009870E-24
765.2776     8.311250E-25
765.4857     6.374750E-25
765.6939     7.454650E-25
765.9021     4.198390E-25
766.1103     4.212220E-25
766.3185     3.815305E-25
766.5267     3.225520E-25
766.7349     2.076745E-25
766.9432     1.420810E-25
767.1515     1.095600E-25
767.3597     1.687710E-25
767.5680     8.954700E-26
767.7764     1.848250E-25
767.9847     1.979490E-25
768.1930     9.098800E-26
768.4014     5.395600E-27
768.6098     1.232795E-25
768.8182     1.563500E-25
769.0266     1.132210E-26
769.2350     5.952800E-26
769.4434     4.381835E-26
769.6519    -9.422700E-27
769.8604     1.288460E-25
770.0688     4.933755E-26
770.2773    -2.480715E-26
770.4859     4.854160E-26
770.6944     5.109250E-26
770.9030     8.600150E-27
771.1115    -9.210750E-26
771.3201    -3.112225E-26
771.5287    -7.811150E-26
771.7373    -2.527260E-26
771.9460     2.141805E-25
772.1546     8.831550E-26
772.3633     7.362600E-26
772.5720     7.886300E-26
772.7807    -2.268755E-26
772.9894    -3.483005E-26
773.1982    -6.568800E-26
773.4069    -5.148250E-26
773.6157     1.450610E-26
773.8245    -5.750850E-26
774.0333     1.838230E-27
774.2421    -1.210275E-26
774.4510     9.955400E-26
774.6598    -5.001200E-26
774.8687    -1.706395E-25
775.0776    -1.010000E-25
775.2866    -4.254320E-26
775.4955     1.711680E-27
775.7045     7.468900E-26
775.9134     1.126645E-26
776.1224    -4.251130E-26
776.3315     9.455800E-26
776.5405     1.340080E-25
776.7495     8.912300E-26
776.9586     7.896150E-26
777.1677     1.213880E-27
777.3768     9.648000E-29
777.5860    -1.651215E-26
777.7951     2.897510E-26
778.0043    -2.133745E-26
778.2135    -4.496135E-26
778.4227    -5.295550E-26
778.6319    -7.506350E-26
778.8412    -2.583310E-26
779.0504    -1.039920E-25
779.2597    -7.170100E-27
779.4691     1.831520E-25
779.6784     1.267395E-25
779.8877     7.117650E-26
780.0971     4.449240E-26
780.3065     8.037300E-26
780.5159     4.887200E-26
780.7254     3.205500E-26
780.9348     8.781700E-26
781.1443    -3.899785E-26
781.3538    -5.741100E-26
781.5633     2.901735E-26
781.7729     6.085350E-26
781.9824    -3.236860E-26
782.1920     6.914350E-26
782.4016    -2.149915E-26
782.6113    -8.749400E-26
782.8209    -1.279900E-25
783.0306     6.689800E-26
783.2403     1.055610E-25
783.4500     9.938650E-27
783.6598     1.215970E-25
783.8695     6.823850E-26
784.0793     6.279900E-26
784.2891    -7.114050E-26
784.4990    -1.903050E-25
784.7088    -8.470750E-26
784.9187     1.164670E-25
785.1286     9.227300E-26
785.3385    -5.427350E-26
785.5485    -4.013670E-26
785.7584    -3.365210E-26
785.9684     1.132805E-25
786.1785     5.967500E-26
786.3885     3.439375E-26
786.5986    -3.588605E-26
786.8087     3.730830E-26
787.0188     1.368045E-25
787.2289     1.650360E-25
787.4391     9.846750E-26
787.6493     1.905920E-25
787.8595     1.234240E-25
788.0697     2.135110E-26
788.2800     2.230220E-26
788.4902    -1.255840E-25
788.7005     2.847945E-26
788.9109     6.831050E-27
789.1212     5.142000E-26
789.3316     2.817585E-26
789.5420    -7.461950E-26
789.7525    -1.484450E-25
789.9629    -2.181860E-26
790.1734     5.445850E-26
790.3839     1.296635E-25
790.5944     2.082755E-26
790.8050    -6.023850E-27
791.0156    -1.770035E-26
791.2262    -5.229700E-28
791.4368     2.176385E-26
791.6475     1.485370E-26
791.8582     1.363535E-25
792.0689    -4.877005E-26
792.2797    -1.163745E-25
792.4904     2.650540E-26
792.7012     8.686300E-26
792.9120     1.097060E-25
793.1229     6.113450E-26
793.3338     5.609650E-26
793.5447     1.045630E-26
793.7556    -7.514550E-26
793.9665     7.382100E-26
794.1775    -1.439490E-26
794.3885     6.386800E-26
794.5996     9.776400E-26
794.8106     2.546010E-26
795.0217     2.324310E-26
795.2329    -7.492400E-26
795.4440    -1.382545E-25
795.6552    -9.319150E-26
795.8664    -4.685860E-26
796.0776     5.099000E-27
796.2889     9.254000E-26
796.5002     8.257050E-26
796.7115    -1.865545E-26
796.9228    -5.369750E-27
797.1342    -5.515700E-26
797.3456     1.447785E-26
797.5570     4.411480E-26
797.7685    -3.094990E-26
797.9800     1.333105E-25
798.1915     1.789205E-25
798.4030     1.513250E-25
798.6146     3.604480E-27
798.8262     7.631050E-26
799.0379     2.006435E-25
799.2495     7.631850E-26
799.4612     3.530050E-26
799.6729     1.552530E-27
