649.9990     1.241004E-26
650.2130    -1.885102E-27
650.4269     1.495069E-26
650.6407     1.700191E-26
650.8546     1.473435E-27
651.0684     8.342967E-27
651.2822     2.076407E-26
651.4959     1.569093E-26
651.7096     6.905569E-27
651.9233     1.542467E-26
652.1369     3.403199E-26
652.3506     2.796695E-26
652.5641     2.625760E-26
652.7777     5.300732E-26
652.9912     4.348415E-26
653.2047     2.827102E-26
653.4181     5.345976E-26
653.6315     4.837073E-26
653.8449     2.878972E-26
654.0582     3.368199E-26
654.2716     2.189215E-26
654.4848     2.456980E-26
654.6981     3.085923E-26
654.9113     1.893240E-26
655.1245     9.353943E-27
655.3376     1.653362E-26
655.5508     3.100191E-26
655.7639     4.114024E-26
655.9769     4.824024E-26
656.1899     3.771654E-26
656.4029     4.713374E-26
656.6159     6.457886E-26
656.8288     5.040041E-26
657.0417     3.107955E-26
657.2546     5.097561E-26
657.4674     2.781858E-26
657.6802     3.417346E-26
657.8930     1.739175E-26
658.1058     2.585191E-26
658.3185     4.479675E-26
658.5311     4.024744E-26
658.7438     6.572033E-26
658.9564     3.896370E-26
659.1690     1.944500E-26
659.3816     4.565569E-26
659.5941     4.756545E-26
659.8066     2.926370E-26
660.0191     4.989756E-26
660.2315     3.258118E-26
660.4439     4.938333E-26
660.6563     3.626492E-26
660.8686     5.856382E-27
661.0809     3.522346E-26
661.2932     4.106016E-26
661.5055     4.114390E-26
661.7177     2.074215E-26
661.9299     4.790325E-26
662.1421     5.486341E-26
662.3542     5.003577E-26
662.5663     2.339622E-26
662.7784     2.350679E-26
662.9905     4.057346E-26
663.2025     4.064622E-26
663.4145     4.129106E-26
663.6265     4.624593E-26
663.8384     2.436370E-26
664.0503     3.106370E-26
664.2622     2.489459E-26
664.4740     3.048890E-26
664.6858     1.870313E-26
664.8976     2.353524E-26
665.1094     4.655285E-26
665.3211     3.634012E-26
665.5328     2.729297E-26
665.7445     2.870557E-26
665.9562    -1.433476E-27
666.1678     1.052142E-26
666.3794     5.241829E-26
666.5910     5.145041E-26
666.8025     3.668850E-26
667.0140     2.289337E-26
667.2255     4.586545E-26
667.4370     4.420935E-26
667.6484     3.683972E-26
667.8598     5.253618E-26
668.0712     2.958565E-26
668.2825     2.088114E-26
668.4939     2.692020E-26
668.7052     1.720638E-26
668.9164     1.806939E-26
669.1277     4.307764E-26
669.3389     4.929106E-26
669.5501     3.087833E-26
669.7612     1.928809E-26
669.9724     1.929378E-26
670.1835     1.889947E-26
670.3946     3.142955E-26
670.6056     4.607276E-26
670.8167     4.211545E-26
671.0277     3.350354E-26
671.2386     4.396179E-26
671.4496     3.635272E-26
671.6605     3.217427E-26
671.8714     3.633037E-26
672.0823     3.372549E-26
672.2932     4.874431E-26
672.5040     2.507996E-26
672.7148     3.344663E-26
672.9256     4.397358E-26
673.1363     4.519390E-26
673.3470     3.953443E-26
673.5577     3.118642E-26
673.7684     3.749093E-26
673.9791     4.194675E-26
674.1897     3.115028E-26
674.4003     4.036004E-26
674.6109     5.770244E-26
674.8214     4.794065E-26
675.0319     2.662382E-26
675.2424     2.824337E-26
675.4529     1.846370E-26
675.6634     1.491654E-26
675.8738     3.213362E-26
676.0842     1.762752E-26
676.2946     4.074919E-26
676.5049     3.523484E-26
676.7153     3.918809E-26
676.9256     4.203740E-26
677.1359     5.657154E-26
677.3461     5.326707E-26
677.5564     2.331980E-26
677.7666     3.007346E-26
677.9768     4.706382E-26
678.1870     5.105122E-26
678.3971     3.821776E-26
678.6072     3.707427E-26
678.8173     4.343252E-26
679.0274     5.240854E-26
679.2375     5.231382E-26
679.4475     5.132520E-26
679.6575     5.119065E-26
679.8675     7.698455E-26
680.0775     7.397642E-26
680.2874     3.762264E-26
680.4973     5.090528E-26
680.7072     5.850935E-26
680.9171     5.085894E-26
681.1270     5.728537E-26
681.3368     3.532793E-26
681.5466     4.931260E-26
681.7564     6.635976E-26
681.9662     7.649593E-26
682.1759     4.576260E-26
682.3857     8.202724E-27
682.5954     3.343077E-26
682.8050     1.067467E-26
683.0147    -5.158293E-27
683.2243    -1.957252E-26
683.4340    -3.270061E-27
683.6436    -3.229285E-26
683.8531    -1.656398E-26
684.0627    -8.272927E-27
684.2722     1.036894E-26
684.4818     1.939541E-26
684.6912     3.277915E-26
684.9007     2.804337E-26
685.1102     2.683602E-26
685.3196     3.351207E-26
685.5290     2.508646E-26
685.7384     1.131045E-26
685.9478     7.801504E-27
686.1571     2.662061E-26
686.3665     9.209228E-27
686.5758    -8.735122E-27
686.7851     1.196102E-25
686.9944     3.027963E-25
687.2036     4.031862E-25
687.4128     3.933740E-25
687.6221     3.392955E-25
687.8313     2.597089E-25
688.0404     1.389028E-25
688.2496     4.127683E-26
688.4587     5.197114E-26
688.6679     7.357480E-26
688.8770     1.264443E-25
689.0860     1.543049E-25
689.2951     1.629732E-25
689.5042     1.404667E-25
689.7132     1.444191E-25
689.9222     1.315663E-25
690.1312     1.090618E-25
690.3402     1.077634E-25
690.5491     1.035581E-25
690.7580     9.013049E-26
690.9670     7.684634E-26
691.1759     7.933821E-26
691.3847     4.610650E-26
691.5936     5.135244E-26
691.8025     2.660110E-26
692.0113     1.698402E-26
692.2201     3.676207E-26
692.4289     2.901085E-26
692.6377     2.948728E-26
692.8464     3.757833E-26
693.0552     2.298159E-26
693.2639     2.634703E-26
693.4726     2.418646E-26
693.6813     3.102589E-26
693.8900     5.277195E-26
694.0986     2.173240E-26
694.3073     4.590691E-26
694.5159     4.798821E-26
694.7245     4.705447E-26
694.9331     5.432398E-26
695.1417     4.142561E-26
695.3502     3.078850E-26
695.5588     3.986980E-26
695.7673     5.362927E-26
695.9758     4.475569E-26
696.1843     4.853374E-26
696.3928     5.193211E-26
696.6013     6.399472E-26
696.8097     6.315854E-26
697.0181     4.862398E-26
697.2266     4.740285E-26
697.4350     3.739907E-26
697.6434     4.168943E-26
697.8517     4.405854E-26
698.0601     4.875569E-26
698.2684     4.477480E-26
698.4768     6.205488E-26
698.6851     7.046341E-26
698.8934     6.822927E-26
699.1016     5.597642E-26
699.3099     6.008496E-26
699.5182     5.365203E-26
699.7264     4.319593E-26
699.9346     4.209675E-26
700.1428     3.607061E-26
700.3510     4.209309E-26
700.5592     5.576667E-26
700.7674     4.479797E-26
700.9755     7.051463E-26
701.1837     4.048931E-26
701.3918     6.536667E-26
701.5999     5.829715E-26
701.8080     5.030569E-26
702.0161     5.515894E-26
702.2242     4.042061E-26
702.4323     3.257183E-26
702.6403     4.144187E-26
702.8483     6.109106E-26
703.0564     5.920447E-26
703.2644     7.980813E-26
703.4724     4.417033E-26
703.6803     6.522154E-26
703.8883     5.494715E-26
704.0963     6.128537E-26
704.3042     5.987236E-26
704.5121     4.798130E-26
704.7201     6.195244E-26
704.9280     7.009919E-26
705.1359     7.325976E-26
705.3438     7.738577E-26
705.5516     8.085772E-26
705.7595     5.611220E-26
705.9673     5.649024E-26
706.1752     5.896911E-26
706.3830     6.683577E-26
706.5908     5.064553E-26
706.7986     1.679175E-26
707.0064     4.997073E-26
707.2142     4.895244E-26
707.4220     7.315772E-26
707.6297     8.509106E-26
707.8375     5.622154E-26
708.0452     3.409337E-26
708.2529     4.188211E-26
708.4606     3.601654E-26
708.6683     1.707671E-26
708.8760     1.432707E-26
709.0837     1.862467E-26
709.2914     5.430163E-26
709.4990     4.976423E-26
709.7067     4.342520E-26
709.9143     2.459744E-26
710.1220     2.881614E-26
710.3296     2.379581E-26
710.5372     2.304053E-26
710.7448     1.720963E-26
710.9524     1.268565E-26
711.1600    -3.891606E-27
711.3675     3.861646E-27
711.5751     1.139289E-27
711.7827    -2.154565E-26
711.9902    -1.879569E-26
712.1977     6.994593E-27
712.4053     1.921898E-26
712.6128     4.411667E-27
712.8203     6.961667E-27
713.0278    -2.088354E-27
713.2353    -1.620179E-26
713.4428    -1.416110E-26
713.6502     5.001098E-27
713.8577     2.820679E-26
714.0652     9.653537E-27
714.2726    -8.862358E-27
714.4800    -1.401724E-26
714.6875    -1.710748E-26
714.8949     2.310833E-27
715.1023     6.825081E-27
715.3097    -1.438760E-27
715.5171    -4.109512E-27
715.7245    -4.377805E-27
715.9319     3.600028E-26
716.1393     3.856817E-26
716.3467     2.146813E-26
716.5540     2.453484E-26
716.7614     1.336004E-26
716.9687     4.112236E-26
717.1761     3.520028E-26
717.3834     3.584500E-26
717.5907     4.266789E-26
717.7980     5.592927E-26
718.0054     4.283333E-26
718.2127     3.416207E-26
718.4200     2.661898E-26
718.6273     3.293972E-26
718.8346     4.575325E-26
719.0418     6.347236E-26
719.2491     2.299378E-26
719.4564     1.959622E-26
719.6636    -3.008272E-27
719.8709     7.249065E-27
720.0782     1.478402E-26
720.2854     1.511085E-26
720.4926     1.953809E-26
720.6999     1.133199E-26
720.9071    -2.180630E-27
721.1143     1.367711E-26
721.3216     3.261240E-27
721.5288    -5.685935E-27
721.7360    -6.566463E-28
721.9432    -1.608106E-26
722.1504     3.261646E-27
722.3576     1.210833E-27
722.5648     2.114175E-26
722.7719    -5.367195E-27
722.9791    -2.009610E-26
723.1863    -1.092496E-26
723.3935     2.064898E-27
723.6006     1.373890E-26
723.8078    -4.143252E-27
724.0150     2.591045E-26
724.2221     3.218077E-28
724.4293     1.010394E-26
724.6364    -1.434244E-26
724.8436    -1.336520E-26
725.0507    -1.147537E-26
725.2578    -1.955585E-26
725.4650    -1.661561E-26
725.6721    -1.621114E-26
725.8792    -1.569488E-26
726.0863    -2.448878E-26
726.2935    -8.370894E-27
726.5006    -3.200870E-26
726.7077    -1.556561E-26
726.9148    -2.325622E-26
727.1219    -2.105748E-26
727.3290    -4.218862E-26
727.5361    -3.212252E-26
727.7432    -1.465667E-26
727.9503    -1.078191E-27
728.1574    -3.134894E-26
728.3645    -2.782862E-26
728.5716    -4.846098E-26
728.7787    -6.669024E-26
728.9858    -2.942659E-26
729.1928    -7.044878E-27
729.3999    -2.473959E-26
729.6070    -9.174959E-27
729.8141    -3.341154E-26
730.0212    -5.144309E-26
730.2282    -2.218065E-26
730.4353    -5.624146E-27
730.6424    -1.677333E-26
730.8495    -2.949569E-26
731.0565    -3.621154E-26
731.2636    -2.223874E-26
731.4707    -2.501195E-26
731.6777    -1.400463E-26
731.8848    -1.754081E-26
732.0919    -6.066016E-27
732.2989    -1.194366E-26
732.5060     9.579146E-29
732.7131    -4.526545E-29
732.9201    -8.399350E-27
733.1272    -2.297089E-26
733.3343     1.283598E-27
733.5413    -1.317455E-26
733.7484     3.052703E-27
733.9555    -1.552821E-26
734.1625    -2.993431E-26
734.3696     7.335976E-28
734.5767     1.124134E-26
734.7837    -3.577378E-27
734.9908    -8.526179E-27
735.1979     8.357602E-27
735.4049     5.661260E-27
735.6120     2.201045E-26
735.8191    -1.568553E-26
736.0262    -1.841764E-26
736.2332    -2.595992E-26
736.4403    -1.310870E-26
736.6474    -1.520825E-26
736.8545    -1.178553E-26
737.0615    -2.783390E-26
737.2686    -2.071439E-26
737.4757     4.020996E-27
737.6828     1.659703E-26
737.8899     1.507427E-26
738.0970    -1.638760E-27
738.3040    -3.330911E-26
738.5111    -3.406520E-26
738.7182    -9.834715E-27
738.9253    -1.225667E-26
739.1324     1.673972E-26
739.3395    -2.461683E-26
739.5466    -2.626191E-26
739.7537    -7.689187E-27
739.9609    -2.554528E-26
740.1680    -1.344081E-26
740.3751    -1.921033E-26
740.5822    -3.142984E-26
740.7893    -2.518959E-26
740.9964    -4.949472E-26
741.2036    -6.761504E-26
741.4107    -3.430626E-26
741.6178    -2.743065E-26
741.8250    -5.492317E-26
742.0321    -5.005407E-26
742.2393    -3.412537E-26
742.4464    -2.976927E-26
742.6536    -2.450341E-26
742.8607    -4.163943E-26
743.0679    -3.038715E-26
743.2751    -2.993187E-26
743.4822    -3.820138E-26
743.6894    -2.703593E-26
743.8966    -1.489285E-26
744.1038    -1.685093E-26
744.3110    -1.239732E-26
744.5182    -2.468797E-26
744.7254    -1.330220E-26
744.9326    -1.430179E-26
745.1398    -1.762780E-26
745.3470     9.477520E-27
745.5542     1.006858E-26
745.7614    -1.176276E-26
745.9687    -1.166313E-26
746.1759    -3.202988E-27
746.3831     3.356768E-27
746.5904    -2.372171E-26
746.7976     3.034411E-27
747.0049    -2.814447E-26
747.2122    -1.927374E-26
747.4194    -4.106260E-27
747.6267     2.774248E-27
747.8340     2.183931E-26
748.0413    -1.923187E-26
748.2486    -3.656846E-26
748.4559    -2.437776E-26
748.6632    -1.343065E-26
748.8705     8.372236E-27
749.0778    -1.034569E-26
749.2852    -5.659512E-27
749.4925    -1.661236E-26
749.6998    -3.609244E-26
749.9072    -3.228634E-26
750.1145    -4.359878E-26
750.3219    -4.146098E-27
750.5293     5.868496E-28
750.7367    -7.566423E-27
750.9441    -2.873268E-26
751.1514    -3.195870E-26
751.3589    -2.369565E-26
751.5663    -2.367008E-26
751.7737    -5.476951E-26
751.9811    -2.664528E-26
752.1885    -1.225545E-26
752.3960    -3.030220E-26
752.6034    -6.762358E-27
752.8109    -1.256317E-26
753.0184    -3.012740E-26
753.2259    -2.474650E-26
753.4333    -3.338553E-26
753.6408     5.018984E-27
753.8483    -3.267215E-27
754.0559    -1.805829E-26
754.2634    -2.178797E-26
754.4709    -1.524126E-27
754.6785    -1.370874E-27
754.8860     3.995386E-27
755.0936    -1.365996E-27
755.3011    -1.499691E-26
755.5087    -1.885748E-26
755.7163    -3.987541E-27
755.9239    -1.248390E-26
756.1315    -7.896911E-27
756.3391    -5.842886E-28
756.5468    -5.646911E-27
756.7544    -2.687862E-26
756.9620    -3.900138E-26
757.1697    -1.221280E-27
757.3774     2.901484E-27
757.5851     2.113890E-26
757.7928    -1.994610E-26
758.0005    -2.105789E-26
758.2082     1.473199E-26
758.4159     3.182589E-26
758.6236     9.290935E-27
758.8314    -2.166805E-26
759.0391    -7.374146E-27
759.2469     1.899785E-26
759.4547     1.751341E-25
759.6625     6.991911E-25
759.8703     1.538817E-24
760.0781     2.401691E-24
760.2859     3.065272E-24
760.4938     3.454760E-24
760.7016     3.540630E-24
760.9095     3.405667E-24
761.1174     3.061593E-24
761.3252     2.586642E-24
761.5331     1.958370E-24
761.7411     1.185480E-24
761.9490     5.413374E-25
762.1569     5.273333E-25
762.3649     1.071589E-24
762.5728     1.580285E-24
762.7808     1.863618E-24
762.9888     1.955797E-24
763.1968     1.973195E-24
763.4048     1.919415E-24
763.6128     1.808374E-24
763.8209     1.680191E-24
764.0289     1.552244E-24
764.2370     1.463077E-24
764.4451     1.164736E-24
764.6532     1.172374E-24
764.8613     8.724350E-25
765.0694     8.339797E-25
765.2776     7.480610E-25
765.4857     5.995935E-25
765.6939     6.324228E-25
765.9021     3.853654E-25
766.1103     3.572244E-25
766.3185     3.169785E-25
766.5267     1.702313E-25
766.7349     1.970366E-25
766.9432     1.348037E-25
767.1515     8.540244E-26
767.3597     1.045402E-25
767.5680     9.002520E-26
767.7764     9.895894E-26
767.9847     1.008065E-25
768.1930     8.924350E-26
768.4014     8.720041E-26
768.6098     5.986585E-26
768.8182     2.614215E-26
769.0266     3.640841E-26
769.2350     5.665366E-26
769.4434     4.609959E-26
769.6519     6.145081E-26
769.8604     1.042061E-26
770.0688     2.566939E-26
770.2773     1.963402E-26
770.4859     2.453362E-26
770.6944     1.104947E-26
770.9030     1.142793E-26
771.1115     2.685272E-26
771.3201     3.172793E-26
771.5287     1.725923E-26
771.7373     3.232386E-26
771.9460     5.848984E-26
772.1546     2.879012E-26
772.3633     3.362549E-26
772.5720     4.947642E-26
772.7807     5.573333E-26
772.9894     2.753728E-26
773.1982     3.243972E-26
773.4069     9.493780E-27
773.6157     3.595476E-26
773.8245     5.867846E-26
774.0333     3.346614E-26
774.2421     3.377508E-26
774.4510     3.172752E-26
774.6598     3.654866E-26
774.8687     3.544012E-26
775.0776     4.404228E-26
775.2866     8.963293E-27
775.4955     3.921402E-27
775.7045     6.397846E-27
775.9134     3.465720E-26
776.1224     2.191248E-26
776.3315     4.134593E-26
776.5405     4.285528E-26
776.7495     2.518037E-26
776.9586     3.616817E-26
777.1677     7.738496E-26
777.3768     4.434675E-26
777.5860     3.886695E-26
777.7951     2.935963E-26
778.0043     3.095923E-26
778.2135     4.020760E-26
778.4227     3.863606E-26
778.6319     3.533524E-26
778.8412     3.857589E-26
779.0504     3.283646E-26
779.2597     3.175598E-26
779.4691     4.232073E-26
779.6784     4.582724E-26
779.8877     7.205122E-26
780.0971     2.757874E-26
780.3065     4.514024E-26
780.5159     4.213902E-26
780.7254     4.185691E-26
780.9348     5.613821E-26
781.1443     4.557886E-26
781.3538     2.092833E-26
781.5633     5.542480E-26
781.7729     5.861585E-26
781.9824     5.631667E-26
782.1920     7.894512E-26
782.4016     5.662642E-26
782.6113     5.452114E-26
782.8209     3.660150E-26
783.0306     1.228565E-26
783.2403     1.351939E-26
783.4500     1.190476E-26
783.6598     1.606248E-26
783.8695     2.535638E-26
784.0793    -5.542073E-28
784.2891     1.130354E-26
784.4990     4.086870E-27
784.7088     2.045476E-26
784.9187     4.429878E-26
785.1286     6.045488E-26
785.3385     2.940435E-26
785.5485     9.016138E-27
785.7584     1.898931E-26
785.9684     3.818240E-26
786.1785     6.302927E-26
786.3885     3.751898E-26
786.5986     3.051939E-26
786.8087     2.315313E-26
787.0188     2.939744E-26
787.2289     5.330122E-26
787.4391     7.332967E-26
787.6493     5.996423E-26
787.8595     4.417114E-26
788.0697     2.801610E-26
788.2800     4.999472E-27
788.4902     2.516533E-26
788.7005     2.853159E-26
788.9109     2.785841E-26
789.1212    -2.379691E-26
789.3316    -4.468943E-26
789.5420    -5.106098E-26
789.7525    -6.119228E-26
789.9629    -5.903537E-26
790.1734    -3.085098E-26
790.3839    -3.140386E-27
790.5944    -7.840813E-27
790.8050     1.232833E-26
791.0156     1.930801E-26
791.2262     8.638496E-27
791.4368    -2.995707E-26
791.6475     3.027907E-27
791.8582     6.866545E-27
792.0689     3.979500E-26
792.2797     3.771370E-26
792.4904     3.271370E-26
792.7012     4.552846E-26
792.9120     4.449675E-26
793.1229     5.302033E-26
793.3338     6.146911E-26
793.5447     6.037154E-26
793.7556     3.805963E-26
793.9665     7.291260E-26
794.1775     5.204959E-26
794.3885     5.679593E-26
794.5996     3.504581E-26
794.8106     6.204146E-26
795.0217     5.182520E-26
795.2329     4.502520E-26
795.4440     3.880028E-26
795.6552     5.825569E-26
795.8664     1.654947E-26
796.0776     5.218089E-28
796.2889     8.677114E-27
796.5002     3.861411E-26
796.7115     4.551911E-27
796.9228     1.076776E-26
797.1342     1.343362E-26
797.3456     1.661980E-26
797.5570    -3.616114E-26
797.7685     1.073362E-26
797.9800    -1.937134E-27
798.1915     1.142427E-26
798.4030     7.171423E-27
798.6146     2.379825E-26
798.8262     4.575122E-26
799.0379     1.074663E-26
799.2495     2.175069E-26
799.4612     2.637996E-26
799.6729    -2.504285E-26
