235.0718     4.865865E-24
235.2022     4.879845E-24
235.3325     4.831135E-24
235.4628     4.768625E-24
235.5930     4.732340E-24
235.7232     4.714735E-24
235.8533     4.645450E-24
235.9833     4.666325E-24
236.1133     4.649825E-24
236.2433     4.575615E-24
236.3731     4.634565E-24
236.5029     4.528930E-24
236.6327     4.513305E-24
236.7624     4.541915E-24
236.8920     4.498775E-24
237.0216     4.454490E-24
237.1511     4.378165E-24
237.2806     4.365335E-24
237.4100     4.317990E-24
237.5393     4.311740E-24
237.6686     4.210800E-24
237.7978     4.188290E-24
237.9270     4.193295E-24
238.0561     4.189210E-24
238.1851     4.125805E-24
238.3141     4.072690E-24
238.4430     4.054865E-24
238.5719     4.036425E-24
238.7006     4.021505E-24
238.8294     3.995615E-24
238.9581     3.964270E-24
239.0867     3.916305E-24
239.2152     3.923485E-24
239.3437     3.833095E-24
239.4721     3.796665E-24
239.6005     3.766940E-24
239.7288     3.732785E-24
239.8570     3.698460E-24
239.9852     3.680490E-24
240.1133     3.669910E-24
240.2414     3.684265E-24
240.3694     3.649910E-24
240.4973     3.618575E-24
240.6252     3.565395E-24
240.7530     3.567230E-24
240.8808     3.525740E-24
241.0084     3.506390E-24
241.1361     3.498715E-24
241.2636     3.433360E-24
241.3911     3.423945E-24
241.5185     3.386490E-24
241.6459     3.356855E-24
241.7732     3.346850E-24
241.9005     3.297855E-24
242.0277     3.292660E-24
242.1548     3.251470E-24
242.2818     3.251470E-24
242.4088     3.233635E-24
242.5358     3.186535E-24
242.6626     3.067490E-24
242.7894     3.028450E-24
242.9162     3.100965E-24
243.0429     3.301485E-24
243.1695     3.308395E-24
243.2960     3.174655E-24
243.4225     3.018815E-24
243.5489     2.867280E-24
243.6753     2.836395E-24
243.8016     2.713885E-24
243.9278     2.697460E-24
244.0540     2.690260E-24
244.1801     2.669720E-24
244.3062     2.951960E-24
244.4322     3.199925E-24
244.5581     3.220290E-24
244.6839     3.141670E-24
244.8097     2.957700E-24
244.9355     2.777335E-24
245.0611     2.638000E-24
245.1867     2.583010E-24
245.3123     2.477985E-24
245.4377     2.439100E-24
245.5632     2.454215E-24
245.6885     2.375105E-24
245.8138     2.361445E-24
245.9390     2.357895E-24
246.0642     2.251605E-24
246.1893     2.323575E-24
246.3143     2.654020E-24
246.4393     3.063770E-24
246.5642     3.081370E-24
246.6890     2.970480E-24
246.8138     2.738885E-24
246.9385     2.597105E-24
247.0632     2.450940E-24
247.1878     2.389000E-24
247.3123     2.283080E-24
247.4367     2.259160E-24
247.5611     2.190005E-24
247.6855     2.110415E-24
247.8098     2.125230E-24
247.9340     2.044990E-24
248.0581     2.053855E-24
248.1822     2.089890E-24
248.3062     2.026450E-24
248.4302     1.970260E-24
248.5541     1.983625E-24
248.6779     1.984265E-24
248.8017     2.144130E-24
248.9254     2.651410E-24
249.0490     2.900970E-24
249.1726     2.757555E-24
249.2961     2.540450E-24
249.4196     2.425770E-24
249.5430     2.300090E-24
249.6663     2.251015E-24
249.7896     2.161170E-24
249.9128     2.104780E-24
250.0359     2.033815E-24
250.1590     1.878155E-24
250.2820     1.864115E-24
250.4050     1.762845E-24
250.5279     1.709565E-24
250.6507     1.744535E-24
250.7735     1.718420E-24
250.8962     1.726685E-24
251.0189     1.782825E-24
251.1414     1.743920E-24
251.2640     1.699220E-24
251.3864     1.747970E-24
251.5088     1.753890E-24
251.6312     1.761830E-24
251.7535     1.836670E-24
251.8757     2.050430E-24
251.9978     2.370285E-24
252.1199     2.445165E-24
252.2420     2.303685E-24
252.3639     2.151475E-24
252.4858     2.095610E-24
252.6077     1.989750E-24
252.7295     1.983880E-24
252.8512     1.845445E-24
252.9729     1.799675E-24
253.0945     1.681160E-24
253.2160     1.643490E-24
253.3375     1.621160E-24
253.4590     1.514285E-24
253.5803     1.409885E-24
253.7016     1.297875E-24
253.8229     1.343980E-24
253.9441     1.477865E-24
254.0652     1.525655E-24
254.1863     1.543935E-24
254.3073     1.560775E-24
254.4282     1.570955E-24
254.5491     1.528015E-24
254.6699     1.480455E-24
254.7907     1.519335E-24
254.9114     1.524635E-24
255.0321     1.553810E-24
255.1527     1.553740E-24
255.2732     1.570425E-24
255.3937     1.712755E-24
255.5141     1.962900E-24
255.6345     1.974880E-24
255.7548     1.923810E-24
255.8750     1.849360E-24
255.9952     1.793860E-24
256.1153     1.718690E-24
256.2354     1.652605E-24
256.3554     1.582930E-24
256.4754     1.549805E-24
256.5953     1.447495E-24
256.7151     1.417330E-24
256.8349     1.409305E-24
256.9546     1.353230E-24
257.0743     1.359925E-24
257.1939     1.323835E-24
257.3135     1.262760E-24
257.4330     1.288650E-24
257.5524     1.282635E-24
257.6718     1.247830E-24
257.7911     1.291880E-24
257.9104     1.307425E-24
258.0296     1.300430E-24
258.1488     1.308980E-24
258.2679     1.309945E-24
258.3869     1.325095E-24
258.5059     1.325210E-24
258.6249     1.324405E-24
258.7438     1.352845E-24
258.8626     1.370455E-24
258.9814     1.377230E-24
259.1001     1.351365E-24
259.2188     1.315340E-24
259.3374     1.417280E-24
259.4559     1.559820E-24
259.5745     1.581750E-24
259.6929     1.546440E-24
259.8113     1.517285E-24
259.9296     1.465330E-24
260.0479     1.460670E-24
260.1662     1.412535E-24
260.2844     1.354555E-24
260.4025     1.318840E-24
260.5206     1.258700E-24
260.6386     1.264485E-24
260.7566     1.220155E-24
260.8745     1.194540E-24
260.9924     1.188040E-24
261.1102     1.131935E-24
261.2279     1.113900E-24
261.3457     1.118445E-24
261.4633     1.079925E-24
261.5809     1.049475E-24
261.6985     1.073965E-24
261.8160     1.089145E-24
261.9334     1.097365E-24
262.0509     1.129860E-24
262.1682     1.138270E-24
262.2855     1.115360E-24
262.4028     1.122640E-24
262.5200     1.113290E-24
262.6371     1.115815E-24
262.7542     1.122940E-24
262.8713     1.123710E-24
262.9883     1.140960E-24
263.1052     1.149805E-24
263.2221     1.135750E-24
263.3390     1.138315E-24
263.4558     1.135270E-24
263.5726     1.147855E-24
263.6893     1.183265E-24
263.8059     1.263515E-24
263.9226     1.285140E-24
264.0391     1.266770E-24
264.1556     1.252170E-24
264.2721     1.226605E-24
264.3885     1.169555E-24
264.5049     1.162410E-24
264.6212     1.109880E-24
264.7375     1.108115E-24
264.8538     1.066090E-24
264.9699     1.051895E-24
265.0861     1.041620E-24
265.2022     1.004200E-24
265.3182     1.017230E-24
265.4342     9.837350E-25
265.5502     9.793800E-25
265.6661     9.636500E-25
265.7820     9.633350E-25
265.8978     9.500650E-25
266.0136     9.443950E-25
266.1293     9.744150E-25
266.2450     9.417500E-25
266.3606     9.432200E-25
266.4762     9.447450E-25
266.5918     9.762700E-25
266.7073     9.627650E-25
266.8228     9.538750E-25
266.9382     9.456100E-25
267.0536     9.499850E-25
267.1689     9.452650E-25
267.2842     9.491950E-25
267.3994     9.639150E-25
267.5146     9.767300E-25
267.6298     9.636750E-25
267.7449     9.704300E-25
267.8600     9.650150E-25
267.9750     9.669550E-25
268.0900     9.445200E-25
268.2050     9.163050E-25
268.3199     9.023050E-25
268.4348     9.285950E-25
268.5496     9.643100E-25
268.6644     9.896650E-25
268.7792     9.829850E-25
268.8939     9.465700E-25
269.0085     9.360050E-25
269.1232     9.199200E-25
269.2378     9.133000E-25
269.3523     8.842250E-25
269.4668     8.826950E-25
269.5813     8.750950E-25
269.6957     8.704400E-25
269.8101     8.663100E-25
269.9245     8.479500E-25
270.0388     8.290500E-25
270.1531     8.345900E-25
270.2673     8.177450E-25
270.3815     8.130350E-25
270.4957     8.045150E-25
270.6098     7.949500E-25
270.7239     7.746900E-25
270.8379     7.941800E-25
270.9519     7.915400E-25
271.0659     7.689400E-25
271.1799     7.821150E-25
271.2938     7.592300E-25
271.4076     7.673100E-25
271.5215     7.760350E-25
271.6353     8.005400E-25
271.7490     7.976300E-25
271.8628     7.908850E-25
271.9764     7.710750E-25
272.0901     7.786900E-25
272.2037     7.602900E-25
272.3173     7.559800E-25
272.4309     7.580100E-25
272.5444     7.668700E-25
272.6579     7.657650E-25
272.7713     7.585900E-25
272.8847     7.567850E-25
272.9981     7.441850E-25
273.1115     7.738250E-25
273.2248     7.595800E-25
273.3381     7.479550E-25
273.4513     7.167950E-25
273.5645     7.059650E-25
273.6777     6.976100E-25
273.7909     7.310250E-25
273.9040     7.250250E-25
274.0171     7.277050E-25
274.1301     7.221100E-25
274.2431     6.946200E-25
274.3561     6.984250E-25
274.4691     6.898350E-25
274.5820     6.900500E-25
274.6949     6.892600E-25
274.8078     6.996250E-25
274.9207     6.727550E-25
275.0335     6.836450E-25
275.1462     6.300350E-25
275.2590     6.301400E-25
275.3717     6.421750E-25
275.4844     6.295750E-25
275.5971     6.266800E-25
275.7097     6.279800E-25
275.8223     6.266300E-25
275.9349     6.390650E-25
276.0474     6.490650E-25
276.1600     6.334050E-25
276.2725     6.410650E-25
276.3849     6.202950E-25
276.4974     6.198500E-25
276.6098     6.088050E-25
276.7222     5.995350E-25
276.8345     6.105550E-25
276.9468     6.188250E-25
277.0591     6.187700E-25
277.1714     6.111700E-25
277.2837     6.080500E-25
277.3959     6.057650E-25
277.5081     5.940000E-25
277.6203     6.204350E-25
277.7324     6.158150E-25
277.8445     5.961650E-25
277.9566     5.962400E-25
278.0687     5.853550E-25
278.1807     5.787550E-25
278.2928     5.733300E-25
278.4048     5.918200E-25
278.5167     5.961750E-25
278.6287     5.701750E-25
278.7406     5.797700E-25
278.8525     5.659550E-25
278.9644     5.718350E-25
279.0762     5.605700E-25
279.1881     5.600950E-25
279.2999     5.586250E-25
279.4117     5.572050E-25
279.5234     5.557850E-25
279.6352     5.724400E-25
279.7469     5.764700E-25
279.8586     5.617700E-25
279.9703     5.456500E-25
280.0819     5.258900E-25
280.1935     5.365350E-25
280.3052     5.374750E-25
280.4167     5.474700E-25
280.5283     5.172000E-25
280.6399     5.242600E-25
280.7514     5.337600E-25
280.8629     5.108600E-25
280.9744     5.167850E-25
281.0858     5.302200E-25
281.1973     5.365650E-25
281.3087     5.217400E-25
281.4201     5.378500E-25
281.5315     5.110850E-25
281.6429     4.966115E-25
281.7542     5.034150E-25
281.8656     4.919820E-25
281.9769     5.205750E-25
282.0882     5.055050E-25
282.1994     5.079450E-25
282.3107     5.068450E-25
282.4219     4.861795E-25
282.5331     4.982435E-25
282.6443     4.918985E-25
282.7555     4.876285E-25
282.8667     4.797440E-25
282.9778     4.860805E-25
283.0890     4.802225E-25
283.2001     4.761785E-25
283.3112     4.888545E-25
283.4223     4.551515E-25
283.5333     4.661255E-25
283.6444     4.582225E-25
283.7554     4.531400E-25
283.8664     4.544285E-25
283.9774     4.542985E-25
284.0884     4.841440E-25
284.1994     4.595040E-25
284.3104     4.621800E-25
284.4213     4.559105E-25
284.5322     4.373670E-25
284.6431     4.463505E-25
284.7540     4.328770E-25
284.8649     4.439065E-25
284.9758     4.346365E-25
285.0866     4.275325E-25
285.1975     4.391810E-25
285.3083     4.455460E-25
285.4191     4.180560E-25
285.5299     4.123990E-25
285.6407     4.377700E-25
285.7515     4.317580E-25
285.8622     4.237365E-25
285.9730     4.352310E-25
286.0837     4.305390E-25
286.1944     4.252695E-25
286.3051     4.269250E-25
286.4158     4.216415E-25
286.5265     4.157695E-25
286.6372     4.091810E-25
286.7478     4.113115E-25
286.8585     4.262870E-25
286.9691     4.083605E-25
287.0797     4.051120E-25
287.1903     4.146940E-25
287.3009     4.120685E-25
287.4115     4.067275E-25
287.5221     4.140970E-25
287.6327     4.134550E-25
287.7432     4.067165E-25
287.8538     3.797210E-25
287.9643     3.809450E-25
288.0748     3.819290E-25
288.1853     4.098740E-25
288.2958     4.106715E-25
288.4063     4.081270E-25
288.5168     3.898430E-25
288.6273     3.798940E-25
288.7377     3.913230E-25
288.8482     3.756465E-25
288.9586     3.613960E-25
289.0691     3.594135E-25
289.1795     3.807250E-25
289.2899     3.735790E-25
289.4003     3.770585E-25
289.5107     3.949245E-25
289.6211     3.961665E-25
289.7315     3.742785E-25
289.8419     3.778285E-25
289.9522     3.822955E-25
290.0626     3.801525E-25
290.1729     3.656555E-25
290.2833     3.808915E-25
290.3936     3.802865E-25
290.5039     3.596385E-25
290.6142     3.671305E-25
290.7245     3.734680E-25
290.8348     3.653840E-25
290.9451     3.628950E-25
291.0554     3.550985E-25
291.1657     3.817900E-25
291.2760     3.607990E-25
291.3862     3.396570E-25
291.4965     3.502730E-25
291.6067     3.772850E-25
291.7170     3.535765E-25
291.8272     3.333685E-25
291.9374     3.322585E-25
292.0476     3.500345E-25
292.1579     3.552815E-25
292.2681     3.634710E-25
292.3783     3.478660E-25
292.4885     3.413345E-25
292.5987     3.424990E-25
292.7088     3.479470E-25
292.8190     3.407580E-25
292.9292     3.359615E-25
293.0393     3.355470E-25
293.1495     3.239430E-25
293.2597     3.431635E-25
293.3698     3.299900E-25
293.4800     3.196100E-25
293.5901     3.236060E-25
293.7002     3.270630E-25
293.8103     2.937325E-25
293.9205     2.927900E-25
294.0306     2.810540E-25
294.1407     2.971340E-25
294.2508     3.123860E-25
294.3609     3.152030E-25
294.4710     3.318785E-25
294.5811     3.146700E-25
294.6912     3.291505E-25
294.8013     3.537965E-25
294.9113     3.214010E-25
295.0214     3.277200E-25
295.1315     3.263700E-25
295.2415     3.220815E-25
295.3516     3.224975E-25
295.4616     3.391910E-25
295.5717     3.184195E-25
295.6817     3.179070E-25
295.7918     3.181135E-25
295.9018     3.047905E-25
296.0118     2.934085E-25
296.1219     3.045450E-25
296.2319     3.267200E-25
296.3419     3.121455E-25
296.4519     3.181495E-25
296.5619     3.142450E-25
296.6719     3.170585E-25
296.7819     3.325745E-25
296.8919     3.207025E-25
297.0019     3.375010E-25
297.1119     3.454415E-25
297.2219     3.365545E-25
297.3319     3.313680E-25
297.4419     3.269905E-25
297.5518     3.029715E-25
297.6618     3.127055E-25
297.7718     3.028225E-25
297.8817     2.897420E-25
297.9917     2.958545E-25
298.1016     2.797975E-25
298.2116     2.878375E-25
298.3215     2.748465E-25
298.4315     2.990615E-25
298.5414     3.010415E-25
298.6513     2.949835E-25
298.7613     3.022120E-25
298.8712     2.829110E-25
298.9811     3.168095E-25
299.0910     3.234345E-25
299.2010     3.084730E-25
299.3109     2.972730E-25
299.4208     2.972085E-25
299.5307     3.079230E-25
299.6406     3.044605E-25
299.7505     3.233765E-25
299.8604     3.186550E-25
299.9703     3.034585E-25
300.0801     2.936855E-25
300.1900     2.921150E-25
300.2999     3.017710E-25
300.4098     3.041420E-25
300.5196     3.037765E-25
300.6295     3.352805E-25
300.7393     2.953720E-25
300.8492     3.010180E-25
300.9591     3.175450E-25
301.0689     3.026745E-25
301.1787     2.990575E-25
301.2886     3.327705E-25
301.3984     3.172175E-25
301.5082     2.751465E-25
301.6181     3.067425E-25
301.7279     3.226105E-25
301.8377     3.113305E-25
301.9475     2.924095E-25
302.0573     3.089155E-25
302.1671     3.225435E-25
302.2769     3.029020E-25
302.3867     3.060075E-25
302.4965     3.070865E-25
302.6063     2.903475E-25
302.7160     3.095190E-25
302.8258     3.204950E-25
302.9356     2.931510E-25
303.0453     2.675120E-25
303.1551     2.869180E-25
303.2648     2.942485E-25
303.3746     2.861740E-25
303.4843     2.706965E-25
303.5940     2.779255E-25
303.7038     2.765490E-25
303.8135     2.496330E-25
303.9232     2.319750E-25
304.0329     2.588560E-25
304.1426     2.578990E-25
304.2523     2.724145E-25
304.3620     2.440675E-25
304.4717     2.495145E-25
304.5814     2.696930E-25
304.6910     2.694495E-25
304.8007     2.614090E-25
304.9104     2.971675E-25
305.0200     2.672575E-25
305.1296     2.747135E-25
305.2393     2.838560E-25
305.3489     2.611455E-25
305.4585     2.636000E-25
305.5681     3.002535E-25
305.6777     2.953300E-25
305.7873     2.960550E-25
305.8969     2.808545E-25
306.0065     2.740820E-25
306.1161     2.728760E-25
306.2257     2.751030E-25
306.3352     2.822830E-25
306.4448     2.890880E-25
306.5543     2.888395E-25
306.6638     2.589575E-25
306.7734     2.798090E-25
306.8829     2.630960E-25
306.9924     2.646285E-25
307.1019     3.104795E-25
307.2114     2.844225E-25
307.3208     2.877625E-25
307.4303     2.689005E-25
307.5398     2.980675E-25
307.5696     3.263950E-25
307.6851     3.703565E-25
307.8005     3.327040E-25
307.9159     3.504310E-25
308.0314     4.025070E-25
308.1468     3.829405E-25
308.2621     3.678170E-25
308.3775     4.166015E-25
308.4929     4.016590E-25
308.6082     4.352040E-25
308.7235     3.693375E-25
308.8388     3.573415E-25
308.9541     3.552115E-25
309.0693     3.592765E-25
309.1845     3.926320E-25
309.2998     4.064515E-25
309.4150     3.948275E-25
309.5301     3.764075E-25
309.6453     3.600350E-25
309.7604     3.748950E-25
309.8756     3.733085E-25
309.9907     4.099735E-25
310.1057     3.808230E-25
310.2208     3.568040E-25
310.3359     3.425150E-25
310.4509     3.380910E-25
310.5659     3.377660E-25
310.6809     3.548935E-25
310.7958     3.513870E-25
310.9108     3.800250E-25
311.0257     3.701495E-25
311.1406     3.432320E-25
311.2555     3.915935E-25
311.3704     3.947370E-25
311.4852     3.617115E-25
311.6001     3.490075E-25
311.7149     3.255215E-25
311.8297     3.219820E-25
311.9444     3.364635E-25
312.0592     3.557580E-25
312.1739     3.412245E-25
312.2886     3.254100E-25
312.4033     2.854815E-25
312.5180     3.015165E-25
312.6326     3.191180E-25
312.7472     3.027340E-25
312.8619     3.130035E-25
312.9764     3.164345E-25
313.0910     2.942090E-25
313.2055     2.915215E-25
313.3201     3.281975E-25
313.4346     2.992285E-25
313.5491     3.125915E-25
313.6635     2.668700E-25
313.7780     2.671115E-25
313.8924     2.629140E-25
314.0068     2.743495E-25
314.1211     2.500040E-25
314.2355     2.351020E-25
314.3498     2.466240E-25
314.4641     2.548370E-25
314.5784     2.706280E-25
314.6927     2.594215E-25
314.8069     2.695565E-25
314.9212     2.460585E-25
315.0354     2.567095E-25
315.1496     2.383305E-25
315.2637     2.466230E-25
315.3779     2.535250E-25
315.4920     2.448620E-25
315.6061     2.446440E-25
315.7202     2.618520E-25
315.8342     2.435345E-25
315.9482     2.757645E-25
316.0622     2.784180E-25
316.1762     2.536625E-25
316.2902     2.642740E-25
316.4041     2.708705E-25
316.5181     2.890755E-25
316.6320     2.746050E-25
316.7458     2.634890E-25
316.8597     2.466625E-25
316.9735     2.384605E-25
317.0873     2.705680E-25
317.2011     2.585130E-25
317.3149     2.546880E-25
317.4286     2.849410E-25
317.5424     2.669645E-25
317.6561     2.688165E-25
317.7697     2.499135E-25
317.8834     2.547530E-25
317.9970     2.475700E-25
318.1106     2.693000E-25
318.2242     2.597705E-25
318.3378     2.671370E-25
318.4513     2.516775E-25
318.5649     2.521735E-25
318.6784     2.747180E-25
318.7918     2.637735E-25
318.9053     2.804690E-25
319.0187     2.816150E-25
319.1321     2.824500E-25
319.2455     2.530025E-25
319.3589     2.359445E-25
319.4722     2.590595E-25
319.5855     2.449905E-25
319.6988     2.662845E-25
319.8121     2.677960E-25
319.9253     2.755000E-25
320.0386     2.457125E-25
320.1518     2.564245E-25
320.2650     2.452650E-25
320.3781     2.438785E-25
320.4912     2.415555E-25
320.6044     2.774040E-25
320.7174     2.727465E-25
320.8305     2.829775E-25
320.9436     2.792845E-25
321.0566     2.493245E-25
321.1696     2.673285E-25
321.2825     2.538850E-25
321.3955     2.288960E-25
321.5084     2.389690E-25
321.6213     2.555185E-25
321.7342     2.539480E-25
321.8471     2.629440E-25
321.9599     2.582310E-25
322.0727     2.481135E-25
322.1855     2.624140E-25
322.2983     2.534195E-25
322.4110     2.363930E-25
322.5237     2.329625E-25
322.6364     2.622655E-25
322.7491     2.479175E-25
322.8618     2.745645E-25
322.9744     2.626460E-25
323.0870     2.589680E-25
323.1996     2.460595E-25
323.3121     2.722990E-25
323.4247     2.895275E-25
323.5372     2.804860E-25
323.6497     2.447220E-25
323.7621     2.642430E-25
323.8746     2.761305E-25
323.9870     2.568930E-25
324.0994     2.713685E-25
324.2118     2.312825E-25
324.3241     2.592760E-25
324.4365     2.684680E-25
324.5488     2.651330E-25
324.6610     2.829975E-25
324.7733     2.534305E-25
324.8855     2.458235E-25
324.9978     2.308595E-25
325.1099     2.304320E-25
325.2221     2.480420E-25
325.3343     2.377500E-25
325.4464     2.350385E-25
325.5585     2.263460E-25
325.6705     2.420605E-25
325.7826     2.420060E-25
325.8946     2.289980E-25
326.0066     2.233905E-25
326.1186     2.209460E-25
326.2306     1.905840E-25
326.3425     1.750845E-25
326.4544     1.874705E-25
326.5663     2.313900E-25
326.6782     2.231090E-25
326.7900     2.253470E-25
326.9018     2.429970E-25
327.0136     2.338955E-25
327.1254     2.461645E-25
327.2372     2.068850E-25
327.3489     2.352675E-25
327.4606     2.601710E-25
327.5723     2.422790E-25
327.6840     2.346355E-25
327.7956     2.248140E-25
327.9072     2.384195E-25
328.0188     2.655730E-25
328.1304     2.501095E-25
328.2419     2.213040E-25
328.3534     2.239945E-25
328.4649     2.105810E-25
328.5764     2.244605E-25
328.6879     2.404935E-25
328.7993     2.351930E-25
328.9107     2.437485E-25
329.0221     2.261790E-25
329.1335     2.298805E-25
329.2448     2.243840E-25
329.3561     2.452270E-25
329.4674     2.408165E-25
329.5787     2.260135E-25
329.6900     2.232880E-25
329.8012     2.344270E-25
329.9124     2.597880E-25
330.0236     2.424575E-25
330.1348     2.136835E-25
330.2459     2.413440E-25
330.3570     2.669510E-25
330.4681     2.469395E-25
330.5792     2.298435E-25
330.6902     1.949050E-25
330.8013     2.191430E-25
330.9123     2.317880E-25
331.0232     2.227530E-25
331.1342     2.303575E-25
331.2451     2.229060E-25
331.3561     2.349740E-25
331.4670     2.130675E-25
331.5778     2.317185E-25
331.6887     2.473415E-25
331.7995     2.210090E-25
331.9103     2.263345E-25
332.0211     2.490790E-25
332.1319     2.595610E-25
332.2426     2.306600E-25
332.3533     2.381415E-25
332.4640     2.330135E-25
332.5747     1.988440E-25
332.6853     2.210385E-25
332.7960     2.325560E-25
332.9066     2.164620E-25
333.0172     2.158230E-25
333.1277     2.125100E-25
333.2383     2.242970E-25
333.3488     2.160435E-25
333.4593     2.322295E-25
333.5698     2.253765E-25
333.6802     2.413625E-25
333.7907     2.228815E-25
333.9011     2.613075E-25
334.0115     2.421750E-25
334.1219     2.165070E-25
334.2322     2.331065E-25
334.3425     2.421420E-25
334.4529     2.453905E-25
334.5631     2.581515E-25
334.6734     2.415320E-25
334.7836     2.316925E-25
334.8939     2.529015E-25
335.0041     2.178015E-25
335.1143     2.359355E-25
335.2244     2.195885E-25
335.3346     2.022225E-25
335.4447     2.201860E-25
335.5548     2.167665E-25
335.6648     2.105010E-25
335.7749     1.975245E-25
335.8849     1.895370E-25
335.9949     2.152775E-25
336.1049     2.280780E-25
336.2149     2.189685E-25
336.3249     2.136645E-25
336.4348     2.228940E-25
336.5447     2.387100E-25
336.6546     2.266735E-25
336.7645     2.308310E-25
336.8743     2.220425E-25
336.9841     2.221295E-25
337.0940     2.536495E-25
337.2037     2.490885E-25
337.3135     2.309400E-25
337.4233     2.554785E-25
337.5330     2.281825E-25
337.6427     1.977670E-25
337.7524     2.233705E-25
337.8620     2.495340E-25
337.9717     2.326630E-25
338.0813     2.133945E-25
338.1909     1.995270E-25
338.3005     2.114040E-25
338.4101     2.126370E-25
338.5196     1.827105E-25
338.6292     1.833740E-25
338.7387     1.965045E-25
338.8482     1.683115E-25
338.9576     2.051595E-25
339.0671     1.809150E-25
339.1765     1.864020E-25
339.2859     1.646220E-25
339.3953     1.804630E-25
339.5047     1.936665E-25
339.6140     1.860735E-25
339.7234     1.861645E-25
339.8327     2.227170E-25
339.9420     1.959640E-25
340.0512     1.968110E-25
340.1605     2.005760E-25
340.2697     1.554045E-25
340.3790     2.042015E-25
340.4882     2.239190E-25
340.5973     2.114575E-25
340.7065     2.009710E-25
340.8156     1.934310E-25
340.9248     1.943915E-25
341.0339     2.044910E-25
341.1430     1.849730E-25
341.2520     1.500915E-25
341.3611     2.055180E-25
341.4701     2.023115E-25
341.5791     1.934090E-25
341.6881     1.731225E-25
341.7971     1.755180E-25
341.9061     1.917655E-25
342.0150     1.775885E-25
342.1239     1.930660E-25
342.2328     1.822175E-25
342.3417     2.136420E-25
342.4506     1.904590E-25
342.5594     1.820055E-25
342.6683     1.914345E-25
342.7771     1.823080E-25
342.8859     1.738200E-25
342.9947     1.838535E-25
343.1034     2.038810E-25
343.2122     1.896530E-25
343.3209     1.607900E-25
343.4296     1.800765E-25
343.5383     2.271600E-25
343.6470     2.052980E-25
343.7556     1.901240E-25
343.8643     2.303290E-25
343.9729     2.046995E-25
344.0815     2.036035E-25
344.1901     2.071655E-25
344.2987     2.169545E-25
344.4072     2.077170E-25
344.5158     1.785520E-25
344.6243     1.884005E-25
344.7328     2.122150E-25
344.8413     1.802005E-25
344.9498     1.563080E-25
345.0582     2.006930E-25
345.1666     1.997510E-25
345.2751     1.855070E-25
345.3835     1.942230E-25
345.4919     1.705150E-25
345.6002     2.217245E-25
345.7086     1.907360E-25
345.8169     1.699435E-25
345.9253     2.031500E-25
346.0336     1.891920E-25
346.1419     1.416500E-25
346.2501     1.791665E-25
346.3584     1.461045E-25
346.4666     1.392060E-25
346.5749     1.413155E-25
346.6831     1.915325E-25
346.7913     1.713900E-25
346.8995     1.691300E-25
347.0076     1.430485E-25
347.1158     1.740995E-25
347.2239     1.582225E-25
347.3320     1.774495E-25
347.4401     1.852865E-25
347.5482     1.926580E-25
347.6563     1.965995E-25
347.7644     1.859850E-25
347.8724     1.790460E-25
347.9805     1.993550E-25
348.0885     1.558165E-25
348.1965     1.355845E-25
348.3045     1.455740E-25
348.4124     1.500175E-25
348.5204     1.355225E-25
348.6283     1.615425E-25
348.7363     1.722945E-25
348.8442     1.711230E-25
348.9521     1.491595E-25
349.0599     1.283245E-25
349.1678     1.769625E-25
349.2757     1.834275E-25
349.3835     1.667850E-25
349.4913     1.502110E-25
349.5992     1.565160E-25
349.7070     1.343000E-25
349.8147     1.711915E-25
349.9225     1.681365E-25
350.0303     1.562575E-25
350.1380     2.018995E-25
350.2458     1.318220E-25
350.3535     1.899390E-25
350.4612     1.766210E-25
350.5689     1.664615E-25
350.6765     1.164895E-25
350.7842     1.584980E-25
350.8919     1.833005E-25
350.9995     1.615720E-25
351.1071     1.612825E-25
351.2147     1.490540E-25
351.3223     1.584730E-25
351.4299     1.323010E-25
351.5375     1.598975E-25
351.6451     1.551315E-25
351.7526     1.860000E-25
351.8601     1.272475E-25
351.9677     1.699405E-25
352.0752     1.811320E-25
352.1827     1.589065E-25
352.2901     1.892980E-25
352.3976     1.632215E-25
352.5051     1.360405E-25
352.6125     1.170715E-25
352.7200     1.523570E-25
352.8274     1.425715E-25
352.9348     1.670540E-25
353.0422     1.375365E-25
353.1496     1.427015E-25
353.2570     1.267175E-25
353.3643     1.486855E-25
353.4717     1.580145E-25
353.5790     1.399335E-25
353.6864     1.422620E-25
353.7937     1.401400E-25
353.9010     1.542490E-25
354.0083     1.873165E-25
354.1156     1.470455E-25
354.2228     1.400075E-25
354.3301     1.163380E-25
354.4374     1.264155E-25
354.5446     1.256245E-25
354.6518     1.526395E-25
354.7591     1.521100E-25
354.8663     1.391615E-25
354.9735     1.200590E-25
355.0806     1.078235E-25
355.1878     1.503500E-25
355.2950     1.284700E-25
355.4021     1.436175E-25
355.5093     1.185540E-25
355.6164     1.191455E-25
355.7236     1.357585E-25
355.8307     1.523625E-25
355.9378     1.965240E-25
356.0449     1.135840E-25
356.1520     1.497085E-25
356.2590     1.248385E-25
356.3661     1.326190E-25
356.4731     1.423395E-25
356.5802     1.331240E-25
356.6872     1.348510E-25
356.7943     1.189830E-25
356.9013     1.323130E-25
357.0083     1.409415E-25
357.1153     1.138250E-25
357.2223     1.054535E-25
357.3292     1.347595E-25
357.4362     1.449040E-25
357.5432     8.884600E-26
357.6501     9.657650E-26
357.7571     1.157510E-25
357.8640     1.255060E-25
357.9709     1.087080E-25
358.0778     1.649970E-25
358.1848     1.637610E-25
358.2917     1.490610E-25
358.3985     1.127890E-25
358.5054     1.286225E-25
358.6123     1.383020E-25
358.7192     1.774330E-25
358.8260     1.423045E-25
358.9329     1.512120E-25
359.0397     1.644775E-25
359.1465     1.368335E-25
359.2534     1.462540E-25
359.3602     1.067095E-25
359.4670     1.303330E-25
359.5738     1.419860E-25
359.6806     1.470640E-25
359.7874     1.677575E-25
359.8942     2.050280E-25
360.0009     1.558980E-25
360.1077     1.656330E-25
360.2144     1.460220E-25
360.3212     1.440160E-25
360.4279     1.716880E-25
360.5347     1.620570E-25
360.6414     1.308770E-25
360.7481     1.728650E-25
360.8548     1.624845E-25
360.9615     1.541360E-25
361.0682     1.323480E-25
361.1749     1.330140E-25
361.2816     1.294450E-25
361.3883     1.336255E-25
361.4950     1.097630E-25
361.6016     1.096340E-25
361.7083     1.183655E-25
361.8149     1.501920E-25
361.9216     1.089665E-25
362.0282     1.445340E-25
362.1348     1.156310E-25
362.2415     1.244020E-25
362.3481     1.117840E-25
362.4547     1.107525E-25
362.5613     1.199650E-25
362.6679     1.340175E-25
362.7745     9.861300E-26
362.8811     1.147210E-25
362.9877     1.202375E-25
363.0943     1.299605E-25
363.2008     1.330250E-25
363.3074     1.473630E-25
363.4140     1.294905E-25
363.5205     1.157985E-25
363.6271     1.103165E-25
363.7336     1.331290E-25
363.8402     1.168645E-25
363.9467     1.166740E-25
364.0532     1.427925E-25
364.1597     1.190465E-25
364.2663     1.326400E-25
364.3728     8.671750E-26
364.4793     1.064830E-25
364.5858     1.021025E-25
364.6923     1.163635E-25
364.7988     1.451795E-25
364.9053     1.260735E-25
365.0118     1.016070E-25
365.1183     1.088000E-25
365.2247     1.006565E-25
365.3312     1.065460E-25
365.4377     7.705600E-26
365.5441     4.569485E-26
365.6506     4.451490E-26
365.7571     6.284000E-26
365.8635     8.694600E-26
365.9700     9.143850E-26
366.0764     9.763900E-26
366.1828     1.081130E-25
366.2893     1.089765E-25
366.3957     1.248850E-25
366.5021     1.037555E-25
366.6086     1.103115E-25
366.7150     9.476050E-26
366.8214     8.087700E-26
366.9278     1.326645E-25
367.0342     7.505250E-26
367.1406     8.126250E-26
367.2470     8.279500E-26
367.3534     9.367700E-26
367.4598     6.515950E-26
367.5662     7.968750E-26
367.6726     1.007570E-25
367.7790     6.793400E-26
367.8854     7.325850E-26
367.9918     9.141500E-26
368.0982     8.699050E-26
368.2045     1.170010E-25
368.3109     1.002045E-25
368.4173     9.630650E-26
368.5236     1.049695E-25
368.6300     8.700450E-26
368.7364     7.080750E-26
368.8427     6.879850E-26
368.9491     9.279350E-26
369.0554     7.876050E-26
369.1618     1.061210E-25
369.2681     6.568150E-26
369.3745     7.684400E-26
369.4808     1.176075E-25
369.5872     8.344300E-26
369.6935     7.590450E-26
369.7999     5.902500E-26
369.9062     7.490950E-26
370.0125     9.307250E-26
370.1189     8.132950E-26
370.2252     6.567100E-26
370.3315     1.039920E-25
370.4379     9.110550E-26
370.5442     8.224200E-26
370.6505     9.504800E-26
370.7569     6.713150E-26
370.8632     9.547400E-26
370.9695     8.965550E-26
371.0758     1.161610E-25
371.1821     8.319500E-26
371.2885     7.100300E-26
371.3948     8.541600E-26
371.5011     8.218300E-26
371.6074     6.763550E-26
371.7137     3.146880E-26
371.8200     6.232500E-26
371.9263     3.409895E-26
372.0326     4.242100E-26
372.1390     3.056145E-26
372.2453     4.500220E-26
372.3516     7.988850E-26
372.4579     4.026880E-26
372.5642     4.129565E-26
372.6705     7.630650E-26
372.7768     6.889700E-26
372.8831     4.602790E-26
372.9894     6.703150E-26
373.0957     5.855250E-26
373.2020     1.078580E-25
373.3083     7.088400E-26
373.4146     9.764350E-26
373.5209     9.544600E-26
373.6272     9.127800E-26
373.7335     1.054530E-25
373.8398     7.948900E-26
373.9461     6.786800E-26
374.0524     7.763650E-26
374.1587     1.052475E-25
374.2650     5.346350E-26
374.3713     4.472425E-26
374.4776     5.292950E-26
374.5839     8.126150E-26
374.6902     6.377850E-26
374.7965     8.761050E-26
374.9028     7.377400E-26
375.0091     8.597500E-26
375.1154     7.252200E-26
375.2217     4.177835E-26
375.3280     4.726795E-26
375.4343     4.507805E-26
375.5406     7.230000E-26
375.6469     6.675600E-26
375.7532     9.085900E-26
375.8595     6.852700E-26
375.9659     2.196310E-26
376.0722     7.195450E-26
376.1785     1.035360E-25
376.2848     6.759500E-26
376.3911     7.470600E-26
376.4974     6.689800E-26
376.6037     6.701050E-26
376.7100     4.276795E-26
376.8163     8.454000E-26
376.9226     6.708150E-26
377.0290     1.394465E-26
377.1353     4.069050E-26
377.2416     7.452700E-26
377.3479     8.386350E-26
377.4542     7.323650E-26
377.5605     1.000710E-25
377.6669     1.150300E-25
377.7732     8.076700E-26
377.8795     4.963130E-26
377.9858     8.375450E-26
378.0922     7.880300E-26
378.1985     9.675050E-26
378.3048     7.761100E-26
378.4112     7.218800E-26
378.5175     6.350150E-26
378.6238     5.710950E-26
378.7302     4.164960E-26
378.8365     5.924200E-26
378.9428     5.291800E-26
379.0492     4.682090E-26
379.1555     7.350850E-26
379.2619     7.666200E-26
379.3682     3.449365E-26
379.4746     1.304305E-26
379.5809     2.881285E-26
379.6872     6.573950E-27
379.7936     4.118245E-26
379.9000     5.074300E-26
380.0063     3.546125E-26
380.1127     3.669530E-26
380.2190     6.954750E-26
380.3254     1.033630E-25
380.4318     5.430250E-26
380.5381     7.309550E-26
380.6445     3.552685E-26
380.7509     6.918450E-26
380.8572     8.046100E-26
380.9636     4.490170E-26
381.0700     4.243185E-26
381.1764     5.745300E-26
381.2827     8.454900E-26
381.3891     3.860565E-26
381.4955     1.423435E-26
381.6019     1.347755E-26
381.7083     3.396215E-26
381.8147     6.054100E-26
381.9211     3.515005E-26
382.0275     1.781670E-26
382.1339     4.856850E-26
382.2403     5.300200E-26
382.3467     5.148050E-26
382.4531     7.075850E-26
382.5595     5.513100E-26
382.6659     3.978525E-26
382.7723     3.779065E-26
382.8787     7.609150E-26
382.9851     4.467310E-26
383.0916     2.607965E-26
383.1980     5.442350E-26
383.3044     3.846585E-26
383.4108     5.441000E-27
383.5173     5.509200E-26
383.6237     3.518880E-26
383.7301     7.139200E-26
383.8366     5.728900E-26
383.9430     5.548100E-26
384.0495     5.245650E-26
384.1559     4.537590E-26
384.2623     3.890110E-26
384.3688     9.393700E-27
384.4753     2.767585E-26
384.5817     1.618775E-26
384.6882     4.170370E-26
384.7946     3.709390E-26
384.9011     5.284050E-26
385.0076     4.249125E-26
385.1140     4.450140E-26
385.2205     8.269700E-26
385.3270     7.384700E-26
385.4334     1.502945E-26
385.5399     1.335175E-26
385.6464    -2.042670E-27
385.7529     6.655500E-26
385.8594     3.410250E-26
385.9659     2.681960E-26
386.0724     5.234100E-26
386.1789     3.495630E-26
386.2854     1.512690E-26
386.3919     8.946450E-26
386.4984     6.616900E-26
386.6049     1.001915E-25
386.7114     7.064850E-26
386.8179     5.532750E-26
386.9244     4.225015E-26
387.0309     4.467335E-26
387.1374     4.032330E-26
387.2440     6.886700E-26
387.3505     6.557750E-26
387.4570     3.186640E-26
387.5636     2.814205E-26
387.6701     6.305500E-26
387.7766     3.545505E-26
387.8832     3.115615E-26
387.9897     4.714080E-26
388.0963     4.667305E-26
388.2028     6.174350E-26
388.3093     6.866250E-26
388.4159     6.524550E-26
388.5225     3.200580E-26
388.6290     2.357560E-26
388.7356     1.490170E-26
388.8421     4.671620E-26
388.9487     4.203215E-26
389.0553     1.271185E-26
