  4.13    4.72e-19
  4.51    6.69e-19
  4.86    5.27e-19
  5.28    6.69e-19
  5.77    8.01e-19
  6.36    9.00e-19
  7.08    1.16e-18
  8.00    1.44e-18
  9.18    2.03e-18
 10.80    2.82e-18
 13.10    4.16e-18
 16.50    6.76e-18
 16.80    6.96e-18
 17.00    7.12e-18
 17.20    7.29e-18
 17.50    7.46e-18
 17.70    7.72e-18
 18.00    7.92e-18
 18.20    8.06e-18
 18.50    8.32e-18
 18.80    8.44e-18
 19.10    8.67e-18
 19.40    8.90e-18
 19.70    9.11e-18
 20.00    9.39e-18
 20.30    9.63e-18
 20.70    9.82e-18
 21.00    1.01e-17
 21.40    1.03e-17
 21.80    1.06e-17
 22.10    1.09e-17
 22.50    1.14e-17
 23.00    1.17e-17
 23.40    1.20e-17
 23.80    1.24e-17
 24.30    1.28e-17
 24.80    1.33e-17
 25.30    1.36e-17
 25.80    1.42e-17
 26.40    1.47e-17
 27.00    1.51e-17
 27.60    1.55e-17
 28.20    1.60e-17
 28.80    1.64e-17
 29.50    1.67e-17
 30.20    1.70e-17
 31.00    1.72e-17
 31.80    1.73e-17
 32.60    1.74e-17
 33.50    1.76e-17
 34.40    1.78e-17
 35.40    1.81e-17
 36.50    1.83e-17
 37.60    1.87e-17
 38.80    1.92e-17
 40.00    1.95e-17
 41.30    2.01e-17
 42.80    2.04e-17
 44.30    2.08e-17
 45.90    2.13e-17
 47.70    2.21e-17
 49.60    2.31e-17
 51.70    2.40e-17
 53.90    2.48e-17
 56.40    2.52e-17
 59.00    2.47e-17
 62.00    2.57e-17
 65.30    2.41e-17
 68.90    2.33e-17
 72.90    2.53e-17
 77.50    2.33e-17
 82.70    2.02e-17
 88.60    1.01e-17
 95.40    9.22e-18
103.00    4.30e-18
113.00    1.03e-18
124.00    1.58e-18
138.00    6.76e-18
155.00    8.52e-18
177.00    1.79e-18
207.00    6.59e-20
248.00    1.01e-18
