234.0265     6.625976E-24
234.1574     6.572236E-24
234.2882     6.524756E-24
234.4189     6.468455E-24
234.5496     6.471626E-24
234.6802     6.464065E-24
234.8108     6.384350E-24
234.9413     6.348699E-24
235.0718     6.307724E-24
235.2022     6.293780E-24
235.3325     6.214065E-24
235.4628     6.180854E-24
235.5930     6.146667E-24
235.7232     6.134797E-24
235.8533     6.086707E-24
235.9833     6.051138E-24
236.1133     6.065244E-24
236.2433     6.039065E-24
236.3731     5.981016E-24
236.5029     5.933537E-24
236.6327     5.889959E-24
236.7624     5.854268E-24
236.8920     5.814106E-24
237.0216     5.784797E-24
237.1511     5.751301E-24
237.2806     5.708862E-24
237.4100     5.659634E-24
237.5393     5.581626E-24
237.6686     5.548455E-24
237.7978     5.514472E-24
237.9270     5.486707E-24
238.0561     5.425081E-24
238.1851     5.401057E-24
238.3141     5.364878E-24
238.4430     5.299959E-24
238.5719     5.277805E-24
238.7006     5.213455E-24
238.8294     5.187195E-24
238.9581     5.155366E-24
239.0867     5.097073E-24
239.2152     5.052642E-24
239.3437     5.049106E-24
239.4721     4.992602E-24
239.6005     4.983008E-24
239.7288     4.927195E-24
239.8570     4.894228E-24
239.9852     4.870244E-24
240.1133     4.830122E-24
240.2414     4.789065E-24
240.3694     4.731382E-24
240.4973     4.718740E-24
240.6252     4.654797E-24
240.7530     4.636057E-24
240.8808     4.598496E-24
241.0084     4.555976E-24
241.1361     4.523577E-24
241.2636     4.471301E-24
241.3911     4.457764E-24
241.5185     4.425569E-24
241.6459     4.390488E-24
241.7732     4.356870E-24
241.9005     4.290854E-24
242.0277     4.305407E-24
242.1548     4.287276E-24
242.2818     4.230772E-24
242.4088     4.196667E-24
242.5358     4.123577E-24
242.6626     4.032276E-24
242.7894     3.982187E-24
242.9162     4.076423E-24
243.0429     4.266585E-24
243.1695     4.283415E-24
243.2960     4.113455E-24
243.4225     3.942232E-24
243.5489     3.753561E-24
243.6753     3.624053E-24
243.8016     3.541366E-24
243.9278     3.563980E-24
244.0540     3.585785E-24
244.1801     3.537907E-24
244.3062     3.840252E-24
244.4322     4.180041E-24
244.5581     4.171463E-24
244.6839     4.024581E-24
244.8097     3.797728E-24
244.9355     3.587707E-24
245.0611     3.426951E-24
245.1867     3.316943E-24
245.3123     3.261984E-24
245.4377     3.187317E-24
245.5632     3.226183E-24
245.6885     3.172476E-24
245.8138     3.169996E-24
245.9390     3.162850E-24
246.0642     3.059886E-24
246.1893     3.106033E-24
246.3143     3.478179E-24
246.4393     3.943358E-24
246.5642     4.007411E-24
246.6890     3.788748E-24
246.8138     3.500195E-24
246.9385     3.294927E-24
247.0632     3.130736E-24
247.1878     3.062325E-24
247.3123     2.993402E-24
247.4367     2.944467E-24
247.5611     2.905622E-24
247.6855     2.793837E-24
247.8098     2.786671E-24
247.9340     2.711837E-24
248.0581     2.739191E-24
248.1822     2.802984E-24
248.3062     2.728801E-24
248.4302     2.653102E-24
248.5541     2.645232E-24
248.6779     2.649943E-24
248.8017     2.841081E-24
248.9254     3.431346E-24
249.0490     3.743720E-24
249.1726     3.535862E-24
249.2961     3.250894E-24
249.4196     3.090919E-24
249.5430     2.963874E-24
249.6663     2.901573E-24
249.7896     2.846878E-24
249.9128     2.736484E-24
250.0359     2.667419E-24
250.1590     2.488272E-24
250.2820     2.429463E-24
250.4050     2.327126E-24
250.5279     2.258394E-24
250.6507     2.291492E-24
250.7735     2.294215E-24
250.8962     2.345573E-24
251.0189     2.412191E-24
251.1414     2.370333E-24
251.2640     2.329862E-24
251.3864     2.325581E-24
251.5088     2.354866E-24
251.6312     2.410561E-24
251.7535     2.497789E-24
251.8757     2.734252E-24
251.9978     3.104528E-24
252.1199     3.184280E-24
252.2420     2.985415E-24
252.3639     2.789939E-24
252.4858     2.688049E-24
252.6077     2.614967E-24
252.7295     2.550492E-24
252.8512     2.448805E-24
252.9729     2.374589E-24
253.0945     2.249024E-24
253.2160     2.141154E-24
253.3375     2.102549E-24
253.4590     2.003667E-24
253.5803     1.981947E-24
253.7016     1.967472E-24
253.8229     1.929276E-24
253.9441     1.966362E-24
254.0652     2.045606E-24
254.1863     2.099984E-24
254.3073     2.133760E-24
254.4282     2.116785E-24
254.5491     2.067191E-24
254.6699     2.041911E-24
254.7907     2.042126E-24
254.9114     2.076354E-24
255.0321     2.117228E-24
255.1527     2.153114E-24
255.2732     2.169114E-24
255.3937     2.317224E-24
255.5141     2.575585E-24
255.6345     2.604386E-24
255.7548     2.491195E-24
255.8750     2.384215E-24
255.9952     2.329585E-24
256.1153     2.282386E-24
256.2354     2.202585E-24
256.3554     2.097476E-24
256.4754     2.029012E-24
256.5953     1.931459E-24
256.7151     1.875354E-24
256.8349     1.862740E-24
256.9546     1.795602E-24
257.0743     1.789675E-24
257.1939     1.744069E-24
257.3135     1.704386E-24
257.4330     1.713118E-24
257.5524     1.708504E-24
257.6718     1.695988E-24
257.7911     1.739866E-24
257.9104     1.784821E-24
258.0296     1.811980E-24
258.1488     1.799691E-24
258.2679     1.795118E-24
258.3869     1.786102E-24
258.5059     1.785374E-24
258.6249     1.803488E-24
258.7438     1.833077E-24
258.8626     1.862089E-24
258.9814     1.864203E-24
259.1001     1.844411E-24
259.2188     1.823240E-24
259.3374     1.918907E-24
259.4559     2.088057E-24
259.5745     2.110443E-24
259.6929     2.051199E-24
259.8113     1.992927E-24
259.9296     1.978650E-24
260.0479     1.921268E-24
260.1662     1.887711E-24
260.2844     1.803549E-24
260.4025     1.756854E-24
260.5206     1.696630E-24
260.6386     1.664106E-24
260.7566     1.633911E-24
260.8745     1.573329E-24
260.9924     1.553037E-24
261.1102     1.515472E-24
261.2279     1.492041E-24
261.3457     1.486341E-24
261.4633     1.463927E-24
261.5809     1.452394E-24
261.6985     1.460951E-24
261.8160     1.476203E-24
261.9334     1.496923E-24
262.0509     1.528224E-24
262.1682     1.562252E-24
262.2855     1.552931E-24
262.4028     1.550679E-24
262.5200     1.537085E-24
262.6371     1.544130E-24
262.7542     1.533329E-24
262.8713     1.550207E-24
262.9883     1.563789E-24
263.1052     1.569370E-24
263.2221     1.562028E-24
263.3390     1.540382E-24
263.4558     1.535927E-24
263.5726     1.537004E-24
263.6893     1.582858E-24
263.8059     1.680215E-24
263.9226     1.720272E-24
264.0391     1.696264E-24
264.1556     1.660305E-24
264.2721     1.629675E-24
264.3885     1.581390E-24
264.5049     1.536963E-24
264.6212     1.491866E-24
264.7375     1.458768E-24
264.8538     1.420545E-24
264.9699     1.384252E-24
265.0861     1.364825E-24
265.2022     1.335663E-24
265.3182     1.323386E-24
265.4342     1.320065E-24
265.5502     1.303951E-24
265.6661     1.302297E-24
265.7820     1.297232E-24
265.8978     1.284963E-24
266.0136     1.283902E-24
266.1293     1.276386E-24
266.2450     1.275199E-24
266.3606     1.272313E-24
266.4762     1.289012E-24
266.5918     1.302504E-24
266.7073     1.307874E-24
266.8228     1.306370E-24
266.9382     1.298569E-24
267.0536     1.287516E-24
267.1689     1.288260E-24
267.2842     1.297646E-24
267.3994     1.308004E-24
267.5146     1.313411E-24
267.6298     1.334671E-24
267.7449     1.325415E-24
267.8600     1.314736E-24
267.9750     1.296573E-24
268.0900     1.277524E-24
268.2050     1.260508E-24
268.3199     1.238203E-24
268.4348     1.244967E-24
268.5496     1.295451E-24
268.6644     1.324833E-24
268.7792     1.315858E-24
268.8939     1.296951E-24
269.0085     1.263142E-24
269.1232     1.238833E-24
269.2378     1.218435E-24
269.3523     1.202541E-24
269.4668     1.178232E-24
269.5813     1.179642E-24
269.6957     1.162736E-24
269.8101     1.147260E-24
269.9245     1.132500E-24
270.0388     1.117512E-24
270.1531     1.116394E-24
270.2673     1.103411E-24
270.3815     1.087756E-24
270.4957     1.082423E-24
270.6098     1.072463E-24
270.7239     1.066533E-24
270.8379     1.065126E-24
270.9519     1.054638E-24
271.0659     1.055740E-24
271.1799     1.052732E-24
271.2938     1.054699E-24
271.4076     1.056671E-24
271.5215     1.059114E-24
271.6353     1.073386E-24
271.7490     1.075663E-24
271.8628     1.076114E-24
271.9764     1.064220E-24
272.0901     1.050447E-24
272.2037     1.040439E-24
272.3173     1.035130E-24
272.4309     1.027236E-24
272.5444     1.029829E-24
272.6579     1.022472E-24
272.7713     1.023480E-24
272.8847     1.024638E-24
272.9981     1.013012E-24
273.1115     1.007252E-24
273.2248     9.986626E-25
273.3381     9.885772E-25
273.4513     9.837276E-25
273.5645     9.741504E-25
273.6777     9.788252E-25
273.7909     9.953496E-25
273.9040     9.940081E-25
274.0171     9.914309E-25
274.1301     9.762520E-25
274.2431     9.626016E-25
274.3561     9.491057E-25
274.4691     9.347073E-25
274.5820     9.281748E-25
274.6949     9.194919E-25
274.8078     9.159268E-25
274.9207     9.077520E-25
275.0335     9.025772E-25
275.1462     8.979797E-25
275.2590     8.968333E-25
275.3717     8.906220E-25
275.4844     8.820569E-25
275.5971     8.697561E-25
275.7097     8.628577E-25
275.8223     8.563211E-25
275.9349     8.576545E-25
276.0474     8.527358E-25
276.1600     8.579065E-25
276.2725     8.571179E-25
276.3849     8.498130E-25
276.4974     8.415569E-25
276.6098     8.397398E-25
276.7222     8.313049E-25
276.8345     8.269309E-25
276.9468     8.225244E-25
277.0591     8.259187E-25
277.1714     8.267520E-25
277.2837     8.194431E-25
277.3959     8.180772E-25
277.5081     8.078862E-25
277.6203     8.081341E-25
277.7324     7.981057E-25
277.8445     7.916260E-25
277.9566     7.894350E-25
278.0687     7.887642E-25
278.1807     7.813740E-25
278.2928     7.864065E-25
278.4048     7.766585E-25
278.5167     7.696301E-25
278.6287     7.673496E-25
278.7406     7.658577E-25
278.8525     7.620610E-25
278.9644     7.589553E-25
279.0762     7.543984E-25
279.1881     7.484228E-25
279.2999     7.489390E-25
279.4117     7.434715E-25
279.5234     7.498008E-25
279.6352     7.489553E-25
279.7469     7.447236E-25
279.8586     7.390366E-25
279.9703     7.298049E-25
280.0819     7.273577E-25
280.1935     7.225854E-25
280.3052     7.139756E-25
280.4167     7.044350E-25
280.5283     7.001301E-25
280.6399     6.943089E-25
280.7514     6.948293E-25
280.8629     6.863171E-25
280.9744     6.814797E-25
281.0858     6.804512E-25
281.1973     6.773699E-25
281.3087     6.764797E-25
281.4201     6.655325E-25
281.5315     6.590976E-25
281.6429     6.467276E-25
281.7542     6.409959E-25
281.8656     6.350610E-25
281.9769     6.297398E-25
282.0882     6.287114E-25
282.1994     6.210935E-25
282.3107     6.181260E-25
282.4219     6.131829E-25
282.5331     6.060488E-25
282.6443     6.025488E-25
282.7555     6.023984E-25
282.8667     5.961301E-25
282.9778     5.936220E-25
283.0890     5.893171E-25
283.2001     5.847967E-25
283.3112     5.841463E-25
283.4223     5.791992E-25
283.5333     5.796220E-25
283.6444     5.732886E-25
283.7554     5.645610E-25
283.8664     5.618902E-25
283.9774     5.564756E-25
284.0884     5.529878E-25
284.1994     5.452805E-25
284.3104     5.419837E-25
284.4213     5.387927E-25
284.5322     5.408902E-25
284.6431     5.389472E-25
284.7540     5.329837E-25
284.8649     5.293496E-25
284.9758     5.295650E-25
285.0866     5.218699E-25
285.1975     5.247764E-25
285.3083     5.174593E-25
285.4191     5.164512E-25
285.5299     5.176626E-25
285.6407     5.195244E-25
285.7515     5.141098E-25
285.8622     5.088496E-25
285.9730     5.092764E-25
286.0837     5.039268E-25
286.1944     5.057236E-25
286.3051     5.027846E-25
286.4158     4.992154E-25
286.5265     4.937561E-25
286.6372     4.972317E-25
286.7478     4.944472E-25
286.8585     4.927805E-25
286.9691     4.881829E-25
287.0797     4.924634E-25
287.1903     4.867724E-25
287.3009     4.869553E-25
287.4115     4.902398E-25
287.5221     4.839106E-25
287.6327     4.859634E-25
287.7432     4.845244E-25
287.8538     4.875650E-25
287.9643     4.874715E-25
288.0748     4.858008E-25
288.1853     4.918171E-25
288.2958     4.957805E-25
288.4063     5.010854E-25
288.5168     5.043415E-25
288.6273     5.171301E-25
288.7377     5.300285E-25
288.8482     5.322846E-25
288.9586     5.289878E-25
289.0691     5.313374E-25
289.1795     5.261992E-25
289.2899     5.286870E-25
289.4003     5.321545E-25
289.5107     5.310813E-25
289.6211     5.260000E-25
289.7315     5.251260E-25
289.8419     5.245163E-25
289.9522     5.190813E-25
290.0626     5.179472E-25
290.1729     5.172642E-25
290.2833     5.192967E-25
290.3936     5.154756E-25
290.5039     5.215976E-25
290.6142     5.147683E-25
290.7245     5.122033E-25
290.8348     5.086220E-25
290.9451     5.066626E-25
291.0554     4.993943E-25
291.1657     4.965203E-25
291.2760     4.978211E-25
291.3862     4.977317E-25
291.4965     5.011870E-25
291.6067     4.965407E-25
291.7170     4.912236E-25
291.8272     4.921179E-25
291.9374     4.912439E-25
292.0476     4.922846E-25
292.1579     4.846301E-25
292.2681     4.923130E-25
292.3783     4.855285E-25
292.4885     4.851911E-25
292.5987     4.808740E-25
292.7088     4.874837E-25
292.8190     4.861992E-25
292.9292     4.797439E-25
293.0393     4.813049E-25
293.1495     4.808130E-25
293.2597     4.747317E-25
293.3698     4.740935E-25
293.4800     4.695610E-25
293.5901     4.688537E-25
293.7002     4.694675E-25
293.8103     4.662398E-25
293.9205     4.702642E-25
294.0306     4.688902E-25
294.1407     4.662846E-25
294.2508     4.666016E-25
294.3609     4.686789E-25
294.4710     4.686626E-25
294.5811     4.645325E-25
294.6912     4.639350E-25
294.8013     4.679675E-25
294.9113     4.648618E-25
295.0214     4.614756E-25
295.1315     4.595285E-25
295.2415     4.580366E-25
295.3516     4.587724E-25
295.4616     4.640447E-25
295.5717     4.604065E-25
295.6817     4.596179E-25
295.7918     4.626504E-25
295.9018     4.585691E-25
296.0118     4.635528E-25
296.1219     4.625854E-25
296.2319     4.572480E-25
296.3419     4.587236E-25
296.4519     4.578293E-25
296.5619     4.630854E-25
296.6719     4.632358E-25
296.7819     4.579837E-25
296.8919     4.590366E-25
297.0019     4.588171E-25
297.1119     4.597317E-25
297.2219     4.539024E-25
297.3319     4.549268E-25
297.4419     4.564309E-25
297.5518     4.484431E-25
297.6618     4.546585E-25
297.7718     4.620122E-25
297.8817     4.540285E-25
297.9917     4.505610E-25
298.1016     4.524309E-25
298.2116     4.497724E-25
298.3215     4.514106E-25
298.4315     4.504187E-25
298.5414     4.488537E-25
298.6513     4.470244E-25
298.7613     4.458049E-25
298.8712     4.441626E-25
298.9811     4.406260E-25
299.0910     4.451504E-25
299.2010     4.497439E-25
299.3109     4.449553E-25
299.4208     4.471016E-25
299.5307     4.396707E-25
299.6406     4.422358E-25
299.7505     4.411789E-25
299.8604     4.398537E-25
299.9703     4.372480E-25
300.0801     4.334756E-25
300.1900     4.395163E-25
300.2999     4.410041E-25
300.4098     4.386016E-25
300.5196     4.369350E-25
300.6295     4.379634E-25
300.7393     4.390000E-25
300.8492     4.387967E-25
300.9591     4.363577E-25
301.0689     4.333496E-25
301.1787     4.289350E-25
301.2886     4.269350E-25
301.3984     4.328902E-25
301.5082     4.313943E-25
301.6181     4.288252E-25
301.7279     4.378862E-25
301.8377     4.348211E-25
301.9475     4.343049E-25
302.0573     4.334187E-25
302.1671     4.324472E-25
302.2769     4.331098E-25
302.3867     4.322398E-25
302.4965     4.354837E-25
302.6063     4.327398E-25
302.7160     4.359837E-25
302.8258     4.366748E-25
302.9356     4.360000E-25
303.0453     4.325854E-25
303.1551     4.310122E-25
303.2648     4.322480E-25
303.3746     4.304512E-25
303.4843     4.306098E-25
303.5940     4.341992E-25
303.7038     4.301829E-25
303.8135     4.339756E-25
303.9232     4.267927E-25
304.0329     4.257846E-25
304.1426     4.348618E-25
304.2523     4.343740E-25
304.3620     4.355447E-25
304.4717     4.305122E-25
304.5814     4.361016E-25
304.6910     4.338902E-25
304.8007     4.347439E-25
304.9104     4.353862E-25
305.0200     4.315650E-25
305.1296     4.329106E-25
305.2393     4.269106E-25
305.3489     4.268740E-25
305.4585     4.322724E-25
305.5681     4.306911E-25
305.6777     4.295854E-25
305.7873     4.319512E-25
305.8969     4.345366E-25
306.0065     4.306463E-25
306.1161     4.315650E-25
306.2257     4.369756E-25
306.3352     4.364634E-25
306.4448     4.330081E-25
306.5543     4.366911E-25
306.6638     4.377033E-25
306.7734     4.322967E-25
306.8829     4.331789E-25
306.9924     4.342642E-25
307.1019     4.361667E-25
307.2114     4.325122E-25
307.3208     4.316707E-25
307.4303     4.300976E-25
307.5398     4.298984E-25
307.6492     4.365732E-25
307.7586     4.336707E-25
307.8681     4.306829E-25
307.9775     4.351992E-25
308.0869     4.312033E-25
308.1963     4.319593E-25
308.3056     4.361504E-25
308.4150     4.281179E-25
308.5244     4.296545E-25
308.6337     4.321016E-25
308.7431     4.350488E-25
308.8524     4.272764E-25
308.9617     4.305366E-25
309.0710     4.312561E-25
309.1803     4.280772E-25
309.2895     4.279959E-25
309.3988     4.235732E-25
309.5081     4.258943E-25
309.6173     4.286260E-25
309.7265     4.273943E-25
309.8357     4.312683E-25
309.9449     4.292927E-25
309.9907     3.895854E-25
310.1057     3.858285E-25
310.2208     3.926902E-25
310.3359     3.899374E-25
310.4509     3.834911E-25
310.5659     3.784439E-25
310.6809     3.841089E-25
310.7958     3.873715E-25
310.9108     3.882098E-25
311.0257     3.784110E-25
311.1406     3.836057E-25
311.2555     3.796634E-25
311.3704     3.838037E-25
311.4852     3.802374E-25
311.6001     3.869061E-25
311.7149     3.855858E-25
311.8297     3.896390E-25
311.9444     3.841447E-25
312.0592     3.938118E-25
312.1739     3.860195E-25
312.2886     3.825045E-25
312.4033     3.807988E-25
312.5180     3.906407E-25
312.6326     3.838931E-25
312.7472     3.881382E-25
312.8619     3.845581E-25
312.9764     3.830276E-25
313.0910     3.832622E-25
313.2055     3.864764E-25
313.3201     3.811467E-25
313.4346     3.807061E-25
313.5491     3.822264E-25
313.6635     3.874411E-25
313.7780     3.824549E-25
313.8924     3.864110E-25
314.0068     3.858370E-25
314.1211     3.924159E-25
314.2355     3.865220E-25
314.3498     3.881728E-25
314.4641     3.906008E-25
314.5784     3.881081E-25
314.6927     3.929561E-25
314.8069     3.966207E-25
314.9212     3.898455E-25
315.0354     4.019398E-25
315.1496     4.001923E-25
315.2637     4.051654E-25
315.3779     4.001976E-25
315.4920     4.053004E-25
315.6061     4.027154E-25
315.7202     4.047350E-25
315.8342     4.046630E-25
315.9482     4.018524E-25
316.0622     4.055264E-25
316.1762     4.059561E-25
316.2902     4.072276E-25
316.4041     4.022728E-25
316.5181     3.962984E-25
316.6320     4.077195E-25
316.7458     4.058398E-25
316.8597     4.100813E-25
316.9735     4.003175E-25
317.0873     4.061703E-25
317.2011     4.068902E-25
317.3149     4.106504E-25
317.4286     3.971801E-25
317.5424     4.072276E-25
317.6561     4.070528E-25
317.7697     4.056504E-25
317.8834     4.060780E-25
317.9970     4.059841E-25
318.1106     4.024833E-25
318.2242     4.044882E-25
318.3378     4.053122E-25
318.4513     4.071098E-25
318.5649     4.042329E-25
318.6784     4.097195E-25
318.7918     4.059386E-25
318.9053     4.017919E-25
319.0187     4.000195E-25
319.1321     4.056350E-25
319.2455     3.977589E-25
319.3589     4.107520E-25
319.4722     4.049988E-25
319.5855     4.071016E-25
319.6988     4.067154E-25
319.8121     4.052650E-25
319.9253     4.064199E-25
320.0386     4.096057E-25
320.1518     4.052947E-25
320.2650     4.063557E-25
320.3781     4.052362E-25
320.4912     4.062813E-25
320.6044     4.125285E-25
320.7174     4.071301E-25
320.8305     4.059122E-25
320.9436     4.096789E-25
321.0566     4.017463E-25
321.1696     4.049793E-25
321.2825     4.071260E-25
321.3955     4.128415E-25
321.5084     4.065285E-25
321.6213     4.091626E-25
321.7342     4.043236E-25
321.8471     4.048321E-25
321.9599     4.045337E-25
322.0727     4.025720E-25
322.1855     4.062187E-25
322.2983     4.037240E-25
322.4110     4.056740E-25
322.5237     4.069837E-25
322.6364     3.985463E-25
322.7491     3.985301E-25
322.8618     4.020955E-25
322.9744     4.034305E-25
323.0870     3.989780E-25
323.1996     3.997264E-25
323.3121     4.027191E-25
323.4247     4.019268E-25
323.5372     4.062614E-25
323.6497     4.082764E-25
323.7621     3.986020E-25
323.8746     4.010699E-25
323.9870     4.083089E-25
324.0994     4.070528E-25
324.2118     4.072073E-25
324.3241     4.045988E-25
324.4365     4.056760E-25
324.5488     4.046850E-25
324.6610     4.038841E-25
324.7733     4.030785E-25
324.8855     4.018138E-25
324.9978     4.044370E-25
325.1099     4.038382E-25
325.2221     4.082886E-25
325.3343     4.055337E-25
325.4464     3.990565E-25
325.5585     4.004309E-25
325.6705     4.075772E-25
325.7826     4.048122E-25
325.8946     4.021053E-25
326.0066     4.001508E-25
326.1186     3.979967E-25
326.2306     4.022167E-25
326.3425     4.018780E-25
326.4544     4.034199E-25
326.5663     4.002622E-25
326.6782     4.008797E-25
326.7900     3.998512E-25
326.9018     3.983508E-25
327.0136     4.026756E-25
327.1254     4.071504E-25
327.2372     4.069512E-25
327.3489     3.934126E-25
327.4606     4.027695E-25
327.5723     4.010093E-25
327.6840     4.118780E-25
327.7956     4.005919E-25
327.9072     4.017463E-25
328.0188     4.007740E-25
328.1304     4.021789E-25
328.2419     4.000528E-25
328.3534     4.019890E-25
328.4649     3.979008E-25
328.5764     3.984817E-25
328.6879     4.053215E-25
328.7993     4.049992E-25
328.9107     3.975130E-25
329.0221     4.045098E-25
329.1335     4.031382E-25
329.2448     3.993894E-25
329.3561     3.990309E-25
329.4674     4.018846E-25
329.5787     4.052325E-25
329.6900     4.046033E-25
329.8012     3.949301E-25
329.9124     4.065122E-25
330.0236     4.041939E-25
330.1348     4.040890E-25
330.2459     4.049524E-25
330.3570     4.027354E-25
330.4681     3.964837E-25
330.5792     4.032028E-25
330.6902     4.031431E-25
330.8013     4.005919E-25
330.9123     3.945199E-25
331.0232     3.981963E-25
331.1342     3.919752E-25
331.2451     3.998589E-25
331.3561     4.012825E-25
331.4670     3.983837E-25
331.5778     3.953346E-25
331.6887     3.990866E-25
331.7995     3.990102E-25
331.9103     4.011573E-25
332.0211     3.965321E-25
332.1319     3.956236E-25
332.2426     4.009093E-25
332.3533     3.986707E-25
332.4640     3.964813E-25
332.5747     3.988431E-25
332.6853     3.968687E-25
332.7960     3.968654E-25
332.9066     3.949740E-25
333.0172     3.953959E-25
333.1277     3.884488E-25
333.2383     3.930488E-25
333.3488     3.934407E-25
333.4593     3.929565E-25
333.5698     3.958850E-25
333.6802     3.930520E-25
333.7907     3.940813E-25
333.9011     3.988016E-25
334.0115     3.954337E-25
334.1219     3.937622E-25
334.2322     3.947276E-25
334.3425     3.918260E-25
334.4529     3.934045E-25
334.5631     3.919358E-25
334.6734     3.895467E-25
334.7836     3.876614E-25
334.8939     3.953163E-25
335.0041     3.901687E-25
335.1143     3.923394E-25
335.2244     3.912890E-25
335.3346     3.901285E-25
335.4447     3.892943E-25
335.5548     3.805585E-25
335.6648     3.883894E-25
335.7749     3.868000E-25
335.8849     3.885337E-25
335.9949     3.881358E-25
336.1049     3.917146E-25
336.2149     3.868321E-25
336.3249     3.978106E-25
336.4348     3.968902E-25
336.5447     3.935346E-25
336.6546     3.857301E-25
336.7645     3.888000E-25
336.8743     3.897923E-25
336.9841     3.978886E-25
337.0940     3.886159E-25
337.2037     3.867585E-25
337.3135     3.873179E-25
337.4233     3.834915E-25
337.5330     3.834634E-25
337.6427     3.861602E-25
337.7524     3.817866E-25
337.8620     3.849118E-25
337.9717     3.886398E-25
338.0813     3.857654E-25
338.1909     3.843435E-25
338.3005     3.882033E-25
338.4101     3.843553E-25
338.5196     3.830256E-25
338.6292     3.828967E-25
338.7387     3.872789E-25
338.8482     3.850882E-25
338.9576     3.903329E-25
339.0671     3.801012E-25
339.1765     3.823549E-25
339.2859     3.797199E-25
339.3953     3.784463E-25
339.5047     3.740439E-25
339.6140     3.818252E-25
339.7234     3.821898E-25
339.8327     3.860073E-25
339.9420     3.852764E-25
340.0512     3.824439E-25
340.1605     3.725911E-25
340.2697     3.823154E-25
340.3790     3.741768E-25
340.4882     3.737394E-25
340.5973     3.758073E-25
340.7065     3.703524E-25
340.8156     3.770301E-25
340.9248     3.740821E-25
341.0339     3.690248E-25
341.1430     3.729167E-25
341.2520     3.687285E-25
341.3611     3.705638E-25
341.4701     3.685780E-25
341.5791     3.789508E-25
341.6881     3.731752E-25
341.7971     3.681915E-25
341.9061     3.723480E-25
342.0150     3.734268E-25
342.1239     3.681557E-25
342.2328     3.686772E-25
342.3417     3.733451E-25
342.4506     3.654191E-25
342.5594     3.640407E-25
342.6683     3.758472E-25
342.7771     3.744630E-25
342.8859     3.805484E-25
342.9947     3.802467E-25
343.1034     3.727740E-25
343.2122     3.725167E-25
343.3209     3.740203E-25
343.4296     3.703728E-25
343.5383     3.681431E-25
343.6470     3.666033E-25
343.7556     3.680667E-25
343.8643     3.669630E-25
343.9729     3.703606E-25
344.0815     3.732439E-25
344.1901     3.718045E-25
344.2987     3.698931E-25
344.4072     3.679976E-25
344.5158     3.736760E-25
344.6243     3.683215E-25
344.7328     3.586057E-25
344.8413     3.680236E-25
344.9498     3.560280E-25
345.0582     3.637764E-25
345.1666     3.547862E-25
345.2751     3.607150E-25
345.3835     3.482366E-25
345.4919     3.584102E-25
345.6002     3.587256E-25
345.7086     3.547642E-25
345.8169     3.552053E-25
345.9253     3.498484E-25
346.0336     3.528350E-25
346.1419     3.561959E-25
346.2501     3.455528E-25
346.3584     3.477520E-25
346.4666     3.515671E-25
346.5749     3.510443E-25
346.6831     3.455012E-25
346.7913     3.474984E-25
346.8995     3.417439E-25
347.0076     3.413626E-25
347.1158     3.453659E-25
347.2239     3.428772E-25
347.3320     3.424988E-25
347.4401     3.484065E-25
347.5482     3.401898E-25
347.6563     3.471325E-25
347.7644     3.469215E-25
347.8724     3.392146E-25
347.9805     3.438443E-25
348.0885     3.534085E-25
348.1965     3.481602E-25
348.3045     3.484159E-25
348.4124     3.442175E-25
348.5204     3.409260E-25
348.6283     3.416081E-25
348.7363     3.314850E-25
348.8442     3.350431E-25
348.9521     3.478386E-25
349.0599     3.326346E-25
349.1678     3.367199E-25
349.2757     3.329687E-25
349.3835     3.395016E-25
349.4913     3.224081E-25
349.5992     3.311142E-25
349.7070     3.213211E-25
349.8147     3.264183E-25
349.9225     3.349049E-25
350.0303     3.317374E-25
350.1380     3.262199E-25
350.2458     3.284183E-25
350.3535     3.200211E-25
350.4612     3.354248E-25
350.5689     3.281463E-25
350.6765     3.240711E-25
350.7842     3.186980E-25
350.8919     3.268659E-25
350.9995     3.265455E-25
351.1071     3.273122E-25
351.2147     3.206561E-25
351.3223     3.321476E-25
351.4299     3.229297E-25
351.5375     3.254829E-25
351.6451     3.225102E-25
351.7526     3.284354E-25
351.8601     3.247240E-25
351.9677     3.270878E-25
352.0752     3.275236E-25
352.1827     3.303480E-25
352.2901     3.261447E-25
352.3976     3.308187E-25
352.5051     3.221134E-25
352.6125     3.216793E-25
352.7200     3.231467E-25
352.8274     3.245407E-25
352.9348     3.212561E-25
353.0422     3.257329E-25
353.1496     3.215285E-25
353.2570     3.275744E-25
353.3643     3.191016E-25
353.4717     3.273077E-25
353.5790     3.259191E-25
353.6864     3.227248E-25
353.7937     3.091553E-25
353.9010     3.154512E-25
354.0083     3.174309E-25
354.1156     3.280768E-25
354.2228     3.222134E-25
354.3301     3.182789E-25
354.4374     3.129150E-25
354.5446     3.176626E-25
354.6518     3.217126E-25
354.7591     3.267565E-25
354.8663     3.219589E-25
354.9735     3.222679E-25
355.0806     3.219325E-25
355.1878     3.160110E-25
355.2950     3.160902E-25
355.4021     3.121415E-25
355.5093     3.200553E-25
355.6164     3.175878E-25
355.7236     3.219850E-25
355.8307     3.179882E-25
355.9378     3.126224E-25
356.0449     3.165715E-25
356.1520     3.119191E-25
356.2590     3.113187E-25
356.3661     3.078947E-25
356.4731     3.165134E-25
356.5802     3.126276E-25
356.6872     3.113386E-25
356.7943     3.104341E-25
356.9013     3.174382E-25
357.0083     3.159098E-25
357.1153     3.020150E-25
357.2223     3.068102E-25
357.3292     3.109626E-25
357.4362     3.019130E-25
357.5432     3.052707E-25
357.6501     2.963691E-25
357.7571     2.986976E-25
357.8640     3.113167E-25
357.9709     2.982285E-25
358.0778     3.032768E-25
358.1848     3.033126E-25
358.2917     3.063488E-25
358.3985     3.095801E-25
358.5054     3.059724E-25
358.6123     3.038789E-25
358.7192     3.047752E-25
358.8260     3.033699E-25
358.9329     3.014980E-25
359.0397     2.963959E-25
359.1465     2.968138E-25
359.2534     2.983821E-25
359.3602     2.990398E-25
359.4670     3.051931E-25
359.5738     3.008346E-25
359.6806     2.967163E-25
359.7874     3.025654E-25
359.8942     3.040659E-25
360.0009     3.036947E-25
360.1077     2.956732E-25
360.2144     2.962589E-25
360.3212     2.967321E-25
360.4279     2.955069E-25
360.5347     2.961780E-25
360.6414     2.918931E-25
360.7481     3.005057E-25
360.8548     3.015809E-25
360.9615     2.938451E-25
361.0682     2.940622E-25
361.1749     2.950382E-25
361.2816     2.969069E-25
361.3883     2.883870E-25
361.4950     2.837841E-25
361.6016     2.925252E-25
361.7083     2.829297E-25
361.8149     2.900931E-25
361.9216     2.848878E-25
362.0282     2.881187E-25
362.1348     2.756720E-25
362.2415     2.706711E-25
362.3481     2.701276E-25
362.4547     2.671382E-25
362.5613     2.719175E-25
362.6679     2.673297E-25
362.7745     2.621870E-25
362.8811     2.637033E-25
362.9877     2.568126E-25
363.0943     2.620813E-25
363.2008     2.505939E-25
363.3074     2.539833E-25
363.4140     2.483882E-25
363.5205     2.516862E-25
363.6271     2.446911E-25
363.7336     2.439760E-25
363.8402     2.390789E-25
363.9467     2.416329E-25
364.0532     2.398907E-25
364.1597     2.389398E-25
364.2663     2.364341E-25
364.3728     2.317776E-25
364.4793     2.274232E-25
364.5858     2.302110E-25
364.6923     2.333073E-25
364.7988     2.271760E-25
364.9053     2.329037E-25
365.0118     2.225146E-25
365.1183     2.226728E-25
365.2247     2.279435E-25
365.3312     2.217488E-25
365.4377     2.189598E-25
365.5441     2.224768E-25
365.6506     2.192984E-25
365.7571     2.129858E-25
365.8635     2.176488E-25
365.9700     2.135829E-25
366.0764     2.204955E-25
366.1828     2.114577E-25
366.2893     2.087366E-25
366.3957     2.119846E-25
366.5021     2.136272E-25
366.6086     2.160061E-25
366.7150     2.187150E-25
366.8214     2.119837E-25
366.9278     2.068537E-25
367.0342     2.115154E-25
367.1406     2.145138E-25
367.2470     2.173740E-25
367.3534     2.147768E-25
367.4598     2.211911E-25
367.5662     2.269744E-25
367.6726     2.183398E-25
367.7790     2.271919E-25
367.8854     2.288846E-25
367.9918     2.326028E-25
368.0982     2.396394E-25
368.2045     2.364366E-25
368.3109     2.388134E-25
368.4173     2.407045E-25
368.5236     2.481093E-25
368.6300     2.464894E-25
368.7364     2.565500E-25
368.8427     2.599159E-25
368.9491     2.630654E-25
369.0554     2.561837E-25
369.1618     2.670581E-25
369.2681     2.650439E-25
369.3745     2.580756E-25
369.4808     2.657890E-25
369.5872     2.585663E-25
369.6935     2.641939E-25
369.7999     2.609419E-25
369.9062     2.592626E-25
370.0125     2.593533E-25
370.1189     2.615699E-25
370.2252     2.604073E-25
370.3315     2.680260E-25
370.4379     2.612618E-25
370.5442     2.667341E-25
370.6505     2.575841E-25
370.7569     2.534179E-25
370.8632     2.599610E-25
370.9695     2.607553E-25
371.0758     2.617016E-25
371.1821     2.609455E-25
371.2885     2.530472E-25
371.3948     2.532585E-25
371.5011     2.472776E-25
371.6074     2.499756E-25
371.7137     2.554992E-25
371.8200     2.505301E-25
371.9263     2.531028E-25
372.0326     2.487089E-25
372.1390     2.462638E-25
372.2453     2.465780E-25
372.3516     2.514081E-25
372.4579     2.458354E-25
372.5642     2.556041E-25
372.6705     2.534642E-25
372.7768     2.517789E-25
372.8831     2.488024E-25
372.9894     2.506878E-25
373.0957     2.429744E-25
373.2020     2.356317E-25
373.3083     2.391992E-25
373.4146     2.416211E-25
373.5209     2.437602E-25
373.6272     2.480752E-25
373.7335     2.474142E-25
373.8398     2.489679E-25
373.9461     2.365537E-25
374.0524     2.447004E-25
374.1587     2.501520E-25
374.2650     2.409626E-25
374.3713     2.447325E-25
374.4776     2.442654E-25
374.5839     2.471069E-25
374.6902     2.479346E-25
374.7965     2.469276E-25
374.9028     2.429817E-25
375.0091     2.431159E-25
375.1154     2.403435E-25
375.2217     2.278203E-25
375.3280     2.395565E-25
375.4343     2.335976E-25
375.5406     2.259455E-25
375.6469     2.357533E-25
375.7532     2.401988E-25
375.8595     2.395423E-25
375.9659     2.359142E-25
376.0722     2.412500E-25
376.1785     2.415130E-25
376.2848     2.395496E-25
376.3911     2.407500E-25
376.4974     2.356805E-25
376.6037     2.421894E-25
376.7100     2.373890E-25
376.8163     2.353350E-25
376.9226     2.358272E-25
377.0290     2.336992E-25
377.1353     2.396098E-25
377.2416     2.338138E-25
377.3479     2.227049E-25
377.4542     2.331268E-25
377.5605     2.421301E-25
377.6669     2.316224E-25
377.7732     2.261862E-25
377.8795     2.323435E-25
377.9858     2.377650E-25
378.0922     2.410573E-25
378.1985     2.264805E-25
378.3048     2.287902E-25
378.4112     2.343374E-25
378.5175     2.341947E-25
378.6238     2.376024E-25
378.7302     2.361752E-25
378.8365     2.325325E-25
378.9428     2.295980E-25
379.0492     2.284285E-25
379.1555     2.302484E-25
379.2619     2.363711E-25
379.3682     2.263272E-25
379.4746     2.257366E-25
379.5809     2.276447E-25
379.6872     2.329911E-25
379.7936     2.337508E-25
379.9000     2.278776E-25
380.0063     2.269419E-25
380.1127     2.245439E-25
380.2190     2.315163E-25
380.3254     2.233602E-25
380.4318     2.291065E-25
380.5381     2.258293E-25
380.6445     2.293894E-25
380.7509     2.270671E-25
380.8572     2.265504E-25
380.9636     2.262488E-25
381.0700     2.298886E-25
381.1764     2.248033E-25
381.2827     2.285272E-25
381.3891     2.294000E-25
381.4955     2.178240E-25
381.6019     2.188423E-25
381.7083     2.123423E-25
381.8147     2.154691E-25
381.9211     2.178569E-25
382.0275     2.151354E-25
382.1339     2.129659E-25
382.2403     2.150004E-25
382.3467     2.135415E-25
382.4531     2.170809E-25
382.5595     2.069593E-25
382.6659     2.108500E-25
382.7723     2.091667E-25
382.8787     2.106630E-25
382.9851     2.031581E-25
383.0916     2.020581E-25
383.1980     2.005264E-25
383.3044     2.092443E-25
383.4108     2.067171E-25
383.5173     2.065728E-25
383.6237     1.984610E-25
383.7301     2.091407E-25
383.8366     2.091037E-25
383.9430     2.048801E-25
384.0495     2.025915E-25
384.1559     1.953081E-25
384.2623     1.971569E-25
384.3688     1.997663E-25
384.4753     1.988159E-25
384.5817     1.957715E-25
384.6882     1.943309E-25
384.7946     1.956728E-25
384.9011     1.960654E-25
385.0076     2.004785E-25
385.1140     1.997963E-25
385.2205     1.960565E-25
385.3270     1.938098E-25
385.4334     1.928809E-25
385.5399     1.934959E-25
385.6464     1.960858E-25
385.7529     1.966398E-25
385.8594     1.902033E-25
385.9659     1.910045E-25
386.0724     1.902309E-25
386.1789     1.894069E-25
386.2854     1.886496E-25
386.3919     1.877431E-25
386.4984     1.874463E-25
386.6049     1.868561E-25
386.7114     1.886707E-25
386.8179     1.941134E-25
386.9244     1.806126E-25
387.0309     1.838183E-25
387.1374     1.857898E-25
387.2440     1.911801E-25
387.3505     1.882037E-25
387.4570     1.863581E-25
387.5636     1.871915E-25
387.6701     1.913435E-25
387.7766     1.891183E-25
387.8832     1.915557E-25
387.9897     1.874850E-25
388.0963     1.863382E-25
388.2028     1.839175E-25
388.3093     1.781789E-25
388.4159     1.863183E-25
388.5225     1.844085E-25
388.6290     1.878577E-25
388.7356     1.799780E-25
388.8421     1.752581E-25
388.9487     1.751394E-25
389.0553     1.751272E-25
389.1618     1.798659E-25
389.2684     1.749191E-25
389.3750     1.773089E-25
389.4816     1.796382E-25
389.5882     1.726724E-25
389.6947     1.767707E-25
389.8013     1.722061E-25
389.9079     1.639374E-25
390.0145     1.653154E-25
390.1211     1.611541E-25
390.2277     1.776488E-25
390.3343     1.697854E-25
390.4409     1.662606E-25
390.5475     1.706224E-25
390.6541     1.721841E-25
390.7607     1.637683E-25
390.8673     1.650008E-25
390.9739     1.700768E-25
391.0805     1.660102E-25
391.1872     1.664232E-25
391.2938     1.572789E-25
391.4004     1.615915E-25
391.5070     1.570191E-25
391.6136     1.571081E-25
391.7203     1.578793E-25
391.8269     1.609878E-25
391.9335     1.634837E-25
392.0402     1.541626E-25
392.1468     1.658598E-25
392.2534     1.617228E-25
392.3601     1.585740E-25
392.4667     1.599947E-25
392.5734     1.547476E-25
392.6800     1.613089E-25
392.7867     1.638650E-25
392.8933     1.578955E-25
393.0000     1.553163E-25
393.1066     1.547870E-25
393.2133     1.477167E-25
393.3199     1.524874E-25
393.4266     1.453037E-25
393.5333     1.456053E-25
393.6399     1.505317E-25
393.7466     1.457366E-25
393.8532     1.595752E-25
393.9599     1.435764E-25
394.0666     1.439577E-25
394.1732     1.548687E-25
394.2799     1.578098E-25
394.3866     1.525211E-25
394.4933     1.516321E-25
394.5999     1.622317E-25
394.7066     1.534585E-25
394.8133     1.577008E-25
394.9200     1.539630E-25
395.0267     1.521297E-25
395.1333     1.504585E-25
395.2400     1.477512E-25
395.3467     1.604008E-25
395.4534     1.533354E-25
395.5601     1.539297E-25
395.6668     1.639085E-25
395.7734     1.558919E-25
395.8801     1.666402E-25
395.9868     1.642016E-25
396.0935     1.599138E-25
396.2002     1.642967E-25
396.3069     1.599585E-25
396.4136     1.585110E-25
396.5203     1.616557E-25
396.6270     1.631187E-25
396.7337     1.575346E-25
396.8404     1.657671E-25
396.9031     1.698602E-25
397.1511     1.578423E-25
397.3990     1.550325E-25
397.6468     1.590821E-25
397.8947     1.547959E-25
398.1424     1.449329E-25
398.3902     1.433915E-25
398.6378     1.505874E-25
398.8855     1.481077E-25
399.1331     1.522057E-25
399.3806     1.512407E-25
399.6281     1.682866E-25
399.8756     1.638585E-25
400.1230     1.588394E-25
400.3704     1.601415E-25
400.6177     1.471240E-25
400.8650     1.488732E-25
401.1122     1.441549E-25
401.3594     1.560065E-25
401.6066     1.587707E-25
401.8537     1.464061E-25
402.1007     1.432764E-25
402.3477     1.361813E-25
402.5947     1.359728E-25
402.8416     1.274614E-25
403.0885     1.136463E-25
403.3354     1.129911E-25
403.5821     1.098634E-25
403.8289     1.065915E-25
404.0756     9.741829E-26
404.3223     9.640650E-26
404.5689     9.055122E-26
404.8154     8.904187E-26
405.0620     9.106545E-26
405.3084     9.282520E-26
405.5549     8.087358E-26
405.8013     8.575772E-26
406.0476     8.591057E-26
406.2939     8.464106E-26
406.5402     8.594065E-26
406.7864     8.493902E-26
407.0325     8.247520E-26
407.2787     8.343049E-26
407.5248     7.618211E-26
407.7708     7.837927E-26
408.0168     6.925488E-26
408.2627     7.896463E-26
408.5086     7.668902E-26
408.7545     8.098252E-26
409.0003     7.480122E-26
409.2461     7.963211E-26
409.4918     7.285325E-26
409.7375     6.437317E-26
409.9831     8.206951E-26
410.2287     7.823171E-26
410.4743     7.160285E-26
410.7198     7.381179E-26
410.9652     6.426098E-26
411.2106     7.311626E-26
411.4560     8.182967E-26
411.7013     7.913618E-26
411.9466     8.703618E-26
412.1919     7.420325E-26
412.4371     8.341585E-26
412.6822     8.058415E-26
412.9273     8.176057E-26
413.1724     7.944309E-26
413.4174     9.060407E-26
413.6624     8.986585E-26
413.9073     9.375407E-26
414.1522     9.775407E-26
414.3971     9.310041E-26
414.6419     9.097154E-26
414.8866     9.205285E-26
415.1314     9.161829E-26
415.3760     9.825813E-26
415.6207     8.788455E-26
415.8653     9.201951E-26
416.1098     8.796748E-26
416.3543     9.890041E-26
416.5988     9.655488E-26
416.8432     1.037382E-25
417.0875     9.921748E-26
417.3319     9.505732E-26
417.5762     9.872195E-26
417.8204     9.954756E-26
418.0646     1.030874E-25
418.3087     1.133191E-25
418.5529     1.159402E-25
418.7969     1.084370E-25
419.0410     1.133411E-25
419.2849     1.191841E-25
419.5289     1.107093E-25
419.7728     1.065565E-25
420.0166     1.146545E-25
420.2604     1.229992E-25
420.5042     1.226671E-25
420.7479     1.151760E-25
420.9916     1.134411E-25
421.2353     1.230484E-25
421.4789     1.116809E-25
421.7224     1.153837E-25
421.9659     1.158061E-25
422.2094     1.185220E-25
422.4528     1.082386E-25
422.6962     1.057142E-25
422.9396     1.103500E-25
423.1829     1.120947E-25
423.4261     1.134199E-25
423.6694     1.237744E-25
423.9125     1.158244E-25
424.1557     1.208801E-25
424.3988     1.181085E-25
424.6418     1.196073E-25
424.8848     1.220008E-25
425.1278     1.209179E-25
425.3707     1.202963E-25
425.6136     1.278008E-25
425.8565     1.268553E-25
426.0993     1.226085E-25
426.3420     1.294915E-25
426.5848     1.342476E-25
426.8274     1.274126E-25
427.0701     1.238565E-25
427.3127     1.282398E-25
427.5552     1.296659E-25
427.7977     1.292533E-25
428.0402     1.424516E-25
428.2826     1.231541E-25
428.5250     1.179118E-25
428.7674     1.281553E-25
429.0097     1.305236E-25
429.2520     1.343467E-25
429.4942     1.392175E-25
429.7364     1.367154E-25
429.9785     1.325244E-25
430.2206     1.187183E-25
430.4627     1.193679E-25
430.7047     1.374305E-25
430.9467     1.343374E-25
431.1887     1.330663E-25
431.4306     1.360687E-25
431.6724     1.308329E-25
431.9143     1.246451E-25
432.1560     1.261317E-25
432.3978     1.235472E-25
432.6395     1.214134E-25
432.8812     1.173593E-25
433.1228     1.183744E-25
433.3644     1.272028E-25
433.6059     1.206114E-25
433.8474     1.183362E-25
434.0889     1.214411E-25
434.3303     1.192337E-25
434.5717     1.266679E-25
434.8131     1.288411E-25
435.0544     1.295744E-25
435.2957     1.236528E-25
435.5369     1.187699E-25
435.7781     1.174886E-25
436.0192     1.169707E-25
436.2604     1.231549E-25
436.5014     1.261122E-25
436.7425     1.177439E-25
436.9835     1.177955E-25
437.2244     1.238065E-25
437.4654     1.215549E-25
437.7062     1.120650E-25
437.9471     1.208195E-25
438.1879     1.195911E-25
438.4287     1.146402E-25
438.6694     1.194561E-25
438.9101     1.202297E-25
439.1508     1.160724E-25
439.3914     1.225561E-25
439.6320     1.182394E-25
439.8725     1.161492E-25
440.1130     1.336846E-25
