682.7    8.184e-27
682.8    1.637e-26
683.0    1.637e-26
683.1    1.637e-26
683.3    1.637e-26
683.4    1.637e-26
683.5    1.637e-26
683.7    1.637e-26
683.8    1.637e-26
684.0    1.637e-26
684.1    1.637e-26
684.3    1.637e-26
684.4    1.637e-26
684.5    1.637e-26
684.7    1.637e-26
684.8    1.637e-26
685.0    1.637e-26
685.1    1.637e-26
685.2    2.455e-26
685.4    2.455e-26
685.5    2.455e-26
685.7    2.455e-26
685.8    3.274e-26
685.9    4.092e-26
686.1    4.911e-26
686.2    6.547e-26
686.4    9.002e-26
686.5    1.228e-25
686.7    1.637e-25
686.8    2.046e-25
686.9    2.373e-25
687.1    2.537e-25
687.2    2.619e-25
687.4    2.537e-25
687.5    2.373e-25
687.6    2.128e-25
687.8    1.800e-25
687.9    1.555e-25
688.1    1.309e-25
688.2    1.228e-25
688.3    1.146e-25
688.5    1.146e-25
688.6    1.146e-25
688.8    1.228e-25
688.9    1.309e-25
689.0    1.391e-25
689.2    1.391e-25
689.3    1.473e-25
689.5    1.473e-25
689.6    1.473e-25
689.8    1.391e-25
689.9    1.309e-25
690.0    1.309e-25
690.2    1.228e-25
690.3    1.146e-25
690.5    1.064e-25
690.6    9.821e-26
690.7    9.002e-26
690.9    9.002e-26
691.0    8.184e-26
691.2    7.366e-26
691.3    6.547e-26
691.4    6.547e-26
691.6    5.729e-26
691.7    4.911e-26
691.9    4.911e-26
692.0    4.092e-26
692.2    4.092e-26
692.3    4.092e-26
692.4    3.274e-26
692.6    3.274e-26
692.7    3.274e-26
692.9    2.455e-26
693.0    2.455e-26
693.1    2.455e-26
693.3    2.455e-26
693.4    1.637e-26
693.6    1.637e-26
693.7    1.637e-26
693.8    1.637e-26
694.0    1.637e-26
694.1    1.637e-26
694.3    1.637e-26
694.4    1.637e-26
694.5    1.637e-26
694.7    8.184e-27
694.8    8.184e-27
695.0    8.184e-27
695.1    8.184e-27
695.3    8.184e-27
695.4    8.184e-27
695.5    8.184e-27
695.7    8.184e-27
695.8    8.184e-27
696.0    8.184e-27
696.1    0.000
729.4    0.000
729.5    8.184e-27
729.7    1.637e-26
729.8    8.184e-27
729.9    8.184e-27
730.1    8.184e-27
730.2    8.184e-27
730.4    8.184e-27
730.5    8.184e-27
730.6    1.637e-26
730.8    1.637e-26
730.9    1.637e-26
731.1    1.637e-26
731.2    1.637e-26
731.3    1.637e-26
731.5    1.637e-26
731.6    1.637e-26
731.8    1.637e-26
731.9    1.637e-26
732.1    1.637e-26
732.2    1.637e-26
732.3    1.637e-26
732.5    1.637e-26
732.6    1.637e-26
732.8    1.637e-26
732.9    1.637e-26
733.0    1.637e-26
733.2    1.637e-26
733.3    1.637e-26
733.5    1.637e-26
733.6    1.637e-26
733.7    1.637e-26
733.9    1.637e-26
734.0    1.637e-26
734.2    1.637e-26
734.3    1.637e-26
734.4    1.637e-26
734.6    1.637e-26
734.7    1.637e-26
734.9    1.637e-26
735.0    1.637e-26
735.2    1.637e-26
735.3    1.637e-26
735.4    1.637e-26
735.6    1.637e-26
735.7    1.637e-26
735.9    1.637e-26
736.0    1.637e-26
736.1    1.637e-26
736.3    1.637e-26
736.4    1.637e-26
736.6    1.637e-26
736.7    1.637e-26
736.8    1.637e-26
737.0    1.637e-26
737.1    1.637e-26
737.3    1.637e-26
737.4    1.637e-26
737.6    1.637e-26
737.7    1.637e-26
737.8    1.637e-26
738.0    1.637e-26
738.1    1.637e-26
738.3    1.637e-26
738.4    1.637e-26
738.5    1.637e-26
738.7    1.637e-26
738.8    1.637e-26
739.0    2.455e-26
739.1    2.455e-26
739.2    2.455e-26
739.4    2.455e-26
739.5    2.455e-26
739.7    2.455e-26
739.8    2.455e-26
739.9    2.455e-26
740.1    2.455e-26
740.2    2.455e-26
740.4    2.455e-26
740.5    2.455e-26
740.7    2.455e-26
740.8    2.455e-26
740.9    2.455e-26
741.1    2.455e-26
741.2    2.455e-26
741.4    2.455e-26
741.5    2.455e-26
741.6    2.455e-26
741.8    3.274e-26
741.9    3.274e-26
742.1    3.274e-26
742.2    3.274e-26
742.3    3.274e-26
742.5    3.274e-26
742.6    3.274e-26
742.8    3.274e-26
742.9    3.274e-26
743.0    3.274e-26
743.2    3.274e-26
743.3    3.274e-26
743.5    3.274e-26
743.6    3.274e-26
743.8    4.092e-26
743.9    4.092e-26
744.0    4.092e-26
744.2    4.092e-26
744.3    4.092e-26
744.5    4.092e-26
744.6    4.092e-26
744.7    4.092e-26
744.9    4.092e-26
745.0    4.092e-26
745.2    4.092e-26
745.3    4.911e-26
745.4    4.911e-26
745.6    4.911e-26
745.7    4.911e-26
745.9    4.911e-26
746.0    4.911e-26
746.2    4.911e-26
746.3    4.911e-26
746.4    5.729e-26
746.6    5.729e-26
746.7    5.729e-26
746.9    5.729e-26
747.0    5.729e-26
747.1    5.729e-26
747.3    6.547e-26
747.4    6.547e-26
747.6    6.547e-26
747.7    6.547e-26
747.8    6.547e-26
748.0    6.547e-26
748.1    7.366e-26
748.3    7.366e-26
748.4    7.366e-26
748.5    7.366e-26
748.7    7.366e-26
748.8    8.184e-26
749.0    8.184e-26
749.1    8.184e-26
749.3    8.184e-26
749.4    8.184e-26
749.5    9.002e-26
749.7    9.002e-26
749.8    9.002e-26
750.0    9.002e-26
750.1    9.002e-26
750.2    9.821e-26
750.4    9.821e-26
750.5    9.821e-26
750.7    1.064e-25
750.8    1.064e-25
750.9    1.064e-25
751.1    1.064e-25
751.2    1.146e-25
751.4    1.146e-25
751.5    1.146e-25
751.7    1.146e-25
751.8    1.228e-25
751.9    1.228e-25
752.1    1.228e-25
752.2    1.228e-25
752.4    1.309e-25
752.5    1.309e-25
752.6    1.309e-25
752.8    1.309e-25
752.9    1.391e-25
753.1    1.391e-25
753.2    1.391e-25
753.3    1.473e-25
753.5    1.473e-25
753.6    1.473e-25
753.8    1.473e-25
753.9    1.555e-25
754.0    1.555e-25
754.2    1.555e-25
754.3    1.555e-25
754.5    1.637e-25
754.6    1.637e-25
754.8    1.637e-25
754.9    1.719e-25
755.0    1.719e-25
755.2    1.800e-25
755.3    1.800e-25
755.5    1.800e-25
755.6    1.800e-25
755.7    1.882e-25
755.9    1.882e-25
756.0    1.964e-25
756.2    1.964e-25
756.3    1.964e-25
756.4    2.046e-25
756.6    2.046e-25
756.7    2.046e-25
756.9    2.128e-25
757.0    2.128e-25
757.1    2.210e-25
757.3    2.210e-25
757.4    2.292e-25
757.6    2.292e-25
757.7    2.373e-25
757.9    2.455e-25
758.0    2.537e-25
758.1    2.619e-25
758.3    2.701e-25
758.4    2.864e-25
758.6    3.028e-25
758.7    3.274e-25
758.8    3.765e-25
759.0    4.501e-25
759.1    5.565e-25
759.3    7.038e-25
759.4    8.839e-25
759.5    1.105e-24
759.7    1.359e-24
759.8    1.637e-24
760.0    1.923e-24
760.1    2.218e-24
760.3    2.496e-24
760.4    2.758e-24
760.5    2.963e-24
760.7    3.118e-24
760.8    3.200e-24
761.0    3.192e-24
761.1    3.110e-24
761.2    2.971e-24
761.4    2.783e-24
761.5    2.570e-24
761.7    2.349e-24
761.8    2.152e-24
761.9    1.981e-24
762.1    1.850e-24
762.2    1.751e-24
762.4    1.694e-24
762.5    1.678e-24
762.6    1.694e-24
762.8    1.735e-24
762.9    1.792e-24
763.1    1.874e-24
763.2    1.948e-24
763.4    2.022e-24
763.5    2.087e-24
763.6    2.136e-24
763.8    2.152e-24
763.9    2.152e-24
764.1    2.136e-24
764.2    2.095e-24
764.3    2.038e-24
764.5    1.972e-24
764.6    1.891e-24
764.8    1.801e-24
764.9    1.710e-24
765.0    1.612e-24
765.2    1.514e-24
765.3    1.416e-24
765.5    1.318e-24
765.6    1.228e-24
765.7    1.138e-24
765.9    1.048e-24
766.0    9.657e-25
766.2    8.839e-25
766.3    8.184e-25
766.5    7.448e-25
766.6    6.793e-25
766.7    6.220e-25
766.9    5.729e-25
767.0    5.156e-25
767.2    4.747e-25
767.3    4.338e-25
767.4    3.928e-25
767.6    3.601e-25
767.7    3.274e-25
767.9    3.028e-25
768.0    2.783e-25
768.1    2.537e-25
768.3    2.292e-25
768.4    2.128e-25
768.6    1.964e-25
768.7    1.882e-25
768.9    1.719e-25
769.0    1.555e-25
769.1    1.473e-25
769.3    1.391e-25
769.4    1.309e-25
769.6    1.228e-25
769.7    1.146e-25
769.8    1.064e-25
770.0    1.064e-25
770.1    9.821e-26
770.3    9.002e-26
770.4    9.002e-26
770.5    8.184e-26
770.7    8.184e-26
770.8    8.184e-26
771.0    7.366e-26
771.1    7.366e-26
771.2    7.366e-26
771.4    6.547e-26
771.5    6.547e-26
771.7    6.547e-26
771.8    5.729e-26
772.0    5.729e-26
772.1    5.729e-26
772.2    5.729e-26
772.4    5.729e-26
772.5    5.729e-26
772.7    4.911e-26
772.8    4.911e-26
772.9    4.911e-26
773.1    4.911e-26
773.2    4.911e-26
773.4    4.911e-26
773.5    4.911e-26
773.6    4.092e-26
773.8    4.092e-26
773.9    4.092e-26
774.1    4.092e-26
774.2    4.092e-26
774.4    4.092e-26
774.5    4.092e-26
774.6    4.092e-26
774.8    4.092e-26
774.9    4.092e-26
775.1    3.274e-26
775.2    3.274e-26
775.3    3.274e-26
775.5    3.274e-26
775.6    3.274e-26
775.8    3.274e-26
775.9    3.274e-26
776.0    3.274e-26
776.2    3.274e-26
776.3    3.274e-26
776.5    3.274e-26
776.6    3.274e-26
776.7    3.274e-26
776.9    3.274e-26
777.0    3.274e-26
777.2    2.455e-26
777.3    2.455e-26
777.5    2.455e-26
777.6    2.455e-26
777.7    2.455e-26
777.9    2.455e-26
778.0    2.455e-26
778.2    2.455e-26
778.3    2.455e-26
778.4    2.455e-26
778.6    2.455e-26
778.7    2.455e-26
778.9    2.455e-26
779.0    2.455e-26
779.1    2.455e-26
779.3    2.455e-26
779.4    2.455e-26
779.6    2.455e-26
779.7    2.455e-26
779.8    1.637e-26
780.0    1.637e-26
780.1    1.637e-26
780.3    1.637e-26
780.4    1.637e-26
780.6    1.637e-26
780.7    1.637e-26
780.8    1.637e-26
781.0    1.637e-26
781.1    1.637e-26
781.3    1.637e-26
781.4    1.637e-26
781.5    1.637e-26
781.7    1.637e-26
781.8    1.637e-26
782.0    1.637e-26
782.1    1.637e-26
782.2    1.637e-26
782.4    1.637e-26
782.5    1.637e-26
782.7    1.637e-26
782.8    1.637e-26
783.0    1.637e-26