650.0    1.637e-26
650.1    1.637e-26
650.2    1.637e-26
650.4    1.637e-26
650.5    1.637e-26
650.7    1.637e-26
650.8    1.637e-26
650.9    1.637e-26
651.1    1.637e-26
651.2    1.637e-26
651.4    1.637e-26
651.5    1.637e-26
651.6    8.184e-27
651.8    8.184e-27
651.9    8.184e-27
652.1    8.184e-27
652.2    8.184e-27
652.3    8.184e-27
652.5    8.184e-27
652.6    8.184e-27
652.7    8.184e-27
652.9    8.184e-27
653.0    8.184e-27
653.2    8.184e-27
653.3    8.184e-27
653.4    8.184e-27
653.6    8.184e-27
653.7    8.184e-27
653.9    8.184e-27
654.0    8.184e-27
654.1    8.184e-27
654.3    8.184e-27
654.4    8.184e-27
654.6    8.184e-27
654.7    8.184e-27
654.8    8.184e-27
655.0    0.000
655.2    0.000
655.3    0.000
655.5    0.000
655.6    0.000
655.8    0.000
655.9    0.000
656.0    0.000
656.2    0.000
656.3    0.000
656.5    8.184e-27
656.6    8.184e-27
656.8    8.184e-27
656.9    8.184e-27
657.0    8.184e-27
657.2    8.184e-27
657.3    8.184e-27
657.5    8.184e-27
657.6    8.184e-27
657.8    8.184e-27
657.9    8.184e-27
658.1    8.184e-27
658.2    8.184e-27
658.3    8.184e-27
658.5    8.184e-27
658.6    8.184e-27
658.8    8.184e-27
658.9    8.184e-27
659.1    8.184e-27
659.2    8.184e-27
659.4    8.184e-27
659.5    8.184e-27
659.6    8.184e-27
659.8    8.184e-27
659.9    8.184e-27
660.1    8.184e-27
660.2    8.184e-27
660.4    8.184e-27
660.5    0.000
660.7    0.000
660.8    0.000
660.9    0.000
661.1    0.000
661.2    0.000
661.4    0.000
661.5    0.000
661.7    0.000
661.8    0.000
662.0    0.000
662.1    0.000
662.2    0.000
662.4    0.000
662.5    0.000
662.7    0.000
662.8    0.000
663.0    0.000
663.1    0.000
663.3    0.000
663.4    0.000
663.5    0.000
663.7    0.000
663.8    0.000
664.0    0.000
664.1    0.000
664.3    0.000
664.4    0.000
664.5    0.000
664.7    0.000
664.8    0.000
665.0    0.000
665.1    0.000
665.3    0.000
665.4    0.000
665.6    0.000
665.7    0.000
665.8    0.000
666.0    0.000
666.1    0.000
666.3    0.000
666.4    0.000
666.6    0.000
666.7    0.000
666.8    0.000
667.0    0.000
667.1    0.000
667.3    0.000
667.4    0.000
667.6    0.000
667.7    0.000
667.9    0.000
668.0    0.000
668.1    0.000
668.3    0.000
668.4    0.000
668.6    0.000
668.7    0.000
668.9    0.000
669.0    0.000
669.1    0.000
669.3    0.000
669.4    0.000
669.6    8.184e-27
669.7    8.184e-27
669.9    0.000
670.0    0.000
670.2    0.000
670.3    0.000
670.5    0.000
670.6    0.000
670.8    0.000
670.9    0.000
671.0    0.000
671.2    0.000
671.3    0.000
671.5    0.000
671.6    8.184e-27
671.8    8.184e-27
671.9    8.184e-27
672.1    8.184e-27
672.2    8.184e-27
672.4    8.184e-27
672.5    8.184e-27
672.7    8.184e-27
672.8    8.184e-27
672.9    8.184e-27
673.1    8.184e-27
673.2    8.184e-27
673.4    8.184e-27
673.5    8.184e-27
673.7    8.184e-27
673.8    8.184e-27
674.0    8.184e-27
674.1    8.184e-27
674.3    8.184e-27
674.4    8.184e-27
674.5    8.184e-27
674.7    8.184e-27
674.8    8.184e-27
675.0    8.184e-27
675.1    8.184e-27
675.3    8.184e-27
675.4    8.184e-27
675.6    8.184e-27
675.7    8.184e-27
675.9    8.184e-27
676.0    8.184e-27
676.2    8.184e-27
676.3    8.184e-27
676.4    8.184e-27
676.6    8.184e-27
676.7    8.184e-27
676.9    8.184e-27
677.0    8.184e-27
677.2    8.184e-27
677.3    8.184e-27
677.5    8.184e-27
677.6    8.184e-27
677.8    8.184e-27
677.9    8.184e-27
678.0    8.184e-27
678.2    8.184e-27
678.3    8.184e-27
678.5    8.184e-27
678.6    8.184e-27
678.8    8.184e-27
678.9    8.184e-27
679.1    8.184e-27
679.2    8.184e-27
679.4    8.184e-27
679.5    8.184e-27
679.6    8.184e-27
679.8    8.184e-27
679.9    8.184e-27
680.0    8.184e-27
680.2    8.184e-27
680.3    8.184e-27
680.5    8.184e-27
680.6    8.184e-27
680.7    8.184e-27
680.9    8.184e-27
681.0    8.184e-27
681.2    8.184e-27
681.3    8.184e-27
681.4    8.184e-27
681.6    8.184e-27
681.7    8.184e-27
681.9    8.184e-27
682.0    8.184e-27
682.1    8.184e-27
682.3    8.184e-27
682.4    8.184e-27
682.6    8.184e-27
682.7    8.184e-27
682.8    1.637e-26
683.0    1.637e-26
683.1    1.637e-26
683.3    1.637e-26
683.4    1.637e-26
683.5    1.637e-26
683.7    1.637e-26
683.8    1.637e-26
684.0    1.637e-26
684.1    1.637e-26
684.3    1.637e-26
684.4    1.637e-26
684.5    1.637e-26
684.7    1.637e-26
684.8    1.637e-26
685.0    1.637e-26
685.1    1.637e-26
685.2    2.455e-26
685.4    2.455e-26
685.5    2.455e-26
685.7    2.455e-26
685.8    3.274e-26
685.9    4.092e-26
686.1    4.911e-26
686.2    6.547e-26
686.4    9.002e-26
686.5    1.228e-25
686.7    1.637e-25
686.8    2.046e-25
686.9    2.373e-25
687.1    2.537e-25
687.2    2.619e-25
687.4    2.537e-25
687.5    2.373e-25
687.6    2.128e-25
687.8    1.800e-25
687.9    1.555e-25
688.1    1.309e-25
688.2    1.228e-25
688.3    1.146e-25
688.5    1.146e-25
688.6    1.146e-25
688.8    1.228e-25
688.9    1.309e-25
689.0    1.391e-25
689.2    1.391e-25
689.3    1.473e-25
689.5    1.473e-25
689.6    1.473e-25
689.8    1.391e-25
689.9    1.309e-25
690.0    1.309e-25
690.2    1.228e-25
690.3    1.146e-25
690.5    1.064e-25
690.6    9.821e-26
690.7    9.002e-26
690.9    9.002e-26
691.0    8.184e-26
691.2    7.366e-26
691.3    6.547e-26
691.4    6.547e-26
691.6    5.729e-26
691.7    4.911e-26
691.9    4.911e-26
692.0    4.092e-26
692.2    4.092e-26
692.3    4.092e-26
692.4    3.274e-26
692.6    3.274e-26
692.7    3.274e-26
692.9    2.455e-26
693.0    2.455e-26
693.1    2.455e-26
693.3    2.455e-26
693.4    1.637e-26
693.6    1.637e-26
693.7    1.637e-26
693.8    1.637e-26
694.0    1.637e-26
694.1    1.637e-26
694.3    1.637e-26
694.4    1.637e-26
694.5    1.637e-26
694.7    8.184e-27
694.8    8.184e-27
695.0    8.184e-27
695.1    8.184e-27
695.3    8.184e-27
695.4    8.184e-27
695.5    8.184e-27
695.7    8.184e-27
695.8    8.184e-27
696.0    8.184e-27
696.1    8.184e-27
696.2    8.184e-27
696.4    8.184e-27
696.5    8.184e-27
696.7    8.184e-27
696.8    8.184e-27
696.9    8.184e-27
697.1    8.184e-27
697.2    8.184e-27
697.4    8.184e-27
697.5    8.184e-27
697.6    8.184e-27
697.8    8.184e-27
697.9    8.184e-27
698.1    8.184e-27
698.2    8.184e-27
698.4    8.184e-27
698.5    8.184e-27
698.6    8.184e-27
698.8    8.184e-27
698.9    8.184e-27
699.1    8.184e-27
699.2    8.184e-27
699.3    8.184e-27
699.5    0.000
699.6    0.000
699.8    0.000
699.9    0.000
700.0    0.000
700.2    0.000
700.3    0.000
700.5    0.000
700.6    0.000
700.8    0.000
700.9    0.000
701.0    0.000
701.2    0.000
701.3    0.000
701.5    0.000
701.6    0.000
701.7    0.000
701.9    0.000
702.0    0.000
702.2    0.000
702.3    0.000
702.4    0.000
702.6    0.000
702.7    0.000
702.9    0.000
703.0    0.000
703.1    0.000
703.3    0.000
703.4    0.000
703.6    0.000
703.7    0.000
703.9    0.000
704.0    0.000
704.1    0.000
704.3    0.000
704.4    0.000
704.6    0.000
704.7    0.000
704.8    0.000
705.0    0.000
705.1    0.000
705.3    0.000
705.4    0.000
705.5    0.000
705.7    0.000
705.8    0.000
706.0    0.000
706.1    0.000
706.2    0.000
706.4    8.184e-27
706.5    8.184e-27
706.7    8.184e-27
706.8    8.184e-27
707.0    8.184e-27
707.1    8.184e-27
707.2    8.184e-27
707.4    8.184e-27
707.5    8.184e-27
707.7    8.184e-27
707.8    8.184e-27
707.9    8.184e-27
708.1    8.184e-27
708.2    8.184e-27
708.4    8.184e-27
708.5    8.184e-27
708.6    8.184e-27
708.8    8.184e-27
708.9    8.184e-27
709.1    8.184e-27
709.2    8.184e-27
709.4    8.184e-27
709.5    8.184e-27
709.6    8.184e-27
709.8    8.184e-27
709.9    8.184e-27
710.1    8.184e-27
710.2    8.184e-27
710.3    8.184e-27
710.5    8.184e-27
710.6    8.184e-27
710.8    8.184e-27
710.9    8.184e-27
711.0    8.184e-27
711.2    8.184e-27
711.3    8.184e-27
711.5    8.184e-27
711.6    8.184e-27
711.7    8.184e-27
711.9    8.184e-27
712.0    8.184e-27
712.2    8.184e-27
712.3    8.184e-27
712.5    8.184e-27
712.6    8.184e-27
712.7    8.184e-27
712.9    8.184e-27
713.0    8.184e-27
713.2    8.184e-27
713.3    8.184e-27
713.4    8.184e-27
713.6    8.184e-27
713.7    8.184e-27
713.9    8.184e-27
714.0    8.184e-27
714.1    8.184e-27
714.3    8.184e-27
714.4    8.184e-27
714.6    8.184e-27
714.7    8.184e-27
714.9    8.184e-27
715.0    8.184e-27
715.1    8.184e-27
715.3    8.184e-27
715.4    8.184e-27
715.6    8.184e-27
715.7    8.184e-27
715.8    8.184e-27
716.0    8.184e-27
716.1    8.184e-27
716.3    8.184e-27
716.4    8.184e-27
716.5    8.184e-27
716.7    8.184e-27
716.8    8.184e-27
717.0    8.184e-27
717.1    8.184e-27
717.2    8.184e-27
717.4    8.184e-27
717.5    8.184e-27
717.7    8.184e-27
717.8    8.184e-27
718.0    0.000
718.1    8.184e-27
718.2    0.000
718.4    0.000
718.5    8.184e-27
718.7    8.184e-27
718.8    8.184e-27
718.9    8.184e-27
719.1    0.000
719.2    0.000
719.4    0.000
719.5    0.000
719.6    0.000
719.8    0.000
719.9    0.000
720.1    0.000
720.2    0.000
720.3    0.000
720.5    0.000
720.6    0.000
720.8    0.000
720.9    0.000
721.1    0.000
721.2    0.000
721.3    0.000
721.5    0.000
721.6    0.000
721.8    0.000
721.9    0.000
722.0    0.000
722.2    0.000
722.3    0.000
722.5    0.000
722.6    0.000
722.7    0.000
722.9    0.000
723.0    0.000
723.2    0.000
723.3    0.000
723.5    0.000
723.6    0.000
723.7    0.000
723.9    0.000
724.0    0.000
724.2    0.000
724.3    0.000
724.4    0.000
724.6    0.000
724.7    0.000
724.9    0.000
725.0    0.000
725.1    0.000
725.3    0.000
725.4    0.000
725.6    0.000
725.7    0.000
725.8    0.000
726.0    8.184e-27
726.1    0.000
726.3    0.000
726.4    8.184e-27
726.6    8.184e-27
726.7    8.184e-27
726.8    8.184e-27
727.0    8.184e-27
727.1    8.184e-27
727.3    8.184e-27
727.4    8.184e-27
727.5    8.184e-27
727.7    8.184e-27
727.8    8.184e-27
728.0    8.184e-27
728.1    8.184e-27
728.2    8.184e-27
728.4    8.184e-27
728.5    8.184e-27
728.7    8.184e-27
728.8    8.184e-27
729.0    8.184e-27
729.1    8.184e-27
729.2    8.184e-27
729.4    8.184e-27
729.5    8.184e-27
729.7    1.637e-26
729.8    8.184e-27
729.9    8.184e-27
730.1    8.184e-27
730.2    8.184e-27
730.4    8.184e-27
730.5    8.184e-27
730.6    1.637e-26
730.8    1.637e-26
730.9    1.637e-26
731.1    1.637e-26
731.2    1.637e-26
731.3    1.637e-26
731.5    1.637e-26
731.6    1.637e-26
731.8    1.637e-26
731.9    1.637e-26
732.1    1.637e-26
732.2    1.637e-26
732.3    1.637e-26
732.5    1.637e-26
732.6    1.637e-26
732.8    1.637e-26
732.9    1.637e-26
733.0    1.637e-26
733.2    1.637e-26
733.3    1.637e-26
733.5    1.637e-26
733.6    1.637e-26
733.7    1.637e-26
733.9    1.637e-26
734.0    1.637e-26
734.2    1.637e-26
734.3    1.637e-26
734.4    1.637e-26
734.6    1.637e-26
734.7    1.637e-26
734.9    1.637e-26
735.0    1.637e-26
735.2    1.637e-26
735.3    1.637e-26
735.4    1.637e-26
735.6    1.637e-26
735.7    1.637e-26
735.9    1.637e-26
736.0    1.637e-26
736.1    1.637e-26
736.3    1.637e-26
736.4    1.637e-26
736.6    1.637e-26
736.7    1.637e-26
736.8    1.637e-26
737.0    1.637e-26
737.1    1.637e-26
737.3    1.637e-26
737.4    1.637e-26
737.6    1.637e-26
737.7    1.637e-26
737.8    1.637e-26
738.0    1.637e-26
738.1    1.637e-26
738.3    1.637e-26
738.4    1.637e-26
738.5    1.637e-26
738.7    1.637e-26
738.8    1.637e-26
739.0    2.455e-26
739.1    2.455e-26
739.2    2.455e-26
739.4    2.455e-26
739.5    2.455e-26
739.7    2.455e-26
739.8    2.455e-26
739.9    2.455e-26
740.1    2.455e-26
740.2    2.455e-26
740.4    2.455e-26
740.5    2.455e-26
740.7    2.455e-26
740.8    2.455e-26
740.9    2.455e-26
741.1    2.455e-26
741.2    2.455e-26
741.4    2.455e-26
741.5    2.455e-26
741.6    2.455e-26
741.8    3.274e-26
741.9    3.274e-26
742.1    3.274e-26
742.2    3.274e-26
742.3    3.274e-26
742.5    3.274e-26
742.6    3.274e-26
742.8    3.274e-26
742.9    3.274e-26
743.0    3.274e-26
743.2    3.274e-26
743.3    3.274e-26
743.5    3.274e-26
743.6    3.274e-26
743.8    4.092e-26
743.9    4.092e-26
744.0    4.092e-26
744.2    4.092e-26
744.3    4.092e-26
744.5    4.092e-26
744.6    4.092e-26
744.7    4.092e-26
744.9    4.092e-26
745.0    4.092e-26
745.2    4.092e-26
745.3    4.911e-26
745.4    4.911e-26
745.6    4.911e-26
745.7    4.911e-26
745.9    4.911e-26
746.0    4.911e-26
746.2    4.911e-26
746.3    4.911e-26
746.4    5.729e-26
746.6    5.729e-26
746.7    5.729e-26
746.9    5.729e-26
747.0    5.729e-26
747.1    5.729e-26
747.3    6.547e-26
747.4    6.547e-26
747.6    6.547e-26
747.7    6.547e-26
747.8    6.547e-26
748.0    6.547e-26
748.1    7.366e-26
748.3    7.366e-26
748.4    7.366e-26
748.5    7.366e-26
748.7    7.366e-26
748.8    8.184e-26
749.0    8.184e-26
749.1    8.184e-26
749.3    8.184e-26
749.4    8.184e-26
749.5    9.002e-26
749.7    9.002e-26
749.8    9.002e-26
750.0    9.002e-26
750.1    9.002e-26
750.2    9.821e-26
750.4    9.821e-26
750.5    9.821e-26
750.7    1.064e-25
750.8    1.064e-25
750.9    1.064e-25
751.1    1.064e-25
751.2    1.146e-25
751.4    1.146e-25
751.5    1.146e-25
751.7    1.146e-25
751.8    1.228e-25
751.9    1.228e-25
752.1    1.228e-25
752.2    1.228e-25
752.4    1.309e-25
752.5    1.309e-25
752.6    1.309e-25
752.8    1.309e-25
752.9    1.391e-25
753.1    1.391e-25
753.2    1.391e-25
753.3    1.473e-25
753.5    1.473e-25
753.6    1.473e-25
753.8    1.473e-25
753.9    1.555e-25
754.0    1.555e-25
754.2    1.555e-25
754.3    1.555e-25
754.5    1.637e-25
754.6    1.637e-25
754.8    1.637e-25
754.9    1.719e-25
755.0    1.719e-25
755.2    1.800e-25
755.3    1.800e-25
755.5    1.800e-25
755.6    1.800e-25
755.7    1.882e-25
755.9    1.882e-25
756.0    1.964e-25
756.2    1.964e-25
756.3    1.964e-25
756.4    2.046e-25
756.6    2.046e-25
756.7    2.046e-25
756.9    2.128e-25
757.0    2.128e-25
757.1    2.210e-25
757.3    2.210e-25
757.4    2.292e-25
757.6    2.292e-25
757.7    2.373e-25
757.9    2.455e-25
758.0    2.537e-25
758.1    2.619e-25
758.3    2.701e-25
758.4    2.864e-25
758.6    3.028e-25
758.7    3.274e-25
758.8    3.765e-25
759.0    4.501e-25
759.1    5.565e-25
759.3    7.038e-25
759.4    8.839e-25
759.5    1.105e-24
759.7    1.359e-24
759.8    1.637e-24
760.0    1.923e-24
760.1    2.218e-24
760.3    2.496e-24
760.4    2.758e-24
760.5    2.963e-24
760.7    3.118e-24
760.8    3.200e-24
761.0    3.192e-24
761.1    3.110e-24
761.2    2.971e-24
761.4    2.783e-24
761.5    2.570e-24
761.7    2.349e-24
761.8    2.152e-24
761.9    1.981e-24
762.1    1.850e-24
762.2    1.751e-24
762.4    1.694e-24
762.5    1.678e-24
762.6    1.694e-24
762.8    1.735e-24
762.9    1.792e-24
763.1    1.874e-24
763.2    1.948e-24
763.4    2.022e-24
763.5    2.087e-24
763.6    2.136e-24
763.8    2.152e-24
763.9    2.152e-24
764.1    2.136e-24
764.2    2.095e-24
764.3    2.038e-24
764.5    1.972e-24
764.6    1.891e-24
764.8    1.801e-24
764.9    1.710e-24
765.0    1.612e-24
765.2    1.514e-24
765.3    1.416e-24
765.5    1.318e-24
765.6    1.228e-24
765.7    1.138e-24
765.9    1.048e-24
766.0    9.657e-25
766.2    8.839e-25
766.3    8.184e-25
766.5    7.448e-25
766.6    6.793e-25
766.7    6.220e-25
766.9    5.729e-25
767.0    5.156e-25
767.2    4.747e-25
767.3    4.338e-25
767.4    3.928e-25
767.6    3.601e-25
767.7    3.274e-25
767.9    3.028e-25
768.0    2.783e-25
768.1    2.537e-25
768.3    2.292e-25
768.4    2.128e-25
768.6    1.964e-25
768.7    1.882e-25
768.9    1.719e-25
769.0    1.555e-25
769.1    1.473e-25
769.3    1.391e-25
769.4    1.309e-25
769.6    1.228e-25
769.7    1.146e-25
769.8    1.064e-25
770.0    1.064e-25
770.1    9.821e-26
770.3    9.002e-26
770.4    9.002e-26
770.5    8.184e-26
770.7    8.184e-26
770.8    8.184e-26
771.0    7.366e-26
771.1    7.366e-26
771.2    7.366e-26
771.4    6.547e-26
771.5    6.547e-26
771.7    6.547e-26
771.8    5.729e-26
772.0    5.729e-26
772.1    5.729e-26
772.2    5.729e-26
772.4    5.729e-26
772.5    5.729e-26
772.7    4.911e-26
772.8    4.911e-26
772.9    4.911e-26
773.1    4.911e-26
773.2    4.911e-26
773.4    4.911e-26
773.5    4.911e-26
773.6    4.092e-26
773.8    4.092e-26
773.9    4.092e-26
774.1    4.092e-26
774.2    4.092e-26
774.4    4.092e-26
774.5    4.092e-26
774.6    4.092e-26
774.8    4.092e-26
774.9    4.092e-26
775.1    3.274e-26
775.2    3.274e-26
775.3    3.274e-26
775.5    3.274e-26
775.6    3.274e-26
775.8    3.274e-26
775.9    3.274e-26
776.0    3.274e-26
776.2    3.274e-26
776.3    3.274e-26
776.5    3.274e-26
776.6    3.274e-26
776.7    3.274e-26
776.9    3.274e-26
777.0    3.274e-26
777.2    2.455e-26
777.3    2.455e-26
777.5    2.455e-26
777.6    2.455e-26
777.7    2.455e-26
777.9    2.455e-26
778.0    2.455e-26
778.2    2.455e-26
778.3    2.455e-26
778.4    2.455e-26
778.6    2.455e-26
778.7    2.455e-26
778.9    2.455e-26
779.0    2.455e-26
779.1    2.455e-26
779.3    2.455e-26
779.4    2.455e-26
779.6    2.455e-26
779.7    2.455e-26
779.8    1.637e-26
780.0    1.637e-26
780.1    1.637e-26
780.3    1.637e-26
780.4    1.637e-26
780.6    1.637e-26
780.7    1.637e-26
780.8    1.637e-26
781.0    1.637e-26
781.1    1.637e-26
781.3    1.637e-26
781.4    1.637e-26
781.5    1.637e-26
781.7    1.637e-26
781.8    1.637e-26
782.0    1.637e-26
782.1    1.637e-26
782.2    1.637e-26
782.4    1.637e-26
782.5    1.637e-26
782.7    1.637e-26
782.8    1.637e-26
783.0    1.637e-26
783.1    1.637e-26
783.2    1.637e-26
783.4    1.637e-26
783.5    1.637e-26
783.7    8.184e-27
783.8    8.184e-27
783.9    8.184e-27
784.1    8.184e-27
784.2    8.184e-27
784.4    8.184e-27
784.5    8.184e-27
784.6    8.184e-27
784.8    8.184e-27
784.9    8.184e-27
785.1    8.184e-27
785.2    8.184e-27
785.3    8.184e-27
785.5    8.184e-27
785.6    8.184e-27
785.8    8.184e-27
785.9    8.184e-27
786.1    8.184e-27
786.2    8.184e-27
786.3    8.184e-27
786.5    8.184e-27
786.6    8.184e-27
786.8    8.184e-27
786.9    8.184e-27
787.0    8.184e-27
787.2    8.184e-27
787.3    8.184e-27
787.5    8.184e-27
787.6    8.184e-27
787.7    8.184e-27
787.9    8.184e-27
788.0    8.184e-27
788.2    8.184e-27
788.3    8.184e-27
788.4    8.184e-27
788.6    8.184e-27
