  0.99     1.4e-19
  1.34     2.9e-19 
  4.46     3.1e-19
  6.80     9.0e-19
 10.00     1.9e-18
 20.93     9.0e-18
 24.72	   1.23e-17	
 30.380    1.7e-17
 43.003    1.8e-17
 43.500    2.1e-17
 50.755    2.3e-17
 50.820    2.4e-17
 52.220    2.1e-17
 52.580    2.5e-17
 53.700    2.1e-17
 55.330    2.6e-17
 55.410    2.6e-17
 55.450    2.6e-17
 55.530    2.6e-17
 58.430    2.3e-17
 59.960    2.8e-17
 61.000    2.7e-17
 62.500    2.5e-17
 62.970    3.0e-17
 68.500    2.6e-17
 68.550    1.8e-17
 68.580    1.8e-17
 68.630    2.2e-17
 70.230    2.4e-17
 70.380    2.6e-17
 76.110    2.0e-17
 76.510    2.3e-17
 77.040    1.8e-17
 78.030    2.8e-17
 78.770    2.4e-17
 79.010    2.8e-17
 79.020    2.8e-17
 83.280    2.6e-17
 83.370    1.3e-17
 83.450    1.1e-17
 83.510    1.0e-17
 83.530    1.0e-17
 90.400    1.1e-17
 93.070    2.6e-17
 93.780    5.0e-18
 94.970    6.3e-18
 97.250    3.2e-17
 97.700    4.0e-18
 98.980    1.4e-18
 99.160    1.75e-18
102.570    1.58e-18
103.190    1.04e-18
103.760    7.8e-19
108.570    2.0e-18
117.570    1.3e-18
120.650    1.5e-17
121.570    1.0e-20
