 30.3779    1.97e-17
 42.9647    3.31e-17
 43.0041    3.46e-17
 52.5795    2.98e-17
 52.9547    3.13e-17
 52.9800    3.09e-17
 53.7830    3.20e-17
 53.8256    2.60e-17
 53.9186    2.86e-17
 53.9543    2.83e-17
 53.9853    2.75e-17
 57.4650    3.12e-17
 58.0400    2.79e-17
 58.0967    2.68e-17
 58.4331    2.05e-17
 59.9598    2.90e-17
 60.0585    2.94e-17
 61.6291    2.75e-17
 61.7051    3.01e-17
 64.4148    2.57e-17
 64.4825    2.79e-17
 64.5167    2.68e-17
 66.0380    2.90e-17
 67.1391    2.68e-17
 67.2348    2.49e-17
 68.5513    2.68e-17
 68.5816    2.68e-17
 70.2332    2.64e-17
 70.2899    3.05e-17
 70.3850    2.98e-17
 71.8483    2.23e-17
 74.5836    2.64e-17
 74.6976    2.83e-17
 77.1901    1.90e-17
 77.2385    2.38e-17
 77.5957    1.82e-17
 79.6661    2.53e-17
 83.2930    2.49e-17
 83.3332    1.41e-17
 83.3749    1.26e-17
 83.5100    1.34e-17
 83.5293    1.12e-17
 87.7778    1.82e-17
 88.6618    1.64e-17
 90.3952    2.01e-17
 90.4144    2.19e-17
 90.4482    1.56e-17
 91.5960    1.04e-17
 91.6010    8.93e-18
 91.6708    8.93e-18
 97.7020    1.75e-17
 98.8775    4.09e-18
 98.9800    6.32e-18
 99.0213    5.58e-18
 99.0797    6.32e-18
 99.0979    6.32e-18
 99.1579    6.70e-18
 99.9494    4.09e-18
102.5717    1.60e-18
103.6332    1.86e-17
103.7020    2.01e-17
108.3991    3.72e-18
111.0000    2.86e-17
113.4171    2.19e-18
113.4419    2.19e-18
113.4980    3.05e-18
115.2139    4.46e-18
117.5716    1.53e-17
119.9500    2.46e-18
120.0706    3.09e-18
120.6400    3.24e-17
121.7645    2.01e-18
124.3170    3.38e-17
130.2192    8.93e-19
130.4864    8.93e-19
130.6038    2.60e-19
