129.62    5.11e-19
131.58    7.36e-19
133.52    2.26e-18
133.52    2.23e-18
134.25    2.31e-18
135.47    7.05e-18
135.47    7.20e-18
138.39    1.34e-17
138.39    1.39e-17
140.21    1.29e-17
140.21    1.21e-17
143.26    1.42e-17
143.26    1.42e-17
148.15    1.25e-17
148.15    1.17e-17
149.52    1.15e-17
149.52    1.23e-17
153.01    9.34e-18
153.01    9.17e-18
155.35    7.47e-18
155.35    7.32e-18
157.89    5.76e-18
157.89    5.76e-18
159.60    4.59e-18
159.60    4.73e-18
162.77    2.98e-18
162.77    2.97e-18
163.36    2.73e-18
163.36    2.55e-18
167.65    1.30e-18
167.65    1.28e-18
170.60    6.22e-19
170.95    7.09e-19
172.53    4.63e-19
172.53    4.54e-19
