117.000000 5.322463e-18
117.060000 6.573805e-18
117.120000 4.693300e-18
117.180000 7.139838e-18
117.240000 4.322619e-18
117.300000 4.450958e-18
117.360000 1.145639e-17
117.420000 1.713700e-17
117.480000 4.398297e-17
117.540000 7.285649e-17
117.600000 9.466310e-17
117.660000 8.397387e-17
117.720000 4.260796e-17
117.780000 2.216181e-17
117.840000 1.032889e-17
117.900000 1.261649e-17
117.960000 7.445270e-18
118.020000 3.780178e-18
118.080000 4.931790e-18
118.140000 3.170350e-18
118.200000 5.088381e-18
118.260000 1.267312e-18
118.320000 3.462329e-18
118.380000 4.890131e-18
118.440000 8.968585e-18
118.500000 1.864120e-18
118.560000 6.272849e-18
118.620000 4.063663e-18
118.680000 4.890919e-18
118.740000 2.310318e-18
118.800000 1.805257e-18
118.860000 3.079613e-18
118.920000 4.656739e-18
118.980000 7.683563e-18
119.040000 6.208171e-18
119.100000 4.104646e-18
119.160000 4.291028e-18
119.220000 1.837752e-18
119.280000 8.399765e-18
119.340000 1.014738e-17
119.400000 8.903126e-18
119.460000 1.198190e-17
119.520000 9.616950e-18
119.580000 4.854369e-18
119.640000 3.362969e-18
119.700000 5.675874e-18
119.760000 7.343235e-18
119.820000 4.151793e-18
119.880000 7.642658e-18
119.940000 7.888010e-18
120.000000 1.064394e-17
120.060000 9.881375e-18
120.120000 6.534711e-18
120.180000 1.472657e-17
120.240000 9.884810e-18
120.300000 1.024948e-17
120.360000 6.423392e-18
120.420000 1.239065e-17
120.480000 1.670918e-17
120.540000 1.896134e-17
120.600000 6.673488e-17
120.660000 9.375644e-17
120.720000 9.205006e-17
120.780000 7.210632e-17
120.840000 3.082534e-17
120.900000 2.638152e-17
120.960000 2.568349e-17
121.020000 3.077850e-17
121.080000 3.294365e-17
121.140000 4.182975e-17
121.200000 5.905757e-17
121.260000 8.813174e-17
121.320000 1.510122e-16
121.380000 2.709545e-16
121.440000 5.369318e-16
121.500000 8.225555e-16
121.560000 9.925736e-16
121.620000 1.139111e-15
121.680000 1.078673e-15
121.740000 8.690392e-16
121.800000 4.900633e-16
121.860000 2.658592e-16
121.920000 1.451210e-16
121.980000 9.140383e-17
122.040000 5.559037e-17
122.100000 4.093843e-17
122.160000 2.893791e-17
122.220000 2.290107e-17
122.280000 2.060534e-17
122.340000 1.726042e-17
122.400000 1.274238e-17
122.460000 1.237035e-17
122.520000 1.549202e-17
122.580000 1.537453e-17
122.640000 8.071689e-18
122.700000 6.154310e-18
122.760000 6.776850e-18
122.820000 7.728019e-18
122.880000 7.108835e-18
122.940000 7.919313e-18
123.000000 6.265317e-18
123.060000 3.772663e-18
123.120000 6.530302e-18
123.180000 5.331705e-18
123.240000 3.742045e-18
123.300000 5.055874e-18
123.360000 4.000347e-18
123.420000 4.850784e-18
123.480000 4.059826e-18
123.540000 6.299421e-18
123.600000 3.523646e-18
123.660000 6.135949e-18
123.720000 8.200538e-18
123.780000 1.386166e-17
123.840000 3.641315e-17
123.900000 5.330265e-17
123.960000 4.709900e-17
124.020000 2.347770e-17
124.080000 1.094233e-17
124.140000 8.239440e-18
124.200000 1.339986e-17
124.260000 2.328560e-17
124.320000 3.247081e-17
124.380000 2.115924e-17
124.440000 1.022055e-17
124.500000 4.536441e-18
124.560000 4.783882e-18
124.620000 4.240625e-18
124.680000 5.517514e-18
124.740000 5.815050e-18
124.800000 4.890393e-18
124.860000 4.066328e-18
124.920000 3.871684e-18
124.980000 2.480830e-18
125.040000 3.903087e-18
125.100000 2.402777e-18
125.160000 2.795784e-18
125.220000 4.113276e-18
125.280000 3.926763e-18
125.340000 2.572818e-18
125.400000 5.611610e-18
125.460000 2.725384e-18
125.520000 2.951354e-18
125.580000 2.217446e-18
125.640000 4.404567e-18
125.700000 3.606181e-18
125.760000 4.108469e-18
125.820000 3.192560e-18
125.880000 3.738320e-18
125.940000 3.857855e-18
126.000000 5.592292e-18
126.060000 7.015931e-18
126.120000 6.578359e-18
126.180000 5.653384e-18
126.240000 2.322558e-18
126.300000 3.369430e-18
126.360000 2.648304e-18
126.420000 6.731728e-18
126.480000 7.399391e-18
126.540000 1.190982e-17
126.600000 8.260876e-18
126.660000 4.403114e-18
126.720000 4.589915e-18
126.780000 2.628483e-18
126.840000 2.573154e-18
126.900000 2.621729e-18
126.960000 1.437122e-18
127.020000 1.989989e-18
127.080000 1.834930e-18
127.140000 1.427447e-18
127.200000 9.016557e-19
127.260000 1.679974e-18
127.320000 2.304491e-18
127.380000 2.990987e-18
127.440000 2.620834e-18
127.500000 4.669221e-18
127.560000 3.865489e-18
127.620000 3.602762e-18
127.680000 4.691363e-18
127.740000 4.077687e-18
127.800000 5.686424e-18
127.860000 4.004395e-18
127.920000 2.738103e-18
127.980000 3.117107e-18
128.040000 4.577957e-18
128.100000 3.054414e-18
128.160000 2.195684e-18
128.220000 3.308370e-18
128.280000 1.559971e-18
128.340000 1.137313e-18
128.400000 1.225850e-18
128.460000 1.616977e-18
128.520000 6.541970e-19
128.580000 2.810280e-18
128.640000 6.596401e-19
128.700000 8.977271e-19
128.760000 2.907967e-18
128.820000 4.374884e-18
128.880000 4.287960e-18
128.940000 6.062905e-18
129.000000 3.436754e-18
129.060000 2.497287e-18
129.120000 2.039089e-18
129.180000 1.783744e-18
129.240000 3.607514e-18
129.300000 1.500654e-18
129.360000 1.924946e-18
129.420000 2.890333e-18
129.480000 4.130257e-18
129.540000 4.305448e-18
129.600000 2.566578e-18
129.660000 2.672217e-18
129.720000 2.746440e-18
129.780000 3.176125e-18
129.840000 4.569087e-18
129.900000 8.425909e-18
129.960000 8.739588e-18
130.020000 5.642032e-18
130.080000 5.741478e-18
130.140000 1.055548e-17
130.200000 1.585596e-17
130.260000 1.905866e-17
130.320000 1.768356e-17
130.380000 1.815976e-17
130.440000 4.156582e-17
130.500000 7.573214e-17
130.560000 8.695341e-17
130.620000 8.486245e-17
130.680000 4.951075e-17
130.740000 2.732323e-17
130.800000 6.058458e-18
130.860000 5.388934e-18
130.920000 8.945399e-18
130.980000 1.044026e-17
131.040000 6.552295e-18
131.100000 3.727088e-18
131.160000 4.917689e-18
131.220000 5.403588e-18
131.280000 1.508162e-18
131.340000 7.645473e-19
131.400000 3.684145e-18
131.460000 2.628579e-18
131.520000 1.400544e-18
131.580000 1.314251e-18
131.640000 3.080330e-18
131.700000 1.534924e-18
131.760000 8.231645e-19
131.820000 1.655976e-18
131.880000 3.198667e-18
131.940000 3.158049e-18
132.000000 1.830190e-18
132.060000 2.522283e-18
132.120000 1.129024e-18
132.180000 5.384796e-19
132.240000 1.476761e-18
132.300000 1.438229e-18
132.360000 2.927142e-18
132.420000 5.269934e-18
132.480000 2.686397e-18
132.540000 1.750046e-18
132.600000 1.685771e-18
132.660000 1.195973e-18
132.720000 2.357093e-18
132.780000 1.763495e-18
132.840000 2.506077e-18
132.900000 7.424663e-18
132.960000 6.930238e-18
133.020000 4.854813e-18
133.080000 4.061538e-18
133.140000 3.332748e-18
133.200000 2.597608e-18
133.260000 4.071535e-18
133.320000 9.049776e-18
133.380000 1.878401e-17
133.440000 4.656741e-17
133.500000 9.033027e-17
133.560000 1.741557e-16
133.620000 1.560772e-16
133.680000 1.007444e-16
133.740000 2.834473e-17
133.800000 9.820515e-18
133.860000 6.245532e-18
133.920000 2.945898e-18
133.980000 1.945418e-18
134.040000 2.738280e-18
134.100000 3.127683e-18
134.160000 1.964495e-18
134.220000 2.500389e-18
134.280000 2.064387e-18
134.340000 2.909831e-18
134.400000 3.160779e-18
134.460000 2.122876e-18
134.520000 1.836309e-18
134.580000 2.008048e-18
134.640000 8.479281e-19
134.700000 2.713200e-18
134.760000 1.360526e-18
134.820000 1.367803e-18
134.880000 1.382105e-18
134.940000 1.676975e-18
135.000000 1.921772e-18
135.060000 1.934913e-18
135.120000 6.720176e-18
135.180000 9.998020e-18
135.240000 8.333467e-18
135.300000 9.546536e-18
135.360000 1.193297e-17
135.420000 1.434842e-17
135.480000 1.045309e-17
135.540000 1.366502e-17
135.600000 1.049391e-17
135.660000 9.844398e-18
135.720000 3.875289e-18
135.780000 3.318413e-18
135.840000 2.859442e-18
135.900000 4.204785e-18
135.960000 4.487615e-18
136.020000 4.199326e-18
136.080000 2.785314e-18
136.140000 3.103770e-18
136.200000 2.616827e-18
136.260000 2.979948e-18
136.320000 3.448160e-18
136.380000 3.177667e-18
136.440000 3.400726e-18
136.500000 3.017100e-18
136.560000 1.912159e-18
136.620000 1.238016e-18
136.680000 2.621334e-18
136.740000 1.982930e-18
136.800000 1.384750e-18
136.860000 3.167275e-18
136.920000 1.657871e-18
136.980000 1.938465e-18
137.040000 2.670181e-18
137.100000 7.715637e-18
137.160000 8.019684e-18
137.220000 6.878884e-18
137.280000 2.903251e-18
137.340000 1.721022e-18
137.400000 1.598546e-18
137.460000 1.756614e-18
137.520000 1.298834e-18
137.580000 1.725228e-18
137.640000 1.775971e-18
137.700000 2.976131e-18
137.760000 2.804271e-18
137.820000 1.405912e-18
137.880000 1.113151e-18
137.940000 2.166800e-18
138.000000 3.369097e-18
138.060000 1.453341e-18
138.120000 2.101638e-18
138.180000 2.324619e-18
138.240000 1.933654e-18
138.300000 1.628120e-18
138.360000 3.054829e-18
138.420000 2.009229e-18
138.480000 2.345949e-18
138.540000 2.843477e-18
138.600000 3.112474e-18
138.660000 1.982538e-18
138.720000 1.821362e-18
138.780000 1.682123e-18
138.840000 3.477248e-18
138.900000 2.363400e-18
138.960000 1.796699e-18
139.020000 3.593085e-18
139.080000 1.390218e-18
139.140000 2.933547e-18
139.200000 3.395672e-18
139.260000 1.036894e-17
139.320000 3.312494e-17
139.380000 8.010963e-17
139.440000 7.705202e-17
139.500000 3.957751e-17
139.560000 9.905541e-18
139.620000 3.512518e-18
139.680000 3.872227e-18
139.740000 3.717617e-18
139.800000 2.589754e-18
139.860000 3.076421e-18
139.920000 4.515717e-18
139.980000 5.111864e-18
140.040000 7.972212e-18
140.100000 8.639087e-18
140.160000 1.338759e-17
140.220000 2.630095e-17
140.280000 3.937499e-17
140.340000 4.115397e-17
140.400000 2.611201e-17
140.460000 8.260658e-18
140.520000 6.775552e-18
140.580000 5.714178e-18
140.640000 5.567998e-18
140.700000 3.594377e-18
140.760000 3.784901e-18
140.820000 3.302738e-18
140.880000 3.217406e-18
140.940000 2.345653e-18
141.000000 3.618044e-18
141.060000 2.058496e-18
141.120000 1.503075e-18
141.180000 1.788991e-18
141.240000 1.445583e-18
141.300000 2.808123e-18
141.360000 3.326581e-18
141.420000 3.232559e-18
141.480000 2.056164e-18
141.540000 1.672927e-18
141.600000 2.902789e-18
141.660000 2.623434e-18
141.720000 2.322924e-18
141.780000 2.007162e-18
141.840000 1.519903e-18
141.900000 1.625495e-18
141.960000 1.173912e-18
142.020000 1.332719e-18
142.080000 2.154083e-18
142.140000 1.918141e-18
142.200000 3.216172e-18
142.260000 1.623478e-18
142.320000 2.934540e-18
142.380000 3.271389e-18
142.440000 2.416842e-18
142.500000 2.691693e-18
142.560000 3.534244e-18
142.620000 4.564817e-18
142.680000 1.606457e-18
142.740000 1.882240e-18
142.800000 2.343098e-18
142.860000 1.695882e-18
142.920000 1.875256e-18
142.980000 1.679294e-18
143.040000 1.450140e-18
143.100000 4.588312e-18
143.160000 3.588526e-18
143.220000 5.532173e-18
143.280000 7.923271e-18
143.340000 3.466908e-18
143.400000 2.685183e-18
143.460000 2.788121e-18
143.520000 3.812399e-18
143.580000 1.609713e-18
143.640000 2.083702e-18
143.700000 4.164740e-18
143.760000 3.837586e-18
143.820000 4.406052e-18
143.880000 1.795915e-18
143.940000 2.066677e-18
144.000000 2.665947e-18
144.060000 2.014580e-18
144.120000 1.286563e-18
144.180000 1.759622e-18
144.240000 2.287843e-18
144.300000 1.512070e-18
144.360000 3.580001e-18
144.420000 2.175160e-18
144.480000 1.712652e-18
144.540000 2.778449e-18
144.600000 1.679383e-18
144.660000 3.543890e-18
144.720000 2.465350e-18
144.780000 1.752718e-18
144.840000 1.294136e-18
144.900000 2.793365e-18
144.960000 2.468191e-18
145.020000 2.812406e-18
145.080000 3.208501e-18
145.140000 2.794280e-18
145.200000 1.526721e-18
145.260000 3.148478e-18
145.320000 3.884926e-18
145.380000 4.280268e-18
145.440000 3.752547e-18
145.500000 2.038496e-18
145.560000 3.570834e-18
145.620000 2.917519e-18
145.680000 3.489237e-18
145.740000 2.769092e-18
145.800000 3.827027e-18
145.860000 1.755010e-18
145.920000 4.107487e-18
145.980000 5.944442e-18
146.040000 1.509008e-18
146.100000 1.807999e-18
146.160000 3.085889e-18
146.220000 2.124659e-18
146.280000 5.190662e-18
146.340000 8.224054e-18
146.400000 6.734887e-18
146.460000 2.945244e-18
146.520000 1.895880e-18
146.580000 3.008256e-18
146.640000 3.078719e-18
146.700000 5.726163e-18
146.760000 3.898706e-18
146.820000 3.281034e-18
146.880000 4.367318e-18
146.940000 3.682442e-18
147.000000 3.177402e-18
147.060000 5.535227e-18
147.120000 2.154249e-18
147.180000 4.388966e-18
147.240000 5.533878e-18
147.300000 5.257129e-18
147.360000 5.611640e-18
147.420000 6.651936e-18
147.480000 5.706381e-18
147.540000 6.270982e-18
147.600000 3.003985e-18
147.660000 1.187444e-18
147.720000 5.166117e-18
147.780000 2.942794e-18
147.840000 3.562731e-18
147.900000 2.199653e-18
147.960000 1.734884e-18
148.020000 4.589371e-18
148.080000 4.504753e-18
148.140000 8.046034e-18
148.200000 7.167664e-18
148.260000 6.838216e-18
148.320000 7.723717e-18
148.380000 7.701513e-18
148.440000 3.268058e-18
148.500000 4.337560e-18
148.560000 3.563849e-18
148.620000 5.849002e-18
148.680000 3.734748e-18
148.740000 6.739553e-18
148.800000 4.618184e-18
148.860000 2.042022e-18
148.920000 3.641622e-18
148.980000 4.962972e-18
149.040000 5.030759e-18
149.100000 2.999269e-18
149.160000 1.366925e-18
149.220000 4.224098e-18
149.280000 5.781487e-18
149.340000 6.385465e-18
149.400000 6.739028e-18
149.460000 1.443652e-18
149.520000 3.544600e-18
149.580000 4.179218e-18
149.640000 2.144288e-18
149.700000 2.301722e-18
149.760000 1.052469e-18
149.820000 3.024433e-18
149.880000 2.931453e-18
149.940000 1.964262e-18
150.000000 4.081217e-18
150.060000 3.373633e-18
150.120000 2.141468e-18
150.180000 4.395090e-18
150.240000 1.601037e-18
150.300000 4.046743e-18
150.360000 3.549971e-18
150.420000 6.061285e-18
150.480000 2.680984e-18
150.540000 3.400853e-18
150.600000 3.492702e-18
150.660000 3.637315e-18
150.720000 4.290534e-18
150.780000 2.746951e-18
150.840000 3.098404e-18
150.900000 4.916663e-18
150.960000 2.881993e-18
151.020000 2.680892e-18
151.080000 4.867091e-18
151.140000 3.060539e-18
151.200000 9.811501e-18
151.260000 4.660699e-18
151.320000 5.592739e-18
151.380000 4.656006e-18
151.440000 3.296395e-18
151.500000 3.188294e-18
151.560000 3.235603e-18
151.620000 6.296714e-18
151.680000 2.156622e-18
151.740000 3.623586e-18
151.800000 4.307050e-18
151.860000 5.119174e-18
151.920000 3.409173e-18
151.980000 1.527074e-18
152.040000 2.394702e-18
152.100000 1.951908e-18
152.160000 4.605042e-18
152.220000 4.323745e-18
152.280000 1.753916e-18
152.340000 4.392451e-18
152.400000 1.650746e-18
152.460000 3.371503e-18
152.520000 3.579971e-18
152.580000 6.753928e-18
152.640000 7.441527e-18
152.700000 6.295462e-18
152.760000 5.833434e-18
152.820000 5.160108e-18
152.880000 6.667486e-18
152.940000 6.041464e-18
153.000000 8.964224e-19
153.060000 1.853090e-18
153.120000 2.890110e-18
153.180000 5.583766e-18
153.240000 3.209652e-18
153.300000 9.309497e-18
153.360000 1.286064e-17
153.420000 1.836790e-17
153.480000 7.915457e-18
153.540000 3.552760e-18
153.600000 2.438239e-18
153.660000 2.338661e-18
153.720000 4.220347e-18
153.780000 4.154081e-18
153.840000 6.039552e-18
153.900000 2.548994e-18
153.960000 2.490050e-18
154.020000 6.968411e-18
154.080000 3.269219e-18
154.140000 4.340339e-18
154.200000 8.085288e-18
154.260000 7.010557e-18
154.320000 5.209966e-18
154.380000 4.475249e-18
154.440000 6.179941e-18
154.500000 9.547611e-18
154.560000 7.967002e-18
154.620000 1.004439e-17
154.680000 1.757932e-17
154.740000 5.130063e-17
154.800000 1.867068e-16
154.860000 2.361469e-16
154.920000 1.848975e-16
154.980000 8.324977e-17
155.040000 8.968441e-17
155.100000 1.284831e-16
155.160000 1.264751e-16
155.220000 5.441539e-17
155.280000 1.755993e-17
155.340000 7.346711e-18
155.400000 5.667091e-18
155.460000 4.740530e-18
155.520000 8.047105e-18
155.580000 4.971454e-18
155.640000 5.634277e-18
155.700000 3.861763e-18
155.760000 8.166064e-18
155.820000 4.320948e-18
155.880000 3.527731e-18
155.940000 6.079447e-18
156.000000 1.661515e-17
156.060000 2.278948e-17
156.120000 3.671490e-17
156.180000 3.463637e-17
156.240000 2.101478e-17
156.300000 9.993917e-18
156.360000 3.609375e-18
156.420000 2.125657e-18
156.480000 4.009988e-18
156.540000 4.539263e-18
156.600000 3.368173e-18
156.660000 1.334952e-18
156.720000 2.596717e-18
156.780000 3.950450e-18
156.840000 1.749161e-18
156.900000 5.266821e-18
156.960000 2.099694e-18
157.020000 9.216782e-19
157.080000 5.640842e-19
157.140000 2.651669e-18
157.200000 5.652842e-18
157.260000 5.320596e-18
157.320000 4.288879e-18
157.380000 4.201177e-18
157.440000 5.168358e-18
157.500000 6.175543e-18
157.560000 4.658334e-18
157.620000 4.191983e-18
157.680000 2.116995e-18
157.740000 4.124428e-18
157.800000 3.385951e-18
157.860000 2.113196e-18
157.920000 8.000102e-19
157.980000 5.881546e-18
158.040000 3.486192e-18
158.100000 5.407986e-18
158.160000 4.599551e-18
158.220000 3.760547e-18
158.280000 1.164224e-18
158.340000 5.075200e-18
158.400000 2.924372e-18
158.460000 3.784326e-18
158.520000 4.714228e-18
158.580000 3.357116e-18
158.640000 6.827441e-18
158.700000 5.991769e-18
158.760000 4.848700e-18
158.820000 3.712858e-18
158.880000 3.108363e-18
158.940000 2.093788e-18
159.000000 7.212318e-18
159.060000 3.168311e-18
159.120000 4.290455e-18
159.180000 2.424292e-18
159.240000 3.708319e-18
159.300000 5.421294e-19
159.360000 3.548803e-18
159.420000 3.160171e-18
159.480000 5.430467e-18
159.540000 5.369717e-18
159.600000 5.389362e-18
159.660000 3.149425e-18
159.720000 4.776380e-18
159.780000 3.855568e-18
159.840000 5.338098e-18
159.900000 4.742953e-18
159.960000 4.987012e-18
160.020000 5.191084e-18
160.080000 7.367500e-18
160.140000 7.927332e-18
160.200000 1.662941e-18
160.260000 5.439782e-18
160.320000 7.308939e-18
160.380000 5.797740e-18
160.440000 4.044754e-18
160.500000 4.165708e-18
160.560000 3.273275e-18
160.620000 5.361813e-18
160.680000 7.413604e-18
160.740000 6.197175e-18
160.800000 2.870146e-18
160.860000 4.731915e-18
160.920000 2.213894e-18
160.980000 4.517766e-18
161.040000 1.487695e-18
161.100000 3.282789e-18
161.160000 3.352491e-18
161.220000 7.234184e-18
161.280000 4.976937e-18
161.340000 2.701089e-18
161.400000 1.005685e-17
161.460000 8.331770e-18
161.520000 -2.698342e-20
161.580000 3.644266e-18
161.640000 1.972998e-18
161.700000 3.603187e-18
161.760000 2.239321e-18
161.820000 3.264230e-18
161.880000 7.277845e-18
161.940000 4.436945e-18
162.000000 3.303141e-18
162.060000 3.982384e-18
162.120000 8.399604e-19
162.180000 8.751199e-18
162.240000 5.132357e-18
162.300000 6.212985e-18
162.360000 5.850012e-18
162.420000 4.214897e-18
162.480000 3.329380e-18
162.540000 6.077123e-18
162.600000 5.461439e-18
162.660000 1.517290e-18
162.720000 6.484295e-19
162.780000 1.124034e-18
162.840000 5.935083e-18
162.900000 5.401172e-18
162.960000 1.900505e-18
163.020000 8.569623e-18
163.080000 4.318159e-18
163.140000 1.585548e-18
163.200000 7.166204e-18
163.260000 4.730423e-18
163.320000 2.800142e-18
163.380000 3.929611e-18
163.440000 4.637412e-18
163.500000 4.500605e-18
163.560000 5.313236e-18
163.620000 6.887841e-18
163.680000 7.644352e-18
163.740000 5.984454e-18
163.800000 9.726382e-18
163.860000 5.451386e-18
163.920000 1.897792e-17
163.980000 1.051904e-16
164.040000 3.100172e-16
164.100000 3.832521e-16
164.160000 1.525983e-16
164.220000 4.599570e-17
164.280000 2.058039e-17
164.340000 9.829162e-18
164.400000 7.427049e-18
164.460000 3.612302e-18
164.520000 2.939318e-18
164.580000 1.811446e-18
164.640000 1.025636e-18
164.700000 3.737274e-18
164.760000 2.698718e-18
164.820000 2.796612e-18
164.880000 0.000000e+00
164.940000 3.880862e-18
165.000000 2.046839e-18
165.060000 3.826144e-18
165.120000 5.598833e-18
165.180000 1.882646e-18
165.240000 2.085231e-18
165.300000 2.755127e-18
165.360000 8.848329e-18
165.420000 3.511545e-18
165.480000 2.796015e-18
165.540000 1.373288e-17
165.600000 3.666358e-17
165.660000 6.296676e-17
165.720000 1.094072e-16
165.780000 1.026606e-16
165.840000 8.136950e-17
165.900000 3.904203e-17
165.960000 1.704059e-17
166.020000 1.008672e-17
166.080000 2.758381e-18
166.140000 7.214344e-18
166.200000 7.529211e-18
166.260000 7.809642e-18
166.320000 1.818873e-18
166.380000 3.953978e-18
166.440000 4.598752e-18
166.500000 3.178382e-18
166.560000 5.552388e-18
166.620000 7.286935e-18
166.680000 1.184256e-17
166.740000 8.216721e-18
166.800000 2.388601e-18
166.860000 2.457410e-18
166.920000 5.489122e-18
166.980000 2.956530e-18
167.040000 1.388482e-17
167.100000 2.690678e-17
167.160000 1.290974e-17
167.220000 8.904704e-18
167.280000 3.959668e-18
167.340000 2.731395e-18
167.400000 5.735857e-18
167.460000 5.611500e-18
167.520000 3.279766e-18
167.580000 5.053483e-18
167.640000 1.123748e-18
167.700000 2.220409e-18
167.760000 1.330957e-18
167.820000 2.515865e-18
167.880000 0.000000e+00
167.940000 3.628043e-18
168.000000 2.479548e-18
168.060000 1.070097e-18
168.120000 1.296656e-18
168.180000 2.523024e-18
168.240000 1.216723e-18
168.300000 2.552239e-18
168.360000 0.000000e+00
168.420000 1.067934e-18
168.480000 1.067459e-18
168.540000 0.000000e+00
168.600000 9.948970e-19
168.660000 5.819834e-18
168.720000 5.905581e-18
168.780000 4.525140e-18
168.840000 3.151315e-18
168.900000 3.044260e-18
168.960000 1.694610e-18
169.020000 5.604495e-18
169.080000 0.000000e+00
169.140000 4.172192e-18
169.200000 3.695231e-18
169.260000 3.449063e-18
169.320000 5.184699e-18
169.380000 2.767628e-18
169.440000 5.688009e-18
169.500000 3.497316e-18
169.560000 5.194922e-18
169.620000 4.544399e-18
169.680000 1.185852e-17
169.740000 1.022269e-18
169.800000 4.194962e-18
169.860000 3.699299e-18
169.920000 9.977631e-19
169.980000 4.801250e-18
200.019573 2.114665e-18
200.571864 2.993198e-18
201.124156 2.007804e-18
201.676447 2.746690e-18
202.228739 1.647366e-18
202.781030 4.607996e-18
203.333322 4.288233e-18
203.885613 6.558315e-18
204.437905 5.180980e-18
204.990196 6.519835e-18
205.542488 1.801489e-18
206.094779 3.981931e-18
206.647071 1.014026e-17
207.199362 5.612800e-18
207.751654 5.115141e-18
208.303945 5.850644e-18
208.856237 6.738832e-18
209.408528 6.628268e-18
209.960820 4.459864e-18
210.513111 1.081699e-17
211.065403 4.710198e-18
211.617694 6.670372e-18
212.169986 8.068942e-18
212.722277 7.155227e-18
213.274569 8.936660e-18
213.826860 4.407541e-18
214.379152 6.513817e-18
214.931443 8.174560e-18
215.483735 6.860529e-18
216.036026 6.832641e-18
216.588318 9.683436e-18
217.140609 1.084556e-17
217.692901 1.160242e-17
218.245192 9.549343e-18
218.797484 8.379087e-18
219.349775 9.529443e-18
219.902067 1.069515e-17
220.454358 1.074915e-17
221.006650 8.520057e-18
221.558941 1.231053e-17
222.111233 1.598344e-17
222.663524 1.097985e-17
223.215816 1.763720e-17
223.768107 1.546378e-17
224.320399 1.830031e-17
224.872690 1.614253e-17
225.424982 1.656405e-17
225.977273 1.535831e-17
226.529565 2.113231e-17
227.081856 1.713844e-17
227.634148 1.633847e-17
228.186439 2.074316e-17
228.738731 1.946192e-17
229.291022 1.946517e-17
229.843314 1.876484e-17
230.395605 1.762302e-17
230.947897 2.125395e-17
231.500188 2.107462e-17
232.052480 2.952166e-17
232.604771 2.346046e-17
233.157063 3.421157e-17
233.709354 3.627733e-17
234.261646 3.909307e-17
234.813937 3.876279e-17
235.366229 4.078589e-17
235.918520 4.454990e-17
236.470812 4.614457e-17
237.023103 5.215134e-17
237.575395 5.078185e-17
238.127686 5.148154e-17
238.679978 5.493362e-17
239.232269 5.357778e-17
239.784561 5.124609e-17
240.336852 4.752701e-17
240.889144 4.818330e-17
241.441435 4.928490e-17
241.993727 3.897764e-17
242.546018 3.395930e-17
243.098310 3.324875e-17
243.650601 3.405544e-17
244.202893 3.373781e-17
244.755184 3.055242e-17
245.307476 3.289461e-17
245.859767 2.812822e-17
246.412059 3.313525e-17
246.964350 3.519636e-17
247.516642 3.469308e-17
248.068933 3.894361e-17
248.621225 3.680938e-17
249.173516 3.951435e-17
249.725808 3.659751e-17
250.278099 3.360250e-17
250.830391 3.624080e-17
251.382682 3.844789e-17
251.934974 3.500760e-17
252.487265 3.703858e-17
253.039557 3.555284e-17
253.591848 3.665741e-17
254.144140 3.890590e-17
254.696431 3.818973e-17
255.248723 3.898314e-17
255.801014 3.864168e-17
256.353306 3.938611e-17
256.905597 3.763760e-17
257.457889 3.729634e-17
258.010180 4.255893e-17
258.562472 4.447228e-17
259.114763 4.833908e-17
259.667055 5.772151e-17
260.219346 6.555959e-17
260.771638 6.877013e-17
261.323929 7.401395e-17
261.876221 8.070274e-17
262.428512 8.226615e-17
262.980804 8.241107e-17
263.533095 7.517971e-17
264.085387 6.440835e-17
264.637678 5.332320e-17
265.189970 4.695196e-17
265.742261 4.097893e-17
266.294553 3.910274e-17
266.846844 3.932086e-17
267.399136 4.143478e-17
267.951427 4.183044e-17
268.503719 3.832267e-17
269.056010 3.867281e-17
269.608302 3.987010e-17
270.160593 4.302655e-17
270.712885 3.643408e-17
271.265176 4.235272e-17
271.817468 4.183077e-17
272.369759 4.711626e-17
272.922051 4.887305e-17
273.474342 5.452479e-17
274.026634 5.496685e-17
274.578925 5.989705e-17
275.131217 6.690136e-17
275.683508 6.233155e-17
276.235800 6.681241e-17
276.788091 6.347971e-17
277.340383 7.228101e-17
277.892674 7.172949e-17
278.444966 8.608245e-17
278.997257 1.060778e-16
279.549549 1.295105e-16
280.101840 1.588483e-16
280.654132 1.506532e-16
281.206423 1.375769e-16
281.758715 1.020220e-16
282.311006 7.905378e-17
282.863298 6.612745e-17
283.415589 6.038133e-17
283.967881 5.147325e-17
284.520172 5.810696e-17
285.072464 4.842425e-17
285.624755 5.525394e-17
286.177047 5.203838e-17
286.729338 4.615716e-17
287.281630 5.264422e-17
287.833921 5.389340e-17
288.386213 4.969194e-17
288.938504 5.052987e-17
289.490796 4.923637e-17
290.043087 4.313375e-17
290.595379 5.271498e-17
291.147670 4.815230e-17
291.699962 3.891795e-17
292.252253 4.670186e-17
292.804544 4.929658e-17
293.356836 4.416256e-17
293.909127 4.696344e-17
294.461419 4.808773e-17
338.000000 7.707216e-16
340.000000 7.639630e-16
342.000000 7.653740e-16
344.000000 8.623648e-16
346.000000 8.275333e-16
348.000000 5.445528e-16
350.000000 3.237214e-16
352.000000 5.499758e-16
354.000000 9.931486e-16
356.000000 9.864630e-16
358.000000 6.299433e-16
360.000000 4.668726e-16
362.000000 5.431137e-16
364.000000 6.067041e-16
366.000000 5.551988e-16
368.000000 5.546817e-16
370.000000 7.056502e-16
372.000000 8.124367e-16
374.000000 6.756320e-16
376.000000 4.329608e-16
378.000000 3.967306e-16
380.000000 5.681742e-16
382.000000 6.110436e-16
384.000000 3.891426e-16
386.000000 1.955322e-16
388.000000 2.990219e-16
390.000000 5.738019e-16
392.000000 7.327089e-16
394.000000 6.837672e-16
396.000000 5.765878e-16
398.000000 5.925504e-16
400.000000 7.585057e-16
402.000000 9.518424e-16
404.000000 1.031532e-15
406.000000 9.851103e-16
408.000000 9.216360e-16
410.000000 9.587725e-16
412.000000 1.110228e-15
414.000000 1.276311e-15
416.000000 1.318083e-15
418.000000 1.182787e-15
420.000000 9.425263e-16
422.000000 7.436948e-16
424.000000 7.062920e-16
426.000000 8.489976e-16
428.000000 1.085525e-15
430.000000 1.299104e-15
432.000000 1.412512e-15
434.000000 1.427492e-15
436.000000 1.412666e-15
438.000000 1.445852e-15
440.000000 1.559196e-15
442.000000 1.736726e-15
444.000000 1.926877e-15
446.000000 2.080946e-15
448.000000 2.179853e-15
450.000000 2.240286e-15
452.000000 2.302594e-15
454.000000 2.401687e-15
456.000000 2.544922e-15
458.000000 2.716051e-15
460.000000 2.870383e-15
462.000000 2.971625e-15
464.000000 2.996713e-15
466.000000 2.942931e-15
468.000000 2.844396e-15
470.000000 2.724961e-15
472.000000 2.620611e-15
474.000000 2.550384e-15
476.000000 2.516062e-15
478.000000 2.509805e-15
480.000000 2.524638e-15
482.000000 2.542304e-15
484.000000 2.566069e-15
486.000000 2.586811e-15
488.000000 2.612659e-15
490.000000 2.642813e-15
492.000000 2.672792e-15
494.000000 2.686807e-15
496.000000 2.673245e-15
498.000000 2.625794e-15
500.000000 2.538623e-15
502.000000 2.406737e-15
504.000000 2.256586e-15
506.000000 2.103694e-15
508.000000 1.976444e-15
510.000000 1.899848e-15
512.000000 1.888256e-15
514.000000 1.949467e-15
516.000000 2.078078e-15
518.000000 2.257610e-15
520.000000 2.460800e-15
522.000000 2.670556e-15
524.000000 2.862584e-15
526.000000 3.016513e-15
528.000000 3.128579e-15
530.000000 3.199843e-15
532.000000 3.230866e-15
534.000000 3.241462e-15
536.000000 3.252884e-15
538.000000 3.272765e-15
540.000000 3.309268e-15
542.000000 3.374273e-15
544.000000 3.467687e-15
546.000000 3.571005e-15
548.000000 3.683668e-15
550.000000 3.794084e-15
552.000000 3.892983e-15
554.000000 3.957392e-15
556.000000 4.000549e-15
558.000000 4.013295e-15
560.000000 3.996327e-15
562.000000 3.960213e-15
564.000000 3.916042e-15
566.000000 3.876086e-15
568.000000 3.847068e-15
570.000000 3.846978e-15
572.000000 3.878836e-15
574.000000 3.927015e-15
576.000000 3.995698e-15
578.000000 4.070303e-15
580.000000 4.154714e-15
582.000000 4.231746e-15
584.000000 4.291182e-15
586.000000 4.351786e-15
588.000000 4.399437e-15
590.000000 4.441246e-15
592.000000 4.486994e-15
594.000000 4.503631e-15
596.000000 4.505764e-15
598.000000 4.509200e-15
600.000000 4.502748e-15
602.000000 4.485664e-15
604.000000 4.449887e-15
606.000000 4.406131e-15
608.000000 4.354999e-15
610.000000 4.307840e-15
612.000000 4.271825e-15
614.000000 4.249265e-15
616.000000 4.242471e-15
618.000000 4.259753e-15
620.000000 4.281476e-15
622.000000 4.331925e-15
624.000000 4.423831e-15
626.000000 4.526057e-15
628.000000 4.643148e-15
630.000000 4.769910e-15
632.000000 4.889822e-15
634.000000 5.013030e-15
636.000000 5.104014e-15
638.000000 5.108866e-15
640.000000 5.062647e-15
642.000000 5.049616e-15
644.000000 5.028720e-15
646.000000 5.076805e-15
648.000000 5.217472e-15
650.000000 5.429805e-15
652.000000 5.635862e-15
654.000000 5.773559e-15
656.000000 5.811145e-15
658.000000 5.763445e-15
660.000000 5.672419e-15
662.000000 5.569263e-15
664.000000 5.464758e-15
666.000000 5.350764e-15
668.000000 5.232100e-15
670.000000 5.106496e-15
672.000000 4.968731e-15
674.000000 4.832413e-15
676.000000 4.732510e-15
678.000000 4.659812e-15
680.000000 4.620554e-15
682.000000 4.609652e-15
684.000000 4.612176e-15
686.000000 4.632094e-15
688.000000 4.687040e-15
690.000000 4.792626e-15
692.000000 4.953447e-15
694.000000 5.182866e-15
696.000000 5.428482e-15
698.000000 5.643002e-15
700.000000 5.769518e-15
702.000000 5.797328e-15
704.000000 5.698126e-15
706.000000 5.524742e-15
708.000000 5.338486e-15
710.000000 5.170969e-15
712.000000 5.065478e-15
714.000000 5.032607e-15
716.000000 5.064523e-15
718.000000 5.135027e-15
720.000000 5.217415e-15
722.000000 5.335947e-15
724.000000 5.466541e-15
726.000000 5.631871e-15
728.000000 5.843666e-15
730.000000 6.057895e-15
732.000000 6.240209e-15
734.000000 6.371844e-15
736.000000 6.447165e-15
738.000000 6.448188e-15
740.000000 6.408992e-15
742.000000 6.375539e-15
744.000000 6.367577e-15
746.000000 6.410322e-15
748.000000 6.490720e-15
750.000000 6.602480e-15
752.000000 6.680320e-15
754.000000 6.718020e-15
756.000000 6.668757e-15
758.000000 6.564301e-15
760.000000 6.425040e-15
762.000000 6.265247e-15
764.000000 6.133075e-15
766.000000 6.052083e-15
768.000000 6.020870e-15
770.000000 6.044780e-15
772.000000 6.078874e-15
774.000000 6.115708e-15
776.000000 6.154979e-15
778.000000 6.185939e-15
780.000000 6.209749e-15
782.000000 6.219553e-15
784.000000 6.255428e-15
786.000000 6.291682e-15
788.000000 6.328710e-15
790.000000 6.367845e-15
792.000000 6.398277e-15
794.000000 6.429395e-15
796.000000 6.458072e-15
798.000000 6.474899e-15
800.000000 6.503875e-15
802.000000 6.529648e-15
804.000000 6.555240e-15
806.000000 6.595782e-15
808.000000 6.622087e-15
810.000000 6.634987e-15
812.000000 6.639211e-15
814.000000 6.611191e-15
816.000000 6.611338e-15
818.000000 6.593701e-15
820.000000 6.593607e-15
822.000000 6.585295e-15
824.000000 6.585425e-15
826.000000 6.602333e-15
828.000000 6.609655e-15
830.000000 6.599308e-15
832.000000 6.576252e-15
834.000000 6.522671e-15
836.000000 6.462267e-15
838.000000 6.415920e-15
840.000000 6.347310e-15
842.000000 6.296436e-15
844.000000 6.226089e-15
846.000000 6.216117e-15
848.000000 6.214349e-15
850.000000 6.221975e-15
852.000000 6.209278e-15
854.000000 6.207728e-15
856.000000 6.200710e-15
858.000000 6.200326e-15
860.000000 6.183797e-15
862.000000 6.163953e-15
864.000000 6.164239e-15
866.000000 6.175877e-15
868.000000 6.237294e-15
870.000000 6.237436e-15
872.000000 6.298784e-15
874.000000 6.331010e-15
876.000000 6.371141e-15
878.000000 6.402328e-15
880.000000 6.455057e-15
882.000000 6.453926e-15
884.000000 6.437388e-15
886.000000 6.402901e-15
888.000000 6.375244e-15
890.000000 6.361690e-15
892.000000 6.342090e-15
894.000000 6.326913e-15
896.000000 6.350561e-15
898.000000 6.353915e-15
900.000000 6.377753e-15
902.000000 6.402198e-15
904.000000 6.400693e-15
906.000000 6.387973e-15
908.000000 6.404286e-15
910.000000 6.371308e-15
912.000000 6.344025e-15
914.000000 6.331012e-15
916.000000 6.326877e-15
918.000000 6.282259e-15
920.000000 6.277962e-15
922.000000 6.325080e-15
924.000000 6.314455e-15
926.000000 6.309615e-15
928.000000 6.350711e-15
930.000000 6.343369e-15
932.000000 6.321388e-15
934.000000 6.313680e-15
936.000000 6.294189e-15
938.000000 6.278023e-15
940.000000 6.227457e-15
942.000000 6.180709e-15
944.000000 6.214033e-15
946.000000 6.163144e-15
948.000000 6.146139e-15
950.000000 6.204214e-15
952.000000 6.177433e-15
954.000000 6.186909e-15
956.000000 6.238267e-15
958.000000 6.232691e-15
960.000000 6.231475e-15
962.000000 6.217031e-15
964.000000 6.205553e-15
966.000000 6.117012e-15
968.000000 6.067059e-15
970.000000 6.033046e-15
972.000000 5.913160e-15
974.000000 5.897043e-15
976.000000 5.850746e-15
978.000000 5.762716e-15
980.000000 5.810920e-15
982.000000 5.746073e-15
984.000000 5.771834e-15
986.000000 5.786395e-15
988.000000 5.746987e-15
990.000000 5.827398e-15
992.000000 5.783243e-15
994.000000 5.816611e-15
996.000000 5.828057e-15
998.000000 5.769573e-15
1000.000000 5.758090e-15
1002.000000 5.714112e-15
1004.000000 5.638168e-15
1006.000000 5.648681e-15
1008.000000 5.578318e-15
1010.000000 5.601228e-15
1012.000000 5.681122e-15
1014.000000 5.690872e-15
1016.000000 5.887099e-15
1018.000000 5.923240e-15
1020.000000 6.135528e-15
