
 Absorption Cross-Sections for:  SO2   

  64.0588       Molecular Weight of Principal Isotope

  Wavelength    Cross-Section
   (microns)       (cm**2) 

  1.06100E-01  2.04600E-17
  1.06200E-01  2.05700E-17
  1.06300E-01  2.04600E-17
  1.06400E-01  1.99500E-17
  1.06500E-01  1.90800E-17
  1.06600E-01  1.75100E-17
  1.06700E-01  1.58500E-17
  1.06800E-01  1.53400E-17
  1.06900E-01  1.54600E-17
  1.07000E-01  1.61600E-17
  1.07100E-01  1.79900E-17
  1.07200E-01  2.08200E-17
  1.07300E-01  2.10500E-17
  1.07400E-01  2.01600E-17
  1.07500E-01  1.99000E-17
  1.07600E-01  1.97200E-17
  1.07700E-01  1.94500E-17
  1.07800E-01  1.83900E-17
  1.07900E-01  1.35800E-17
  1.08000E-01  1.37300E-17
  1.08100E-01  1.39900E-17
  1.08200E-01  1.38200E-17
  1.08300E-01  1.32200E-17
  1.08400E-01  1.28000E-17
  1.08500E-01  1.52000E-17
  1.08600E-01  1.58500E-17
  1.08700E-01  1.54000E-17
  1.08800E-01  1.45700E-17
  1.08900E-01  1.45300E-17
  1.09000E-01  1.48100E-17
  1.09100E-01  1.50700E-17
  1.09200E-01  1.48000E-17
  1.09300E-01  1.40900E-17
  1.09400E-01  1.32500E-17
  1.09500E-01  1.24000E-17
  1.09600E-01  1.23400E-17
  1.09700E-01  1.42700E-17
  1.09800E-01  1.48900E-17
  1.09900E-01  1.41000E-17
  1.10000E-01  1.34200E-17
  1.10100E-01  1.33600E-17
  1.10200E-01  1.40500E-17
  1.10300E-01  1.89900E-17
  1.10400E-01  2.02400E-17
  1.10500E-01  1.94500E-17
  1.10600E-01  1.82200E-17
  1.10700E-01  1.73500E-17
  1.10800E-01  1.68800E-17
  1.10900E-01  1.72200E-17
  1.11000E-01  1.83700E-17
  1.11100E-01  2.15800E-17
  1.11200E-01  2.48000E-17
  1.11300E-01  3.13100E-17
  1.11400E-01  3.62300E-17
  1.11500E-01  3.36300E-17
  1.11600E-01  3.17600E-17
  1.11700E-01  3.07000E-17
  1.11800E-01  3.37400E-17
  1.11900E-01  3.80300E-17
  1.12000E-01  3.71600E-17
  1.12100E-01  3.27600E-17
  1.12200E-01  2.81900E-17
  1.12300E-01  2.71100E-17
  1.12400E-01  2.86500E-17
  1.12500E-01  3.30600E-17
  1.12600E-01  3.78900E-17
  1.12700E-01  3.98600E-17
  1.12800E-01  4.13500E-17
  1.12900E-01  4.20800E-17
  1.13000E-01  4.27900E-17
  1.13100E-01  4.57600E-17
  1.13200E-01  3.08800E-17
  1.13300E-01  2.08200E-17
  1.13400E-01  1.76400E-17
  1.13500E-01  1.62100E-17
  1.13600E-01  1.60600E-17
  1.13700E-01  1.73000E-17
  1.13800E-01  1.95800E-17
  1.13900E-01  2.20500E-17
  1.14000E-01  2.52200E-17
  1.14100E-01  2.68500E-17
  1.14200E-01  2.71500E-17
  1.14300E-01  2.55600E-17
  1.14400E-01  2.77800E-17
  1.14500E-01  2.79600E-17
  1.14600E-01  2.32800E-17
  1.14700E-01  1.85000E-17
  1.14800E-01  1.02000E-17
  1.14900E-01  1.03400E-17
  1.15000E-01  1.17600E-17
  1.15100E-01  1.21900E-17
  1.15200E-01  9.53500E-18
  1.15300E-01  8.56500E-18
  1.15400E-01  8.03400E-18
  1.15500E-01  7.75400E-18
  1.15600E-01  7.70000E-18
  1.15700E-01  7.77900E-18
  1.15800E-01  7.90200E-18
  1.15900E-01  8.04900E-18
  1.16000E-01  8.19800E-18
  1.16100E-01  8.36600E-18
  1.16200E-01  8.57700E-18
  1.16300E-01  8.80500E-18
  1.16400E-01  8.82500E-18
  1.16500E-01  8.78500E-18
  1.16600E-01  8.74400E-18
  1.16700E-01  8.98100E-18
  1.16800E-01  9.55700E-18
  1.16900E-01  9.62800E-18
  1.17000E-01  9.02200E-18
  1.17100E-01  8.64000E-18
  1.17200E-01  8.51400E-18
  1.17300E-01  8.38100E-18
  1.17400E-01  8.21300E-18
  1.17500E-01  7.97500E-18
  1.17600E-01  7.94500E-18
  1.17700E-01  8.06700E-18
  1.17800E-01  8.32800E-18
  1.17900E-01  9.16500E-18
  1.18000E-01  9.73900E-18
  1.18100E-01  1.01800E-17
  1.18200E-01  1.06300E-17
  1.18300E-01  1.09900E-17
  1.18400E-01  1.12100E-17
  1.18500E-01  1.14700E-17
  1.18600E-01  1.17800E-17
  1.18700E-01  1.20900E-17
  1.18800E-01  1.24300E-17
  1.18900E-01  1.28700E-17
  1.19000E-01  1.35500E-17
  1.19100E-01  1.45700E-17
  1.19200E-01  1.56800E-17
  1.19300E-01  1.68800E-17
  1.19400E-01  1.81700E-17
  1.19500E-01  1.89500E-17
  1.19600E-01  1.93100E-17
  1.19700E-01  1.97500E-17
  1.19800E-01  2.06300E-17
  1.19900E-01  2.25900E-17
  1.20000E-01  2.41500E-17
  1.20100E-01  2.54900E-17
  1.20200E-01  2.65700E-17
  1.20300E-01  2.78600E-17
  1.20400E-01  2.87300E-17
  1.20500E-01  2.96000E-17
  1.20600E-01  3.03800E-17
  1.20700E-01  3.11000E-17
  1.20800E-01  3.16900E-17
  1.20900E-01  3.22500E-17
  1.21000E-01  3.37400E-17
  1.21100E-01  3.58000E-17
  1.21200E-01  3.91700E-17
  1.21300E-01  3.95300E-17
  1.21400E-01  3.74700E-17
  1.21500E-01  3.67600E-17
  1.21600E-01  3.95700E-17
  1.21700E-01  4.19900E-17
  1.21800E-01  4.16600E-17
  1.21900E-01  3.93800E-17
  1.22000E-01  3.85900E-17
  1.22100E-01  3.92400E-17
  1.22200E-01  3.98200E-17
  1.22300E-01  4.00400E-17
  1.22400E-01  4.00400E-17
  1.22500E-01  4.00400E-17
  1.22600E-01  4.01200E-17
  1.22700E-01  4.03000E-17
  1.22800E-01  4.05600E-17
  1.22900E-01  4.12400E-17
  1.23000E-01  4.25500E-17
  1.23100E-01  4.41500E-17
  1.23200E-01  4.83900E-17
  1.23300E-01  5.34700E-17
  1.23400E-01  5.51500E-17
  1.23500E-01  5.62000E-17
  1.23600E-01  5.79600E-17
  1.23700E-01  5.98800E-17
  1.23800E-01  6.23000E-17
  1.23900E-01  6.60900E-17
  1.24000E-01  7.22000E-17
  1.24100E-01  7.59500E-17
  1.24200E-01  7.32000E-17
  1.24300E-01  7.30000E-17
  1.24400E-01  8.00800E-17
  1.24500E-01  9.50900E-17
  1.24600E-01  9.50900E-17
  1.24700E-01  9.01400E-17
  1.24800E-01  8.80500E-17
  1.24900E-01  8.89000E-17
  1.25000E-01  9.87500E-17
  1.25100E-01  1.12200E-16
  1.25200E-01  1.22600E-16
  1.25300E-01  1.23500E-16
  1.25400E-01  1.08100E-16
  1.25500E-01  9.40400E-17
  1.25600E-01  9.09700E-17
  1.25700E-01  9.22800E-17
  1.25800E-01  9.89300E-17
  1.25900E-01  1.01700E-16
  1.26000E-01  1.01600E-16
  1.26100E-01  1.00100E-16
  1.26200E-01  9.62300E-17
  1.26300E-01  9.43400E-17
  1.26400E-01  9.39100E-17
  1.26500E-01  9.31400E-17
  1.26600E-01  9.05600E-17
  1.26700E-01  8.69600E-17
  1.26800E-01  8.19800E-17
  1.26900E-01  7.61900E-17
  1.27000E-01  7.24600E-17
  1.27100E-01  7.05500E-17
  1.27200E-01  6.70700E-17
  1.27300E-01  5.87600E-17
  1.27400E-01  5.42600E-17
  1.27500E-01  5.08800E-17
  1.27600E-01  4.66100E-17
  1.27700E-01  4.26900E-17
  1.27800E-01  3.86500E-17
  1.27900E-01  3.58200E-17
  1.28000E-01  3.40800E-17
  1.28100E-01  3.28200E-17
  1.28200E-01  3.14300E-17
  1.28300E-01  2.87200E-17
  1.28400E-01  2.62500E-17
  1.28500E-01  2.48200E-17
  1.28600E-01  2.37700E-17
  1.28700E-01  2.29600E-17
  1.28800E-01  2.17700E-17
  1.28900E-01  2.05600E-17
  1.29000E-01  1.93700E-17
  1.29100E-01  1.83200E-17
  1.29200E-01  1.73800E-17
  1.29300E-01  1.64000E-17
  1.29400E-01  1.60000E-17
  1.29500E-01  1.58200E-17
  1.29600E-01  1.55100E-17
  1.29700E-01  1.48900E-17
  1.29800E-01  1.44300E-17
  1.29900E-01  1.40000E-17
  1.30000E-01  1.33500E-17
  1.30100E-01  1.24100E-17
  1.30200E-01  1.15800E-17
  1.30300E-01  1.07900E-17
  1.30400E-01  1.07000E-17
  1.30500E-01  1.14400E-17
  1.30600E-01  1.25700E-17
  1.30700E-01  1.32100E-17
  1.30800E-01  1.23100E-17
  1.30900E-01  1.21600E-17
  1.31000E-01  1.26000E-17
  1.31100E-01  1.34100E-17
  1.31200E-01  1.51500E-17
  1.31300E-01  1.56600E-17
  1.31400E-01  1.36100E-17
  1.31500E-01  1.24000E-17
  1.31600E-01  1.22500E-17
  1.31700E-01  1.36600E-17
  1.31800E-01  1.42900E-17
  1.31900E-01  1.17100E-17
  1.32000E-01  9.77500E-18
  1.32100E-01  1.01800E-17
  1.32200E-01  1.09700E-17
  1.32300E-01  1.19800E-17
  1.32400E-01  1.21500E-17
  1.32500E-01  9.25800E-18
  1.32600E-01  8.19100E-18
  1.32700E-01  7.68600E-18
  1.32800E-01  9.03900E-18
  1.32900E-01  1.15000E-17
  1.33000E-01  1.13400E-17
  1.33100E-01  1.00600E-17
  1.33200E-01  7.80800E-18
  1.33300E-01  6.78400E-18
  1.33400E-01  6.73800E-18
  1.33500E-01  8.21300E-18
  1.33600E-01  9.51700E-18
  1.33700E-01  1.00600E-17
  1.33800E-01  7.91600E-18
  1.33900E-01  6.53900E-18
  1.34000E-01  4.94900E-18
  1.34100E-01  4.29100E-18
  1.34200E-01  3.57700E-18
  1.34300E-01  3.25500E-18
  1.34400E-01  3.43200E-18
  1.34500E-01  3.82400E-18
  1.34600E-01  4.37000E-18
  1.34700E-01  4.52400E-18
  1.34800E-01  4.12600E-18
  1.34900E-01  3.71100E-18
  1.35000E-01  3.36900E-18
  1.35100E-01  3.14400E-18
  1.35200E-01  3.08000E-18
  1.35300E-01  3.08000E-18
  1.35400E-01  3.10100E-18
  1.35500E-01  3.13700E-18
  1.35600E-01  3.18800E-18
  1.35700E-01  3.24000E-18
  1.35800E-01  3.26200E-18
  1.35900E-01  3.23200E-18
  1.36000E-01  3.18100E-18
  1.36100E-01  3.12300E-18
  1.36200E-01  3.08000E-18
  1.36300E-01  3.13700E-18
  1.36400E-01  3.13700E-18
  1.36500E-01  3.09400E-18
  1.36600E-01  3.17300E-18
  1.36700E-01  3.08700E-18
  1.36800E-01  2.96200E-18
  1.36900E-01  2.96200E-18
  1.37000E-01  3.22500E-18
  1.37100E-01  3.33100E-18
  1.37200E-01  3.31500E-18
  1.37300E-01  3.24700E-18
  1.37400E-01  3.21000E-18
  1.37500E-01  3.20300E-18
  1.37600E-01  3.23200E-18
  1.37700E-01  3.27700E-18
  1.37800E-01  3.36100E-18
  1.37900E-01  3.48800E-18
  1.38000E-01  3.55200E-18
  1.38100E-01  3.52800E-18
  1.38200E-01  3.49600E-18
  1.38300E-01  3.48000E-18
  1.38400E-01  3.46400E-18
  1.38500E-01  3.47200E-18
  1.38600E-01  3.48800E-18
  1.38700E-01  3.52000E-18
  1.38800E-01  3.55200E-18
  1.38900E-01  3.57700E-18
  1.39000E-01  3.65200E-18
  1.39100E-01  3.71100E-18
  1.39200E-01  3.76300E-18
  1.39300E-01  3.82400E-18
  1.39400E-01  3.85100E-18
  1.39500E-01  3.77200E-18
  1.39600E-01  3.66900E-18
  1.39700E-01  3.52800E-18
  1.39800E-01  3.44000E-18
  1.39900E-01  3.44000E-18
  1.40000E-01  3.48800E-18
  1.40100E-01  3.52000E-18
  1.40200E-01  3.53600E-18
  1.40300E-01  3.55200E-18
  1.40400E-01  3.57700E-18
  1.40500E-01  3.60200E-18
  1.40600E-01  3.61800E-18
  1.40700E-01  3.63500E-18
  1.40800E-01  3.66000E-18
  1.40900E-01  3.69400E-18
  1.41000E-01  3.74600E-18
  1.41100E-01  3.75400E-18
  1.41200E-01  3.72000E-18
  1.41300E-01  3.70300E-18
  1.41400E-01  3.70300E-18
  1.41500E-01  3.73700E-18
  1.41600E-01  3.78000E-18
  1.41700E-01  3.85900E-18
  1.41800E-01  4.00400E-18
  1.41900E-01  4.28100E-18
  1.42000E-01  4.28100E-18
  1.42100E-01  4.12600E-18
  1.42200E-01  4.15400E-18
  1.42300E-01  4.21200E-18
  1.42400E-01  4.09700E-18
  1.42500E-01  3.88600E-18
  1.42600E-01  3.75400E-18
  1.42700E-01  3.72000E-18
  1.42800E-01  3.72000E-18
  1.42900E-01  3.77200E-18
  1.43000E-01  3.92200E-18
  1.43100E-01  4.09700E-18
  1.43200E-01  4.05100E-18
  1.43300E-01  4.00400E-18
  1.43400E-01  4.24100E-18
  1.43500E-01  4.24100E-18
  1.43600E-01  4.11600E-18
  1.43700E-01  3.95800E-18
  1.43800E-01  3.81500E-18
  1.43900E-01  3.73700E-18
  1.44000E-01  3.73700E-18
  1.44100E-01  3.86800E-18
  1.44200E-01  4.07900E-18
  1.44300E-01  4.32000E-18
  1.44400E-01  4.57600E-18
  1.44500E-01  4.62900E-18
  1.44600E-01  4.70500E-18
  1.44700E-01  4.79200E-18
  1.44800E-01  4.58700E-18
  1.44900E-01  4.21200E-18
  1.45000E-01  3.97700E-18
  1.45100E-01  3.89500E-18
  1.45200E-01  3.94000E-18
  1.45300E-01  4.15400E-18
  1.45400E-01  4.55500E-18
  1.45500E-01  4.88100E-18
  1.45600E-01  5.00600E-18
  1.45700E-01  4.92600E-18
  1.45800E-01  4.82500E-18
  1.45900E-01  4.82500E-18
  1.46000E-01  4.73700E-18
  1.46100E-01  4.62900E-18
  1.46200E-01  4.57600E-18
  1.46300E-01  4.53400E-18
  1.46400E-01  4.52400E-18
  1.46500E-01  4.55500E-18
  1.46600E-01  4.60800E-18
  1.46700E-01  4.69400E-18
  1.46800E-01  4.78100E-18
  1.46900E-01  4.92600E-18
  1.47000E-01  5.14700E-18
  1.47100E-01  5.40200E-18
  1.47200E-01  5.48900E-18
  1.47300E-01  5.46400E-18
  1.47400E-01  5.30300E-18
  1.47500E-01  5.04100E-18
  1.47600E-01  4.81400E-18
  1.47700E-01  4.65100E-18
  1.47800E-01  4.59700E-18
  1.47900E-01  4.61900E-18
  1.48000E-01  4.79200E-18
  1.48100E-01  5.18200E-18
  1.48200E-01  5.57900E-18
  1.48300E-01  5.99100E-18
  1.48400E-01  6.10300E-18
  1.48500E-01  6.04700E-18
  1.48600E-01  5.70800E-18
  1.48700E-01  5.34000E-18
  1.48800E-01  5.04100E-18
  1.48900E-01  4.80300E-18
  1.49000E-01  4.65100E-18
  1.49100E-01  4.60800E-18
  1.49200E-01  4.67200E-18
  1.49300E-01  4.83600E-18
  1.49400E-01  5.11100E-18
  1.49500E-01  5.65600E-18
  1.49600E-01  6.07500E-18
  1.49700E-01  6.31700E-18
  1.49800E-01  6.31700E-18
  1.49900E-01  6.17300E-18
  1.50000E-01  5.84100E-18
  1.50100E-01  5.48900E-18
  1.50200E-01  5.25400E-18
  1.50300E-01  5.07600E-18
  1.50400E-01  4.97200E-18
  1.50500E-01  4.92600E-18
  1.50600E-01  4.97200E-18
  1.50700E-01  5.06400E-18
  1.50800E-01  5.26600E-18
  1.50900E-01  5.52700E-18
  1.51000E-01  5.81500E-18
  1.51100E-01  5.99100E-18
  1.51200E-01  5.99100E-18
  1.51300E-01  5.63000E-18
  1.51400E-01  5.50200E-18
  1.51500E-01  5.40200E-18
  1.51600E-01  5.24200E-18
  1.51700E-01  4.94900E-18
  1.51800E-01  4.59700E-18
  1.51900E-01  4.25100E-18
  1.52000E-01  3.94000E-18
  1.52100E-01  3.82400E-18
  1.52200E-01  3.85900E-18
  1.52300E-01  4.23200E-18
  1.52400E-01  4.68300E-18
  1.52500E-01  5.17000E-18
  1.52600E-01  5.59100E-18
  1.52700E-01  5.70800E-18
  1.52800E-01  5.59100E-18
  1.52900E-01  5.08800E-18
  1.53000E-01  4.51400E-18
  1.53100E-01  4.02300E-18
  1.53200E-01  3.70300E-18
  1.53300E-01  3.46400E-18
  1.53400E-01  3.35400E-18
  1.53500E-01  3.35400E-18
  1.53600E-01  3.49600E-18
  1.53700E-01  3.98600E-18
  1.53800E-01  4.54500E-18
  1.53900E-01  5.18200E-18
  1.54000E-01  5.59100E-18
  1.54100E-01  5.47700E-18
  1.54200E-01  5.06400E-18
  1.54300E-01  4.46200E-18
  1.54400E-01  3.94900E-18
  1.54500E-01  3.48000E-18
  1.54600E-01  3.14400E-18
  1.54700E-01  2.95500E-18
  1.54800E-01  2.82200E-18
  1.54900E-01  2.79600E-18
  1.55000E-01  2.92100E-18
  1.55100E-01  3.22500E-18
  1.55200E-01  3.56900E-18
  1.55300E-01  3.95800E-18
  1.55400E-01  4.42100E-18
  1.55500E-01  4.74800E-18
  1.55600E-01  4.45200E-18
  1.55700E-01  3.91300E-18
  1.55800E-01  3.44000E-18
  1.55900E-01  3.03100E-18
  1.56000E-01  2.70700E-18
  1.56100E-01  2.46900E-18
  1.56200E-01  2.30900E-18
  1.56300E-01  2.26700E-18
  1.56400E-01  2.29400E-18
  1.56500E-01  2.35200E-18
  1.56600E-01  2.50900E-18
  1.56700E-01  2.73900E-18
  1.56800E-01  2.99600E-18
  1.56900E-01  3.27000E-18
  1.57000E-01  3.39200E-18
  1.57100E-01  3.33100E-18
  1.57200E-01  2.99600E-18
  1.57300E-01  2.52600E-18
  1.57400E-01  2.14500E-18
  1.57500E-01  1.96600E-18
  1.57600E-01  1.84700E-18
  1.57700E-01  1.78500E-18
  1.57800E-01  1.78000E-18
  1.57900E-01  1.81400E-18
  1.58000E-01  1.90800E-18
  1.58100E-01  1.99800E-18
  1.58200E-01  2.09700E-18
  1.58300E-01  2.13100E-18
  1.58400E-01  2.12600E-18
  1.58500E-01  2.06800E-18
  1.58600E-01  2.00700E-18
  1.58700E-01  1.92500E-18
  1.58800E-01  1.79300E-18
  1.58900E-01  1.67300E-18
  1.59000E-01  1.55800E-18
  1.59100E-01  1.45400E-18
  1.59200E-01  1.36600E-18
  1.59300E-01  1.30800E-18
  1.59400E-01  1.27500E-18
  1.59500E-01  1.27500E-18
  1.59600E-01  1.29900E-18
  1.59700E-01  1.32300E-18
  1.59800E-01  1.33500E-18
  1.59900E-01  1.33500E-18
  1.60000E-01  1.30800E-18
  1.60100E-01  1.26900E-18
  1.60200E-01  1.21800E-18
  1.60300E-01  1.16000E-18
  1.60400E-01  1.10000E-18
  1.60500E-01  1.03000E-18
  1.60600E-01  9.85000E-19
  1.60700E-01  9.40800E-19
  1.60800E-01  9.08900E-19
  1.60900E-01  8.86200E-19
  1.61000E-01  8.68000E-19
  1.61100E-01  8.60000E-19
  1.61200E-01  8.68000E-19
  1.61300E-01  8.76000E-19
  1.61400E-01  8.76000E-19
  1.61500E-01  8.66000E-19
  1.61600E-01  8.44300E-19
  1.61700E-01  8.13800E-19
  1.61800E-01  7.84400E-19
  1.61900E-01  7.54300E-19
  1.62000E-01  7.25300E-19
  1.62100E-01  6.97500E-19
  1.62200E-01  6.72200E-19
  1.62300E-01  6.46400E-19
  1.62400E-01  6.17300E-19
  1.62500E-01  5.89500E-19
  1.62600E-01  5.72200E-19
  1.62700E-01  5.64300E-19
  1.62800E-01  5.56600E-19
  1.62900E-01  5.47700E-19
  1.63000E-01  5.35200E-19
  1.63100E-01  5.21800E-19
  1.63200E-01  5.08800E-19
  1.63300E-01  4.96000E-19
  1.63400E-01  4.83600E-19
  1.63500E-01  4.70500E-19
  1.63600E-01  4.51400E-19
  1.63700E-01  4.29100E-19
  1.63800E-01  4.21200E-19
  1.63900E-01  4.17400E-19
  1.64000E-01  4.11600E-19
  1.64100E-01  3.98600E-19
  1.64200E-01  3.83300E-19
  1.64300E-01  3.68600E-19
  1.64400E-01  3.61800E-19
  1.64500E-01  3.58500E-19
  1.64600E-01  3.57700E-19
  1.64700E-01  3.60200E-19
  1.64800E-01  3.66900E-19
  1.64900E-01  3.73700E-19
  1.65000E-01  3.78900E-19
  1.65100E-01  3.75400E-19
  1.65200E-01  3.58500E-19
  1.65300E-01  3.42400E-19
  1.65400E-01  3.27000E-19
  1.65500E-01  3.16600E-19
  1.65600E-01  3.13700E-19
  1.65700E-01  3.15900E-19
  1.65800E-01  3.21000E-19
  1.65900E-01  3.30000E-19
  1.66000E-01  3.31500E-19
  1.66100E-01  3.26200E-19
  1.66200E-01  3.15900E-19
  1.66300E-01  3.04500E-19
  1.66400E-01  2.94100E-19
  1.66500E-01  2.84800E-19
  1.66600E-01  2.80900E-19
  1.66700E-01  2.83500E-19
  1.66800E-01  2.92800E-19
  1.66900E-01  3.07300E-19
  1.67000E-01  3.25500E-19
  1.67100E-01  3.38500E-19
  1.67200E-01  3.48800E-19
  1.67300E-01  3.48800E-19
  1.67400E-01  3.39200E-19
  1.67500E-01  3.24000E-19
  1.67600E-01  3.10800E-19
  1.67700E-01  3.08000E-19
  1.67800E-01  3.13700E-19
  1.67900E-01  3.43200E-19
  1.68000E-01  3.84200E-19
  1.68100E-01  3.84200E-19
  1.68200E-01  3.75400E-19
  1.68300E-01  3.76300E-19
  1.68400E-01  3.91300E-19
  1.68500E-01  3.91300E-19
  1.68600E-01  3.68600E-19
  1.68700E-01  3.36900E-19
  1.68800E-01  3.36100E-19
  1.68900E-01  3.52000E-19
  1.69000E-01  3.99500E-19
  1.69100E-01  4.53400E-19
  1.69200E-01  4.85900E-19
  1.69300E-01  4.73700E-19
  1.69400E-01  4.37000E-19
  1.69500E-01  3.98600E-19
  1.69600E-01  3.87700E-19
  1.69700E-01  3.94000E-19
  1.69800E-01  4.20300E-19
  1.69900E-01  4.59700E-19
  1.70000E-01  5.07600E-19
  1.70100E-01  5.23000E-19
  1.70200E-01  5.20600E-19
  1.70300E-01  5.24200E-19
  1.70400E-01  5.35200E-19
  1.70500E-01  5.50200E-19
  1.70600E-01  5.57900E-19
  1.70700E-01  5.57900E-19
  1.70800E-01  5.54000E-19
  1.70900E-01  5.42600E-19
  1.71000E-01  5.23000E-19
  1.71100E-01  5.08800E-19
  1.71200E-01  5.08800E-19
  1.71300E-01  5.27900E-19
  1.71400E-01  5.60400E-19
  1.71500E-01  6.17300E-19
  1.71600E-01  7.28600E-19
  1.71700E-01  7.28600E-19
  1.71800E-01  6.75300E-19
  1.71900E-01  6.25900E-19
  1.72000E-01  5.92300E-19
  1.72100E-01  6.00500E-19
  1.72200E-01  6.34600E-19
  1.72300E-01  6.87900E-19
  1.72400E-01  7.43900E-19
  1.72500E-01  8.04500E-19
  1.72600E-01  8.68000E-19
  1.72700E-01  8.68000E-19
  1.72800E-01  8.06300E-19
  1.72900E-01  7.42200E-19
  1.73000E-01  6.81600E-19
  1.73100E-01  6.28800E-19
  1.73200E-01  6.28800E-19
  1.73300E-01  6.91100E-19
  1.73400E-01  7.91600E-19
  1.73500E-01  1.00600E-18
  1.73600E-01  1.11800E-18
  1.73700E-01  1.06300E-18
  1.73800E-01  9.51700E-19
  1.73900E-01  8.88200E-19
  1.74000E-01  8.40500E-19
  1.74100E-01  8.56100E-19
  1.74200E-01  9.23700E-19
  1.74300E-01  9.96600E-19
  1.74400E-01  1.04400E-18
  1.74500E-01  1.06300E-18
  1.74600E-01  1.08500E-18
  1.74700E-01  1.11300E-18
  1.74800E-01  1.13900E-18
  1.74900E-01  1.17600E-18
  1.75000E-01  1.24000E-18
  1.75100E-01  1.30200E-18
  1.75200E-01  1.29600E-18
  1.75300E-01  1.15500E-18
  1.75400E-01  1.01000E-18
  1.75500E-01  1.01000E-18
  1.75600E-01  1.07800E-18
  1.75700E-01  1.13100E-18
  1.75800E-01  1.18200E-18
  1.75900E-01  1.40100E-18
  1.76000E-01  1.62400E-18
  1.76100E-01  1.62400E-18
  1.76200E-01  1.35700E-18
  1.76300E-01  1.38200E-18
  1.76400E-01  1.39500E-18
  1.76500E-01  1.38200E-18
  1.76600E-01  1.22000E-18
  1.76700E-01  1.04100E-18
  1.76800E-01  1.28100E-18
  1.76900E-01  1.69600E-18
  1.77000E-01  1.74000E-18
  1.77100E-01  1.63100E-18
  1.77200E-01  1.66900E-18
  1.77300E-01  1.82200E-18
  1.77400E-01  1.93400E-18
  1.77500E-01  1.66900E-18
  1.77600E-01  1.44100E-18
  1.77700E-01  1.33200E-18
  1.77800E-01  1.39500E-18
  1.77900E-01  1.52200E-18
  1.78000E-01  1.50500E-18
  1.78100E-01  1.53600E-18
  1.78200E-01  1.77200E-18
  1.78300E-01  2.03900E-18
  1.78400E-01  2.08200E-18
  1.78500E-01  2.03500E-18
  1.78600E-01  1.98800E-18
  1.78700E-01  1.91700E-18
  1.78800E-01  1.78000E-18
  1.78900E-01  1.66900E-18
  1.79000E-01  1.66900E-18
  1.79100E-01  1.78900E-18
  1.79200E-01  1.97900E-18
  1.79300E-01  1.89900E-18
  1.79400E-01  1.89000E-18
  1.79500E-01  1.99800E-18
  1.79600E-01  2.21100E-18
  1.79700E-01  2.55000E-18
  1.79800E-01  2.58500E-18
  1.79900E-01  2.40200E-18
  1.80000E-01  2.22600E-18
  1.80100E-01  2.06300E-18
  1.80200E-01  1.91700E-18
  1.80300E-01  1.89000E-18
  1.80400E-01  2.00700E-18
  1.80500E-01  2.23100E-18
  1.80600E-01  2.48000E-18
  1.80700E-01  2.50900E-18
  1.80800E-01  2.47500E-18
  1.80900E-01  2.60900E-18
  1.81000E-01  3.36900E-18
  1.81100E-01  3.52800E-18
  1.81200E-01  3.25500E-18
  1.81300E-01  2.49200E-18
  1.81400E-01  2.16000E-18
  1.81500E-01  2.21100E-18
  1.81600E-01  2.53800E-18
  1.81700E-01  2.33600E-18
  1.81800E-01  2.25200E-18
  1.81900E-01  2.52600E-18
  1.82000E-01  3.10800E-18
  1.82100E-01  3.89500E-18
  1.82200E-01  3.48800E-18
  1.82300E-01  2.96800E-18
  1.82400E-01  2.94100E-18
  1.82500E-01  3.18100E-18
  1.82600E-01  3.59400E-18
  1.82700E-01  3.59400E-18
  1.82800E-01  2.80900E-18
  1.82900E-01  2.45800E-18
  1.83000E-01  2.45800E-18
  1.83100E-01  2.69500E-18
  1.83200E-01  3.16600E-18
  1.83300E-01  3.73700E-18
  1.83400E-01  4.45200E-18
  1.83500E-01  4.94900E-18
  1.83600E-01  4.94900E-18
  1.83700E-01  4.36000E-18
  1.83800E-01  3.75400E-18
  1.83900E-01  3.22500E-18
  1.84000E-01  2.83500E-18
  1.84100E-01  2.74500E-18
  1.84200E-01  2.78900E-18
  1.84300E-01  3.16600E-18
  1.84400E-01  3.71100E-18
  1.84500E-01  4.59700E-18
  1.84600E-01  5.42600E-18
  1.84700E-01  5.42600E-18
  1.84800E-01  4.62900E-18
  1.84900E-01  4.32000E-18
  1.85000E-01  4.66100E-18
  1.85100E-01  4.81400E-18
  1.85200E-01  4.41100E-18
  1.85300E-01  3.72000E-18
  1.85400E-01  3.33100E-18
  1.85500E-01  3.42400E-18
  1.85600E-01  3.68600E-18
  1.85700E-01  3.85900E-18
  1.85800E-01  3.72000E-18
  1.85900E-01  3.56900E-18
  1.86000E-01  4.65100E-18
  1.86100E-01  6.20200E-18
  1.86200E-01  6.31700E-18
  1.86300E-01  6.06100E-18
  1.86400E-01  5.41400E-18
  1.86500E-01  4.78100E-18
  1.86600E-01  4.22200E-18
  1.86700E-01  3.72800E-18
  1.86800E-01  3.36100E-18
  1.86900E-01  3.24000E-18
  1.87000E-01  3.56900E-18
  1.87100E-01  5.40200E-18
  1.87200E-01  6.83200E-18
  1.87300E-01  6.03300E-18
  1.87400E-01  5.65600E-18
  1.87500E-01  5.84100E-18
  1.87600E-01  5.84100E-18
  1.87700E-01  5.17000E-18
  1.87800E-01  4.72600E-18
  1.87900E-01  4.44100E-18
  1.88000E-01  4.31000E-18
  1.88100E-01  4.75900E-18
  1.88200E-01  4.74800E-18
  1.88300E-01  4.07900E-18
  1.88400E-01  3.82400E-18
  1.88500E-01  4.23200E-18
  1.88600E-01  6.23000E-18
  1.88700E-01  7.70000E-18
  1.88800E-01  6.81600E-18
  1.88900E-01  6.39100E-18
  1.89000E-01  6.31000E-18
  1.89100E-01  6.14500E-18
  1.89200E-01  5.31300E-18
  1.89300E-01  4.57700E-18
  1.89400E-01  3.93800E-18
  1.89500E-01  3.89800E-18
  1.89600E-01  5.50900E-18
  1.89700E-01  7.21200E-18
  1.89800E-01  6.34600E-18
  1.89900E-01  6.10300E-18
  1.90000E-01  6.58400E-18
  1.90100E-01  7.35400E-18
  1.90200E-01  9.17300E-18
  1.90300E-01  9.06300E-18
  1.90400E-01  8.06900E-18
  1.90500E-01  7.89800E-18
  1.90600E-01  6.70100E-18
  1.90700E-01  5.62400E-18
  1.90800E-01  5.03700E-18
  1.90900E-01  6.72900E-18
  1.91000E-01  5.41600E-18
  1.91100E-01  4.91600E-18
  1.91200E-01  6.69600E-18
  1.91300E-01  7.33800E-18
  1.91400E-01  8.92000E-18
  1.91500E-01  7.05300E-18
  1.91600E-01  6.32800E-18
  1.91700E-01  7.08600E-18
  1.91800E-01  8.67800E-18
  1.91900E-01  9.51300E-18
  1.92000E-01  8.00300E-18
  1.92100E-01  6.73900E-18
  1.92200E-01  5.49300E-18
  1.92300E-01  4.68000E-18
  1.92400E-01  6.33900E-18
  1.92500E-01  6.93700E-18
  1.92600E-01  6.04200E-18
  1.92700E-01  5.52000E-18
  1.92800E-01  5.66800E-18
  1.92900E-01  9.49100E-18
  1.93000E-01  1.16900E-17
  1.93100E-01  9.96400E-18
  1.93200E-01  8.64500E-18
  1.93300E-01  8.23900E-18
  1.93400E-01  7.12900E-18
  1.93500E-01  6.06400E-18
  1.93600E-01  6.26700E-18
  1.93700E-01  6.35000E-18
  1.93800E-01  6.56400E-18
  1.93900E-01  5.88800E-18
  1.94000E-01  6.53100E-18
  1.94100E-01  7.20100E-18
  1.94200E-01  9.12900E-18
  1.94300E-01  8.12400E-18
  1.94400E-01  7.43200E-18
  1.94500E-01  1.07400E-17
  1.94600E-01  1.22500E-17
  1.94700E-01  9.67800E-18
  1.94800E-01  8.67800E-18
  1.94900E-01  7.58000E-18
  1.95000E-01  6.57500E-18
  1.95100E-01  6.41500E-18
  1.95200E-01  6.27800E-18
  1.95300E-01  5.88300E-18
  1.95400E-01  5.44300E-18
  1.95500E-01  5.39400E-18
  1.95600E-01  4.89900E-18
  1.95700E-01  8.71100E-18
  1.95800E-01  1.14400E-17
  1.95900E-01  1.51700E-17
  1.96000E-01  1.21700E-17
  1.96100E-01  1.07900E-17
  1.96200E-01  8.88200E-18
  1.96300E-01  7.70100E-18
  1.96400E-01  7.25000E-18
  1.96500E-01  6.76100E-18
  1.96600E-01  6.82700E-18
  1.96700E-01  6.83800E-18
  1.96800E-01  5.57500E-18
  1.96900E-01  5.28900E-18
  1.97000E-01  4.88300E-18
  1.97100E-01  4.82800E-18
  1.97200E-01  9.26100E-18
  1.97300E-01  9.82600E-18
  1.97400E-01  1.22400E-17
  1.97500E-01  1.21800E-17
  1.97600E-01  1.19100E-17
  1.97700E-01  1.06800E-17
  1.97800E-01  8.85400E-18
  1.97900E-01  8.26100E-18
  1.98000E-01  6.35000E-18
  1.98100E-01  5.14700E-18
  1.98200E-01  4.97100E-18
  1.98300E-01  4.69100E-18
  1.98400E-01  4.32800E-18
  1.98500E-01  3.74100E-18
  1.98600E-01  4.18000E-18
  1.98700E-01  7.71200E-18
  1.98800E-01  8.33800E-18
  1.98900E-01  1.25200E-17
  1.99000E-01  1.50000E-17
  1.99100E-01  1.09400E-17
  1.99200E-01  9.32100E-18
  1.99300E-01  7.59100E-18
  1.99400E-01  6.62400E-18
  1.99500E-01  5.97600E-18
  1.99600E-01  6.37100E-18
  1.99700E-01  6.23400E-18
  1.99800E-01  4.94300E-18
  1.99900E-01  4.41600E-18
  2.00000E-01  4.08100E-18
  2.00100E-01  3.70800E-18
  2.00200E-01  3.43800E-18
  2.00300E-01  4.08100E-18
  2.00400E-01  1.19600E-17
  2.00500E-01  1.43700E-17
  2.00600E-01  1.06900E-17
  2.00700E-01  1.03600E-17
  2.00800E-01  9.12900E-18
  2.00900E-01  8.67300E-18
  2.01000E-01  7.93700E-18
  2.01100E-01  6.15700E-18
  2.01200E-01  5.66300E-18
  2.01300E-01  5.20700E-18
  2.01400E-01  5.08600E-18
  2.01500E-01  4.81200E-18
  2.01600E-01  4.09800E-18
  2.01700E-01  4.18000E-18
  2.01800E-01  6.91500E-18
  2.01900E-01  8.73900E-18
  2.02000E-01  8.19000E-18
  2.02100E-01  1.20100E-17
  2.02200E-01  1.43500E-17
  2.02300E-01  1.03400E-17
  2.02400E-01  8.78300E-18
  2.02500E-01  7.20100E-18
  2.02600E-01  6.69000E-18
  2.02700E-01  6.07500E-18
  2.02800E-01  5.76700E-18
  2.02900E-01  4.73500E-18
  2.03000E-01  4.25100E-18
  2.03100E-01  3.43800E-18
  2.03200E-01  3.18600E-18
  2.03300E-01  2.68000E-18
  2.03400E-01  3.66900E-18
  2.03500E-01  1.36500E-17
  2.03600E-01  1.49700E-17
  2.03700E-01  1.07300E-17
  2.03800E-01  1.01400E-17
  2.03900E-01  7.50800E-18
  2.04000E-01  7.23900E-18
  2.04100E-01  6.05800E-18
  2.04200E-01  5.15200E-18
  2.04300E-01  4.51500E-18
  2.04400E-01  4.08700E-18
  2.04500E-01  3.81700E-18
  2.04600E-01  4.03200E-18
  2.04700E-01  3.65300E-18
  2.04800E-01  3.03700E-18
  2.04900E-01  4.61400E-18
  2.05000E-01  8.66700E-18
  2.05100E-01  9.78200E-18
  2.05200E-01  1.19100E-17
  2.05300E-01  1.25000E-17
  2.05400E-01  9.59600E-18
  2.05500E-01  7.36000E-18
  2.05600E-01  6.29500E-18
  2.05700E-01  5.49800E-18
  2.05800E-01  4.57000E-18
  2.05900E-01  4.63600E-18
  2.06000E-01  4.26200E-18
  2.06100E-01  3.51500E-18
  2.06200E-01  3.00400E-18
  2.06300E-01  2.81200E-18
  2.06400E-01  2.38900E-18
  2.06500E-01  2.54900E-18
  2.06600E-01  6.66800E-18
  2.06700E-01  1.12100E-17
  2.06800E-01  1.42400E-17
  2.06900E-01  9.81000E-18
  2.07000E-01  8.49700E-18
  2.07100E-01  7.24500E-18
  2.07200E-01  6.11900E-18
  2.07300E-01  5.25100E-18
  2.07400E-01  4.47700E-18
  2.07500E-01  3.68600E-18
  2.07600E-01  3.17500E-18
  2.07700E-01  2.56000E-18
  2.07800E-01  2.34500E-18
  2.07900E-01  2.18600E-18
  2.08000E-01  2.02700E-18
  2.08100E-01  1.60400E-18
  2.08200E-01  3.45500E-18
  2.08300E-01  1.02500E-17
  2.08400E-01  9.52400E-18
  2.08500E-01  8.72200E-18
  2.08600E-01  8.50300E-18
  2.08700E-01  7.34900E-18
  2.08800E-01  6.60200E-18
  2.08900E-01  5.15200E-18
  2.09000E-01  4.48200E-18
  2.09100E-01  3.74600E-18
  2.09200E-01  3.31800E-18
  2.09300E-01  2.99400E-18
  2.09400E-01  2.68600E-18
  2.09500E-01  2.10400E-18
  2.09600E-01  1.75200E-18
  2.09700E-01  1.67000E-18
  2.09800E-01  1.85700E-18
  2.09900E-01  6.24500E-18
  2.10000E-01  6.70100E-18
  2.10100E-01  7.93100E-18
  2.10200E-01  9.91400E-18
  2.10300E-01  7.97500E-18
  2.10400E-01  6.00900E-18
  2.10500E-01  5.16300E-18
  2.10600E-01  4.57500E-18
  2.10700E-01  3.69700E-18
  2.10800E-01  3.31200E-18
  2.10900E-01  2.93300E-18
  2.11000E-01  2.56000E-18
  2.11100E-01  1.84600E-18
  2.11200E-01  1.62000E-18
  2.11300E-01  1.36200E-18
  2.11400E-01  1.25200E-18
  2.11500E-01  1.33500E-18
  2.11600E-01  3.56500E-18
  2.11700E-01  8.81000E-18
  2.11800E-01  7.38800E-18
  2.11900E-01  6.10200E-18
  2.12000E-01  5.59700E-18
  2.12100E-01  5.00900E-18
  2.12200E-01  4.51500E-18
  2.12300E-01  3.59800E-18
  2.12400E-01  3.34000E-18
  2.12500E-01  3.20800E-18
  2.12600E-01  2.84500E-18
  2.12700E-01  2.20800E-18
  2.12800E-01  1.76300E-18
  2.12900E-01  1.31300E-18
  2.13000E-01  1.23000E-18
  2.13100E-01  1.03300E-18
  2.13200E-01  2.20300E-18
  2.13300E-01  4.72900E-18
  2.13400E-01  4.91000E-18
  2.13500E-01  6.04200E-18
  2.13600E-01  5.46000E-18
  2.13700E-01  4.62500E-18
  2.13800E-01  4.13600E-18
  2.13900E-01  3.26800E-18
  2.14000E-01  3.03200E-18
  2.14100E-01  3.14200E-18
  2.14200E-01  3.17500E-18
  2.14300E-01  2.52700E-18
  2.14400E-01  1.98300E-18
  2.14500E-01  1.52700E-18
  2.14600E-01  1.42300E-18
  2.14700E-01  1.35100E-18
  2.14800E-01  1.13100E-18
  2.14900E-01  1.02200E-18
  2.15000E-01  2.05400E-18
  2.15100E-01  4.42200E-18
  2.15200E-01  6.01400E-18
  2.15300E-01  4.64700E-18
  2.15400E-01  3.38300E-18
  2.15500E-01  2.67500E-18
  2.15600E-01  2.52100E-18
  2.15700E-01  2.43300E-18
  2.15800E-01  2.04900E-18
  2.15900E-01  1.68100E-18
  2.16000E-01  1.43400E-18
  2.16100E-01  1.00500E-18
  2.16200E-01  1.15900E-18
  2.16300E-01  1.21400E-18
  2.16400E-01  1.24700E-18
  2.16500E-01  1.08200E-18
  2.16600E-01  9.66700E-19
  2.16700E-01  1.40600E-18
  2.16800E-01  2.83400E-18
  2.16900E-01  4.13600E-18
  2.17000E-01  4.26800E-18
  2.17100E-01  4.04300E-18
  2.17200E-01  3.29600E-18
  2.17300E-01  2.73500E-18
  2.17400E-01  2.07600E-18
  2.17500E-01  1.46700E-18
  2.17600E-01  1.31300E-18
  2.17700E-01  1.25200E-18
  2.17800E-01  1.12600E-18
  2.17900E-01  8.89800E-19
  2.18000E-01  9.88700E-19
  2.18100E-01  9.77700E-19
  2.18200E-01  8.56900E-19
  2.18300E-01  6.42600E-19
  2.18400E-01  5.16300E-19
  2.18500E-01  8.12900E-19
  2.18600E-01  1.85700E-18
  2.18700E-01  3.29600E-18
  2.18800E-01  3.70200E-18
  2.18900E-01  2.86700E-18
  2.19000E-01  2.37300E-18
  2.19100E-01  1.47800E-18
  2.19200E-01  1.42300E-18
  2.19300E-01  1.36200E-18
  2.19400E-01  1.21900E-18
  2.19500E-01  8.12900E-19
  2.19600E-01  7.25000E-19
  2.19700E-01  8.51400E-19
  2.19800E-01  1.08800E-18
  2.19900E-01  9.66700E-19
  2.20000E-01  7.47000E-19
  2.20100E-01  5.71200E-19
  2.20200E-01  7.80000E-19
  2.20300E-01  9.94200E-19
  2.20400E-01  2.12000E-18
  2.20500E-01  2.91100E-18
  2.20600E-01  2.82900E-18
  2.20700E-01  2.06500E-18
  2.20800E-01  1.83500E-18
  2.20900E-01  1.52100E-18
  2.21000E-01  1.36800E-18
  2.21100E-01  1.30700E-18
  2.21200E-01  1.19200E-18
  2.21300E-01  1.03800E-18
  2.21400E-01  9.66700E-19
  2.21500E-01  7.63500E-19
  2.21600E-01  7.03100E-19
  2.21700E-01  5.98700E-19
  2.21800E-01  5.38300E-19
  2.21900E-01  4.50400E-19
  2.22000E-01  5.43800E-19
  2.22100E-01  5.38300E-19
  2.22200E-01  9.72200E-19
  2.22300E-01  1.31800E-18
  2.22400E-01  1.30700E-18
  2.22500E-01  1.20300E-18
  2.22600E-01  1.14800E-18
  2.22700E-01  1.09900E-18
  2.22800E-01  1.09300E-18
  2.22900E-01  1.01600E-18
  2.23000E-01  7.69000E-19
  2.23100E-01  7.69000E-19
  2.23200E-01  7.52500E-19
  2.23300E-01  5.82200E-19
  2.23400E-01  3.73500E-19
  2.23500E-01  2.69100E-19
  2.23600E-01  2.14200E-19
  2.23700E-01  1.86800E-19
  2.23800E-01  3.90000E-19
  2.23900E-01  4.39400E-19
  2.24000E-01  4.72400E-19
  2.24100E-01  7.80000E-19
  2.24200E-01  8.89800E-19
  2.24300E-01  9.72200E-19
  2.24400E-01  8.18400E-19
  2.24500E-01  7.63500E-19
  2.24600E-01  7.08600E-19
  2.24700E-01  6.53600E-19
  2.24800E-01  5.98700E-19
  2.24900E-01  5.49300E-19
  2.25000E-01  5.38300E-19
  2.25100E-01  4.33900E-19
  2.25200E-01  3.79000E-19
  2.25300E-01  3.18600E-19
  2.25400E-01  2.30700E-19
  2.25500E-01  3.40500E-19
  2.25600E-01  4.61400E-19
  2.25700E-01  6.59100E-19
  2.25800E-01  6.53600E-19
  2.25900E-01  6.04200E-19
  2.26000E-01  6.04200E-19
  2.26100E-01  5.98700E-19
  2.26200E-01  5.43800E-19
  2.26300E-01  4.88800E-19
  2.26400E-01  4.39400E-19
  2.26500E-01  4.33900E-19
  2.26600E-01  3.79000E-19
  2.26700E-01  3.29600E-19
  2.26800E-01  3.29600E-19
  2.26900E-01  3.29600E-19
  2.27000E-01  3.24100E-19
  2.27100E-01  2.74600E-19
  2.27200E-01  2.74600E-19
  2.27300E-01  2.69100E-19
  2.27400E-01  2.19700E-19
  2.27500E-01  2.63600E-19
  2.27600E-01  6.53600E-19
  2.27700E-01  5.82200E-19
  2.27800E-01  3.79000E-19
  2.27900E-01  3.24100E-19
  2.28000E-01  2.74600E-19
  2.28100E-01  2.69100E-19
  2.28200E-01  2.08700E-19
  2.28300E-01  1.63100E-19
  2.28400E-01  1.37300E-19
  2.28500E-01  1.15500E-19
  2.28600E-01  9.55000E-20
  2.28700E-01  9.77300E-20
  2.28800E-01  9.94300E-20
  2.28900E-01  1.04100E-19
  2.29000E-01  9.44100E-20
  2.29100E-01  7.32900E-20
  2.29200E-01  5.68900E-20
  2.29300E-01  4.41600E-20
  2.29400E-01  3.38900E-20
  2.29500E-01  3.46800E-20
  2.29600E-01  3.71600E-20
  2.29700E-01  5.46400E-20
  2.29800E-01  7.94400E-20
  2.29900E-01  1.35700E-19
  2.30000E-01  1.42900E-19
  2.30100E-01  1.29600E-19
  2.30200E-01  1.18900E-19
  2.30300E-01  1.04700E-19
  2.30400E-01  9.49500E-20
  2.30500E-01  8.56100E-20
  2.30600E-01  7.94400E-20
  2.30700E-01  7.16200E-20
  2.30800E-01  6.38300E-20
  2.30900E-01  5.92300E-20
  2.31000E-01  5.27900E-20
  2.31100E-01  4.92600E-20
  2.31200E-01  4.51900E-20
  2.31300E-01  3.91300E-20
  2.31400E-01  3.93600E-20
  2.31500E-01  5.37100E-20
  2.31600E-01  6.38300E-20
  2.31700E-01  7.49900E-20
  2.31800E-01  7.41300E-20
  2.31900E-01  6.53200E-20
  2.32000E-01  5.27900E-20
  2.32100E-01  4.19300E-20
  2.32200E-01  3.10800E-20
  2.32300E-01  3.09000E-20
  2.32400E-01  3.12600E-20
  2.32500E-01  4.62400E-20
  2.32600E-01  4.59700E-20
  2.32700E-01  4.19300E-20
  2.32800E-01  3.78000E-20
  2.32900E-01  3.40800E-20
  2.33000E-01  3.07300E-20
  2.33100E-01  2.77000E-20
  2.33200E-01  2.49800E-20
  2.33300E-01  2.26500E-20
  2.33400E-01  2.04200E-20
  2.33500E-01  1.84100E-20
  2.33600E-01  1.66000E-20
  2.33700E-01  1.55800E-20
  2.33800E-01  1.50500E-20
  2.33900E-01  1.47900E-20
  2.34000E-01  1.47100E-20
  2.34100E-01  1.47100E-20
  2.34200E-01  1.47100E-20
  2.34300E-01  1.48800E-20
  2.34400E-01  1.61300E-20
  2.34500E-01  1.74800E-20
  2.34600E-01  1.91700E-20
  2.34700E-01  2.10100E-20
  2.34800E-01  2.22600E-20
  2.34900E-01  2.29100E-20
  2.35000E-01  2.33100E-20
  2.35100E-01  2.34400E-20
  2.35200E-01  2.37100E-20
  2.35300E-01  2.37100E-20
  2.35400E-01  2.37100E-20
  2.35500E-01  2.34400E-20
  2.35600E-01  2.30400E-20
  2.35700E-01  2.26500E-20
  2.35800E-01  2.23900E-20
  2.35900E-01  2.21300E-20
  2.36000E-01  2.17500E-20
  2.36100E-01  2.13800E-20
  2.36200E-01  2.10100E-20
  2.36300E-01  2.06500E-20
  2.36400E-01  2.03000E-20
  2.36500E-01  1.97300E-20
  2.36600E-01  1.97300E-20
  2.36700E-01  1.93900E-20
  2.36800E-01  1.90600E-20
  2.36900E-01  1.88400E-20
  2.37000E-01  1.88400E-20
  2.37100E-01  1.91700E-20
  2.37200E-01  1.93900E-20
  2.37300E-01  1.98400E-20
  2.37400E-01  2.00700E-20
  2.37500E-01  2.03000E-20
  2.37600E-01  2.05400E-20
  2.37700E-01  2.06500E-20
  2.37800E-01  2.08900E-20
  2.37900E-01  2.10100E-20
  2.38000E-01  2.11400E-20
  2.38100E-01  2.12600E-20
  2.38200E-01  2.15000E-20
  2.38300E-01  2.17500E-20
  2.38400E-01  2.18800E-20
  2.38500E-01  2.20000E-20
  2.38600E-01  2.21300E-20
  2.38700E-01  2.25200E-20
  2.38800E-01  2.29100E-20
  2.38900E-01  2.33100E-20
  2.39000E-01  2.35800E-20
  2.39100E-01  2.38500E-20
  2.39200E-01  2.41300E-20
  2.39300E-01  2.44100E-20
  2.39400E-01  2.46900E-20
  2.39500E-01  2.49800E-20
  2.39600E-01  2.51200E-20
  2.39700E-01  2.52600E-20
  2.39800E-01  2.54100E-20
  2.39900E-01  2.57100E-20
  2.40000E-01  2.58500E-20
  2.40100E-01  2.60000E-20
  2.40200E-01  2.61500E-20
  2.40300E-01  2.61500E-20
  2.40400E-01  2.63000E-20
  2.40500E-01  2.63000E-20
  2.40600E-01  2.63000E-20
  2.40700E-01  2.64600E-20
  2.40800E-01  2.64600E-20
  2.40900E-01  2.64600E-20
  2.41000E-01  2.64600E-20
  2.41100E-01  2.64600E-20
  2.41200E-01  2.64600E-20
  2.41300E-01  2.64600E-20
  2.41400E-01  2.66100E-20
  2.41500E-01  2.66100E-20
  2.41600E-01  2.66100E-20
  2.41700E-01  2.66100E-20
  2.41800E-01  2.66100E-20
  2.41900E-01  2.66100E-20
  2.42000E-01  2.66100E-20
  2.42100E-01  2.66100E-20
  2.42200E-01  2.66100E-20
  2.42300E-01  2.66100E-20
  2.42400E-01  2.66100E-20
  2.42500E-01  2.66100E-20
  2.42600E-01  2.67600E-20
  2.42700E-01  2.73900E-20
  2.42800E-01  2.75400E-20
  2.42900E-01  2.78600E-20
  2.43000E-01  2.81800E-20
  2.43100E-01  2.85100E-20
  2.43200E-01  2.86800E-20
  2.43300E-01  2.91800E-20
  2.43400E-01  2.98600E-20
  2.43500E-01  3.03800E-20
  2.43600E-01  3.16200E-20
  2.43700E-01  3.29200E-20
  2.43800E-01  3.42800E-20
  2.43900E-01  3.56900E-20
  2.44000E-01  3.71600E-20
  2.44100E-01  3.86800E-20
  2.44200E-01  4.02700E-20
  2.44300E-01  4.21700E-20
  2.44400E-01  4.41600E-20
  2.44500E-01  4.59700E-20
  2.44600E-01  4.78600E-20
  2.44700E-01  5.09900E-20
  2.44800E-01  5.40200E-20
  2.44900E-01  5.62400E-20
  2.45000E-01  5.95700E-20
  2.45100E-01  6.27400E-20
  2.45200E-01  6.68400E-20
  2.45300E-01  6.99900E-20
  2.45400E-01  7.12100E-20
  2.45500E-01  7.16200E-20
  2.45600E-01  7.08000E-20
  2.45700E-01  6.95900E-20
  2.45800E-01  6.83900E-20
  2.45900E-01  6.72200E-20
  2.46000E-01  6.60700E-20
  2.46100E-01  6.45700E-20
  2.46200E-01  6.38300E-20
  2.46300E-01  6.23800E-20
  2.46400E-01  6.13100E-20
  2.46500E-01  6.02600E-20
  2.46600E-01  6.02600E-20
  2.46700E-01  6.06100E-20
  2.46800E-01  6.16600E-20
  2.46900E-01  6.20200E-20
  2.47000E-01  6.31000E-20
  2.47100E-01  6.38300E-20
  2.47200E-01  6.42000E-20
  2.47300E-01  6.49400E-20
  2.47400E-01  6.53200E-20
  2.47500E-01  6.60700E-20
  2.47600E-01  6.68400E-20
  2.47700E-01  6.72200E-20
  2.47800E-01  6.80000E-20
  2.47900E-01  6.87900E-20
  2.48000E-01  6.95900E-20
  2.48100E-01  7.03900E-20
  2.48200E-01  7.03900E-20
  2.48300E-01  7.12100E-20
  2.48400E-01  7.16200E-20
  2.48500E-01  7.16200E-20
  2.48600E-01  7.16200E-20
  2.48700E-01  7.20300E-20
  2.48800E-01  7.20300E-20
  2.48900E-01  7.24500E-20
  2.49000E-01  7.24500E-20
  2.49100E-01  7.28600E-20
  2.49200E-01  7.49900E-20
  2.49300E-01  7.67400E-20
  2.49400E-01  7.85300E-20
  2.49500E-01  8.03600E-20
  2.49600E-01  8.08200E-20
  2.49700E-01  8.46300E-20
  2.49800E-01  8.66000E-20
  2.49900E-01  8.91300E-20
  2.50000E-01  9.12000E-20
  2.50100E-01  9.33300E-20
  2.50200E-01  9.60500E-20
  2.50300E-01  1.00000E-19
  2.50400E-01  1.04100E-19
  2.50500E-01  1.07800E-19
  2.50600E-01  1.12900E-19
  2.50700E-01  1.17500E-19
  2.50800E-01  1.22300E-19
  2.50900E-01  1.28100E-19
  2.51000E-01  1.33400E-19
  2.51100E-01  1.38800E-19
  2.51200E-01  1.42100E-19
  2.51300E-01  1.41300E-19
  2.51400E-01  1.37300E-19
  2.51500E-01  1.34900E-19
  2.51600E-01  1.25900E-19
  2.51700E-01  1.21600E-19
  2.51800E-01  1.19500E-19
  2.51900E-01  1.17500E-19
  2.52000E-01  1.16800E-19
  2.52100E-01  1.16100E-19
  2.52200E-01  1.17500E-19
  2.52300E-01  1.19500E-19
  2.52400E-01  1.20200E-19
  2.52500E-01  1.21600E-19
  2.52600E-01  1.22300E-19
  2.52700E-01  1.23000E-19
  2.52800E-01  1.24500E-19
  2.52900E-01  1.27400E-19
  2.53000E-01  1.28800E-19
  2.53100E-01  1.32600E-19
  2.53200E-01  1.33400E-19
  2.53300E-01  1.34900E-19
  2.53400E-01  1.37300E-19
  2.53500E-01  1.40400E-19
  2.53600E-01  1.42900E-19
  2.53700E-01  1.45400E-19
  2.53800E-01  1.47900E-19
  2.53900E-01  1.50500E-19
  2.54000E-01  1.52200E-19
  2.54100E-01  1.56700E-19
  2.54200E-01  1.59400E-19
  2.54300E-01  1.62200E-19
  2.54400E-01  1.66000E-19
  2.54500E-01  1.70800E-19
  2.54600E-01  1.75800E-19
  2.54700E-01  1.79900E-19
  2.54800E-01  1.84100E-19
  2.54900E-01  1.89500E-19
  2.55000E-01  1.93900E-19
  2.55100E-01  1.99500E-19
  2.55200E-01  2.04200E-19
  2.55300E-01  2.10100E-19
  2.55400E-01  2.18800E-19
  2.55500E-01  2.27800E-19
  2.55600E-01  2.23900E-19
  2.55700E-01  2.15000E-19
  2.55800E-01  2.06500E-19
  2.55900E-01  1.92800E-19
  2.56000E-01  1.79900E-19
  2.56100E-01  1.69800E-19
  2.56200E-01  1.58500E-19
  2.56300E-01  1.54900E-19
  2.56400E-01  1.54900E-19
  2.56500E-01  1.62200E-19
  2.56600E-01  1.68900E-19
  2.56700E-01  1.75800E-19
  2.56800E-01  1.83000E-19
  2.56900E-01  1.88400E-19
  2.57000E-01  1.95000E-19
  2.57100E-01  2.04200E-19
  2.57200E-01  2.11400E-19
  2.57300E-01  2.18800E-19
  2.57400E-01  2.23900E-19
  2.57500E-01  2.30400E-19
  2.57600E-01  2.38500E-19
  2.57700E-01  2.39900E-19
  2.57800E-01  2.39900E-19
  2.57900E-01  2.39900E-19
  2.58000E-01  2.33100E-19
  2.58100E-01  2.27800E-19
  2.58200E-01  2.22600E-19
  2.58300E-01  2.16300E-19
  2.58400E-01  2.12600E-19
  2.58500E-01  2.11400E-19
  2.58600E-01  2.11400E-19
  2.58700E-01  2.15000E-19
  2.58800E-01  2.22600E-19
  2.58900E-01  2.29100E-19
  2.59000E-01  2.37100E-19
  2.59100E-01  2.44100E-19
  2.59200E-01  2.49800E-19
  2.59300E-01  2.54100E-19
  2.59400E-01  2.58500E-19
  2.59500E-01  2.63000E-19
  2.59600E-01  2.64600E-19
  2.59700E-01  2.66100E-19
  2.59800E-01  2.67600E-19
  2.59900E-01  2.69200E-19
  2.60000E-01  2.70700E-19
  2.60100E-01  2.70700E-19
  2.60200E-01  2.70700E-19
  2.60300E-01  2.72300E-19
  2.60400E-01  2.73900E-19
  2.60500E-01  2.75400E-19
  2.60600E-01  2.78600E-19
  2.60700E-01  2.86800E-19
  2.60800E-01  3.02100E-19
  2.60900E-01  2.90600E-19
  2.61000E-01  2.78400E-19
  2.61100E-01  2.91400E-19
  2.61200E-01  3.09000E-19
  2.61300E-01  3.35400E-19
  2.61400E-01  3.49900E-19
  2.61500E-01  3.41900E-19
  2.61600E-01  3.31900E-19
  2.61700E-01  3.17400E-19
  2.61800E-01  3.05200E-19
  2.61900E-01  3.09000E-19
  2.62000E-01  3.18200E-19
  2.62100E-01  3.28100E-19
  2.62200E-01  3.35000E-19
  2.62300E-01  3.27300E-19
  2.62400E-01  3.16600E-19
  2.62500E-01  3.10100E-19
  2.62600E-01  3.04400E-19
  2.62700E-01  3.12400E-19
  2.62800E-01  3.22700E-19
  2.62900E-01  3.20500E-19
  2.63000E-01  3.16200E-19
  2.63100E-01  3.15500E-19
  2.63200E-01  3.15500E-19
  2.63300E-01  3.15500E-19
  2.63400E-01  3.12000E-19
  2.63500E-01  3.02900E-19
  2.63600E-01  2.82200E-19
  2.63700E-01  2.87600E-19
  2.63800E-01  3.12000E-19
  2.63900E-01  3.29200E-19
  2.64000E-01  3.25400E-19
  2.64100E-01  3.17000E-19
  2.64200E-01  3.16600E-19
  2.64300E-01  3.38000E-19
  2.64400E-01  3.65600E-19
  2.64500E-01  3.75900E-19
  2.64600E-01  3.77800E-19
  2.64700E-01  4.03800E-19
  2.64800E-01  4.34400E-19
  2.64900E-01  4.47000E-19
  2.65000E-01  4.48200E-19
  2.65100E-01  4.22200E-19
  2.65200E-01  3.87000E-19
  2.65300E-01  3.81600E-19
  2.65400E-01  3.93100E-19
  2.65500E-01  4.18300E-19
  2.65600E-01  4.20600E-19
  2.65700E-01  3.94600E-19
  2.65800E-01  3.73200E-19
  2.65900E-01  3.59100E-19
  2.66000E-01  3.54900E-19
  2.66100E-01  3.71700E-19
  2.66200E-01  4.05300E-19
  2.66300E-01  4.43600E-19
  2.66400E-01  4.60000E-19
  2.66500E-01  4.59600E-19
  2.66600E-01  4.35900E-19
  2.66700E-01  4.10300E-19
  2.66800E-01  4.13800E-19
  2.66900E-01  4.57400E-19
  2.67000E-01  4.93300E-19
  2.67100E-01  5.04400E-19
  2.67200E-01  4.96400E-19
  2.67300E-01  4.52800E-19
  2.67400E-01  4.19100E-19
  2.67500E-01  4.08400E-19
  2.67600E-01  4.12200E-19
  2.67700E-01  4.30600E-19
  2.67800E-01  4.46600E-19
  2.67900E-01  4.37500E-19
  2.68000E-01  4.14500E-19
  2.68100E-01  4.00800E-19
  2.68200E-01  3.94300E-19
  2.68300E-01  4.09200E-19
  2.68400E-01  4.48200E-19
  2.68500E-01  4.84900E-19
  2.68600E-01  5.71700E-19
  2.68700E-01  6.20300E-19
  2.68800E-01  5.82800E-19
  2.68900E-01  4.98600E-19
  2.69000E-01  4.54300E-19
  2.69100E-01  4.58100E-19
  2.69200E-01  4.74200E-19
  2.69300E-01  4.97900E-19
  2.69400E-01  5.07400E-19
  2.69500E-01  4.94100E-19
  2.69600E-01  4.78800E-19
  2.69700E-01  4.62700E-19
  2.69800E-01  4.50500E-19
  2.69900E-01  4.58900E-19
  2.70000E-01  4.98600E-19
  2.70100E-01  5.61400E-19
  2.70200E-01  5.93500E-19
  2.70300E-01  5.96500E-19
  2.70400E-01  5.73600E-19
  2.70500E-01  5.44500E-19
  2.70600E-01  5.28500E-19
  2.70700E-01  5.14700E-19
  2.70800E-01  5.01700E-19
  2.70900E-01  4.94800E-19
  2.71000E-01  4.89900E-19
  2.71100E-01  4.88700E-19
  2.71200E-01  5.07800E-19
  2.71300E-01  5.54500E-19
  2.71400E-01  5.77400E-19
  2.71500E-01  5.76300E-19
  2.71600E-01  5.95000E-19
  2.71700E-01  6.26400E-19
  2.71800E-01  6.43200E-19
  2.71900E-01  6.41700E-19
  2.72000E-01  6.34000E-19
  2.72100E-01  6.21800E-19
  2.72200E-01  6.11100E-19
  2.72300E-01  6.12600E-19
  2.72400E-01  6.20300E-19
  2.72500E-01  6.26800E-19
  2.72600E-01  6.32500E-19
  2.72700E-01  6.35900E-19
  2.72800E-01  6.35500E-19
  2.72900E-01  6.33600E-19
  2.73000E-01  6.31700E-19
  2.73100E-01  6.33300E-19
  2.73200E-01  6.41700E-19
  2.73300E-01  6.94400E-19
  2.73400E-01  7.65600E-19
  2.73500E-01  7.91600E-19
  2.73600E-01  7.57200E-19
  2.73700E-01  7.17000E-19
  2.73800E-01  7.02100E-19
  2.73900E-01  6.97500E-19
  2.74000E-01  6.86800E-19
  2.74100E-01  6.41700E-19
  2.74200E-01  5.67500E-19
  2.74300E-01  5.33100E-19
  2.74400E-01  5.31500E-19
  2.74500E-01  5.38400E-19
  2.74600E-01  5.66000E-19
  2.74700E-01  6.13400E-19
  2.74800E-01  6.73800E-19
  2.74900E-01  7.04400E-19
  2.75000E-01  7.07400E-19
  2.75100E-01  7.07400E-19
  2.75200E-01  7.13200E-19
  2.75300E-01  7.26200E-19
  2.75400E-01  7.31100E-19
  2.75500E-01  7.20100E-19
  2.75600E-01  7.07400E-19
  2.75700E-01  7.02500E-19
  2.75800E-01  6.98300E-19
  2.75900E-01  6.84500E-19
  2.76000E-01  6.65400E-19
  2.76100E-01  6.44000E-19
  2.76200E-01  6.27900E-19
  2.76300E-01  6.22200E-19
  2.76400E-01  6.20300E-19
  2.76500E-01  6.42400E-19
  2.76600E-01  7.28900E-19
  2.76700E-01  7.82000E-19
  2.76800E-01  7.73200E-19
  2.76900E-01  7.32700E-19
  2.77000E-01  6.88300E-19
  2.77100E-01  7.00600E-19
  2.77200E-01  7.46400E-19
  2.77300E-01  7.92300E-19
  2.77400E-01  7.92300E-19
  2.77500E-01  7.52600E-19
  2.77600E-01  7.18100E-19
  2.77700E-01  6.86800E-19
  2.77800E-01  7.41900E-19
  2.77900E-01  7.88900E-19
  2.78000E-01  8.06900E-19
  2.78100E-01  8.42400E-19
  2.78200E-01  8.48200E-19
  2.78300E-01  8.14900E-19
  2.78400E-01  7.70900E-19
  2.78500E-01  7.26900E-19
  2.78600E-01  6.83000E-19
  2.78700E-01  6.59600E-19
  2.78800E-01  6.36300E-19
  2.78900E-01  6.53100E-19
  2.79000E-01  7.51000E-19
  2.79100E-01  8.68400E-19
  2.79200E-01  9.08600E-19
  2.79300E-01  8.59300E-19
  2.79400E-01  7.80900E-19
  2.79500E-01  7.08200E-19
  2.79600E-01  6.44000E-19
  2.79700E-01  6.65400E-19
  2.79800E-01  7.83200E-19
  2.79900E-01  9.12400E-19
  2.80000E-01  9.58700E-19
  2.80100E-01  9.47600E-19
  2.80200E-01  8.71900E-19
  2.80300E-01  8.16800E-19
  2.80400E-01  8.06100E-19
  2.80500E-01  7.89300E-19
  2.80600E-01  7.57200E-19
  2.80700E-01  7.32700E-19
  2.80800E-01  7.23100E-19
  2.80900E-01  7.23100E-19
  2.81000E-01  7.30400E-19
  2.81100E-01  8.16800E-19
  2.81200E-01  9.31500E-19
  2.81300E-01  9.88500E-19
  2.81400E-01  1.00100E-18
  2.81500E-01  9.93900E-19
  2.81600E-01  9.78200E-19
  2.81700E-01  9.50600E-19
  2.81800E-01  9.13900E-19
  2.81900E-01  8.76800E-19
  2.82000E-01  8.40500E-19
  2.82100E-01  8.04200E-19
  2.82200E-01  7.67900E-19
  2.82300E-01  7.36100E-19
  2.82400E-01  7.22400E-19
  2.82500E-01  7.19700E-19
  2.82600E-01  7.17800E-19
  2.82700E-01  6.99800E-19
  2.82800E-01  6.66500E-19
  2.82900E-01  6.73800E-19
  2.83000E-01  9.10900E-19
  2.83100E-01  1.04300E-18
  2.83200E-01  1.00000E-18
  2.83300E-01  9.60600E-19
  2.83400E-01  8.84100E-19
  2.83500E-01  8.39000E-19
  2.83600E-01  8.36300E-19
  2.83700E-01  8.34400E-19
  2.83800E-01  7.92300E-19
  2.83900E-01  7.60200E-19
  2.84000E-01  7.38800E-19
  2.84100E-01  7.44900E-19
  2.84200E-01  7.76700E-19
  2.84300E-01  7.89700E-19
  2.84400E-01  7.89700E-19
  2.84500E-01  8.04600E-19
  2.84600E-01  8.48900E-19
  2.84700E-01  8.71900E-19
  2.84800E-01  8.71900E-19
  2.84900E-01  9.74000E-19
  2.85000E-01  1.07600E-18
  2.85100E-01  1.05200E-18
  2.85200E-01  1.00000E-18
  2.85300E-01  9.79700E-19
  2.85400E-01  9.45300E-19
  2.85500E-01  9.23100E-19
  2.85600E-01  9.00900E-19
  2.85700E-01  8.64200E-19
  2.85800E-01  8.23700E-19
  2.85900E-01  7.74700E-19
  2.86000E-01  7.51000E-19
  2.86100E-01  7.38000E-19
  2.86200E-01  7.06300E-19
  2.86300E-01  6.84500E-19
  2.86400E-01  6.89800E-19
  2.86500E-01  7.30400E-19
  2.86600E-01  9.63300E-19
  2.86700E-01  1.07500E-18
  2.86800E-01  1.03700E-18
  2.86900E-01  1.01600E-18
  2.87000E-01  9.82000E-19
  2.87100E-01  9.61400E-19
  2.87200E-01  9.58700E-19
  2.87300E-01  9.56800E-19
  2.87400E-01  9.25000E-19
  2.87500E-01  8.73400E-19
  2.87600E-01  8.51600E-19
  2.87700E-01  8.49700E-19
  2.87800E-01  8.47800E-19
  2.87900E-01  8.12600E-19
  2.88000E-01  7.83900E-19
  2.88100E-01  7.73200E-19
  2.88200E-01  7.36500E-19
  2.88300E-01  7.03600E-19
  2.88400E-01  7.07400E-19
  2.88500E-01  7.77000E-19
  2.88600E-01  9.19300E-19
  2.88700E-01  1.06500E-18
  2.88800E-01  1.08200E-18
  2.88900E-01  1.02500E-18
  2.89000E-01  9.65200E-19
  2.89100E-01  9.04000E-19
  2.89200E-01  8.56600E-19
  2.89300E-01  8.04600E-19
  2.89400E-01  7.33100E-19
  2.89500E-01  6.96000E-19
  2.89600E-01  6.97900E-19
  2.89700E-01  7.16600E-19
  2.89800E-01  7.47200E-19
  2.89900E-01  7.63300E-19
  2.90000E-01  8.37100E-19
  2.90100E-01  8.77200E-19
  2.90200E-01  8.46600E-19
  2.90300E-01  8.22900E-19
  2.90400E-01  8.18300E-19
  2.90500E-01  9.12400E-19
  2.90600E-01  1.03800E-18
  2.90700E-01  1.01700E-18
  2.90800E-01  9.13200E-19
  2.90900E-01  8.53500E-19
  2.91000E-01  8.16000E-19
  2.91100E-01  7.80900E-19
  2.91200E-01  7.43400E-19
  2.91300E-01  7.24300E-19
  2.91400E-01  7.20400E-19
  2.91500E-01  6.54700E-19
  2.91600E-01  6.00400E-19
  2.91700E-01  6.04200E-19
  2.91800E-01  7.01300E-19
  2.91900E-01  7.63300E-19
  2.92000E-01  8.42800E-19
  2.92100E-01  9.31500E-19
  2.92200E-01  9.87000E-19
  2.92300E-01  9.95000E-19
  2.92400E-01  9.54500E-19
  2.92500E-01  9.31900E-19
  2.92600E-01  9.00200E-19
  2.92700E-01  8.77200E-19
  2.92800E-01  8.73400E-19
  2.92900E-01  8.45500E-19
  2.93000E-01  7.80900E-19
  2.93100E-01  6.89800E-19
  2.93200E-01  6.27100E-19
  2.93300E-01  5.79700E-19
  2.93400E-01  5.52600E-19
  2.93500E-01  5.54500E-19
  2.93600E-01  6.14500E-19
  2.93700E-01  8.37800E-19
  2.93800E-01  9.58300E-19
  2.93900E-01  9.51400E-19
  2.94000E-01  9.40300E-19
  2.94100E-01  9.72800E-19
  2.94200E-01  9.83200E-19
  2.94300E-01  9.33100E-19
  2.94400E-01  8.67300E-19
  2.94500E-01  8.32100E-19
  2.94600E-01  7.66300E-19
  2.94700E-01  6.76100E-19
  2.94800E-01  6.03400E-19
  2.94900E-01  5.75100E-19
  2.95000E-01  5.71300E-19
  2.95100E-01  5.31900E-19
  2.95200E-01  4.87200E-19
  2.95300E-01  4.60400E-19
  2.95400E-01  4.66100E-19
  2.95500E-01  5.23100E-19
  2.95600E-01  5.56800E-19
  2.95700E-01  6.20300E-19
  2.95800E-01  7.21200E-19
  2.95900E-01  8.21800E-19
  2.96000E-01  9.25400E-19
  2.96100E-01  1.01800E-18
  2.96200E-01  1.08400E-18
  2.96300E-01  1.06200E-18
  2.96400E-01  9.24600E-19
  2.96500E-01  7.65600E-19
  2.96600E-01  7.06300E-19
  2.96700E-01  7.04400E-19
  2.96800E-01  6.15300E-19
  2.96900E-01  5.26600E-19
  2.97000E-01  5.05500E-19
  2.97100E-01  4.32500E-19
  2.97200E-01  3.83200E-19
  2.97300E-01  3.83500E-19
  2.97400E-01  3.99200E-19
  2.97500E-01  4.96400E-19
  2.97600E-01  6.23300E-19
  2.97700E-01  7.38000E-19
  2.97800E-01  8.49300E-19
  2.97900E-01  9.53700E-19
  2.98000E-01  1.01300E-18
  2.98100E-01  9.69800E-19
  2.98200E-01  8.84900E-19
  2.98300E-01  8.50500E-19
  2.98400E-01  8.46600E-19
  2.98500E-01  8.31300E-19
  2.98600E-01  7.99200E-19
  2.98700E-01  7.58700E-19
  2.98800E-01  6.68400E-19
  2.98900E-01  6.16000E-19
  2.99000E-01  5.55200E-19
  2.99100E-01  4.77200E-19
  2.99200E-01  4.05300E-19
  2.99300E-01  3.44900E-19
  2.99400E-01  3.14700E-19
  2.99500E-01  3.07800E-19
  2.99600E-01  3.52600E-19
  2.99700E-01  4.48900E-19
  2.99800E-01  7.93900E-19
  2.99900E-01  1.08100E-18
  3.00000E-01  1.14300E-18
  3.00100E-01  1.11400E-18
  3.00200E-01  9.76300E-19
  3.00300E-01  8.62700E-19
  3.00400E-01  7.54500E-19
  3.00500E-01  6.50100E-19
  3.00600E-01  5.52500E-19
  3.00700E-01  4.82600E-19
  3.00800E-01  4.34500E-19
  3.00900E-01  4.01700E-19
  3.01000E-01  3.62500E-19
  3.01100E-01  3.24900E-19
  3.01200E-01  2.77400E-19
  3.01300E-01  2.55600E-19
  3.01400E-01  2.33900E-19
  3.01500E-01  2.29800E-19
  3.01600E-01  2.48300E-19
  3.01700E-01  3.23700E-19
  3.01800E-01  4.16000E-19
  3.01900E-01  5.79300E-19
  3.02000E-01  7.98000E-19
  3.02100E-01  9.04900E-19
  3.02200E-01  8.97200E-19
  3.02300E-01  8.26600E-19
  3.02400E-01  7.46100E-19
  3.02500E-01  6.35300E-19
  3.02600E-01  5.32200E-19
  3.02700E-01  4.55400E-19
  3.02800E-01  4.06600E-19
  3.02900E-01  3.66400E-19
  3.03000E-01  3.17000E-19
  3.03100E-01  2.85300E-19
  3.03200E-01  2.58000E-19
  3.03300E-01  2.39600E-19
  3.03400E-01  2.31900E-19
  3.03500E-01  2.30300E-19
  3.03600E-01  2.30500E-19
  3.03700E-01  2.43900E-19
  3.03800E-01  2.75100E-19
  3.03900E-01  3.40000E-19
  3.04000E-01  4.62300E-19
  3.04100E-01  6.66300E-19
  3.04200E-01  8.29800E-19
  3.04300E-01  7.37300E-19
  3.04400E-01  6.66400E-19
  3.04500E-01  6.03900E-19
  3.04600E-01  5.28300E-19
  3.04700E-01  4.41100E-19
  3.04800E-01  3.70900E-19
  3.04900E-01  3.18800E-19
  3.05000E-01  2.92300E-19
  3.05100E-01  2.52000E-19
  3.05200E-01  2.28200E-19
  3.05300E-01  2.05800E-19
  3.05400E-01  1.82700E-19
  3.05500E-01  1.67700E-19
  3.05600E-01  1.73300E-19
  3.05700E-01  1.89000E-19
  3.05800E-01  2.09500E-19
  3.05900E-01  2.51300E-19
  3.06000E-01  3.19000E-19
  3.06100E-01  3.85400E-19
  3.06200E-01  4.67900E-19
  3.06300E-01  5.45800E-19
  3.06400E-01  6.28700E-19
  3.06500E-01  6.76600E-19
  3.06600E-01  6.38800E-19
  3.06700E-01  5.25600E-19
  3.06800E-01  4.30400E-19
  3.06900E-01  3.63200E-19
  3.07000E-01  3.28400E-19
  3.07100E-01  2.95400E-19
  3.07200E-01  2.72300E-19
  3.07300E-01  2.41800E-19
  3.07400E-01  2.10700E-19
  3.07500E-01  1.94000E-19
  3.07600E-01  1.85900E-19
  3.07700E-01  1.87300E-19
  3.07800E-01  1.92800E-19
  3.07900E-01  1.87200E-19
  3.08000E-01  1.88400E-19
  3.08100E-01  2.20600E-19
  3.08200E-01  2.64900E-19
  3.08300E-01  2.64600E-19
  3.08400E-01  3.22900E-19
  3.08500E-01  4.28700E-19
  3.08600E-01  5.24400E-19
  3.08700E-01  5.21300E-19
  3.08800E-01  4.50500E-19
  3.08900E-01  3.83600E-19
  3.09000E-01  3.24000E-19
  3.09100E-01  2.71800E-19
  3.09200E-01  2.37100E-19
  3.09300E-01  2.13000E-19
  3.09400E-01  1.92500E-19
  3.09500E-01  1.78700E-19
  3.09600E-01  1.80000E-19
  3.09700E-01  1.87000E-19
  3.09800E-01  1.89400E-19
  3.09900E-01  1.83700E-19
  3.10000E-01  1.77200E-19
  3.10100E-01  1.95700E-19
  3.10200E-01  2.09300E-19
  3.10300E-01  2.07300E-19
  3.10400E-01  2.09600E-19
  3.10500E-01  2.62200E-19
  3.10600E-01  3.24300E-19
  3.10700E-01  3.67200E-19
  3.10800E-01  3.45100E-19
  3.10900E-01  2.94400E-19
  3.11000E-01  2.70700E-19
  3.11100E-01  2.60900E-19
  3.11200E-01  2.37200E-19
  3.11300E-01  2.18600E-19
  3.11400E-01  1.88400E-19
  3.11500E-01  1.61600E-19
  3.11600E-01  1.39900E-19
  3.11700E-01  1.27300E-19
  3.11800E-01  1.22200E-19
  3.11900E-01  1.24900E-19
  3.12000E-01  1.37100E-19
  3.12100E-01  1.39300E-19
  3.12200E-01  1.35700E-19
  3.12300E-01  1.30100E-19
  3.12400E-01  1.31400E-19
  3.12500E-01  1.41000E-19
  3.12600E-01  1.56100E-19
  3.12700E-01  1.54000E-19
  3.12800E-01  1.68800E-19
  3.12900E-01  2.03900E-19
  3.13000E-01  2.36100E-19
  3.13100E-01  2.60800E-19
  3.13200E-01  2.41800E-19
  3.13300E-01  2.18800E-19
  3.13400E-01  1.88300E-19
  3.13500E-01  1.57400E-19
  3.13600E-01  1.31700E-19
  3.13700E-01  1.14800E-19
  3.13800E-01  1.19800E-19
  3.13900E-01  1.18300E-19
  3.14000E-01  1.01300E-19
  3.14100E-01  9.18800E-20
  3.14200E-01  8.45000E-20
  3.14300E-01  8.05500E-20
  3.14400E-01  8.72000E-20
  3.14500E-01  9.82600E-20
  3.14600E-01  1.11800E-19
  3.14700E-01  1.10600E-19
  3.14800E-01  1.18200E-19
  3.14900E-01  1.17100E-19
  3.15000E-01  1.09300E-19
  3.15100E-01  1.13000E-19
  3.15200E-01  1.34400E-19
  3.15300E-01  1.48500E-19
  3.15400E-01  1.35100E-19
  3.15500E-01  1.27200E-19
  3.15600E-01  1.27300E-19
  3.15700E-01  1.36800E-19
  3.15800E-01  1.38900E-19
  3.15900E-01  1.16800E-19
  3.16000E-01  1.01000E-19
  3.16100E-01  8.80600E-20
  3.16200E-01  8.14300E-20
  3.16300E-01  7.67400E-20
  3.16400E-01  7.62200E-20
  3.16500E-01  7.62600E-20
  3.16600E-01  8.44000E-20
  3.16700E-01  9.51400E-20
  3.16800E-01  9.38400E-20
  3.16900E-01  9.23100E-20
  3.17000E-01  9.30800E-20
  3.17100E-01  9.42200E-20
  3.17200E-01  1.01500E-19
  3.17300E-01  1.02200E-19
  3.17400E-01  9.08400E-20
  3.17500E-01  8.44300E-20
  3.17600E-01  7.96900E-20
  3.17700E-01  8.15800E-20
  3.17800E-01  8.17100E-20
  3.17900E-01  8.18600E-20
  3.18000E-01  8.64200E-20
  3.18100E-01  1.00300E-19
  3.18200E-01  9.48600E-20
  3.18300E-01  8.20300E-20
  3.18400E-01  7.67800E-20
  3.18500E-01  6.86600E-20
  3.18600E-01  6.01300E-20
  3.18700E-01  5.41600E-20
  3.18800E-01  4.57200E-20
  3.18900E-01  4.09900E-20
  3.19000E-01  4.36200E-20
  3.19100E-01  4.59300E-20
  3.19200E-01  4.64200E-20
  3.19300E-01  4.69900E-20
  3.19400E-01  5.27400E-20
  3.19500E-01  5.80500E-20
  3.19600E-01  6.55700E-20
  3.19700E-01  6.47900E-20
  3.19800E-01  6.13300E-20
  3.19900E-01  6.38900E-20
  3.20000E-01  5.48400E-20
  3.20100E-01  5.16600E-20
  3.20200E-01  4.51300E-20
  3.20300E-01  4.12600E-20
  3.20400E-01  3.92300E-20
  3.20500E-01  3.81900E-20
  3.20600E-01  3.73800E-20
  3.20700E-01  3.61200E-20
  3.20800E-01  3.83700E-20
  3.20900E-01  3.99200E-20
  3.21000E-01  4.44200E-20
  3.21100E-01  4.70200E-20
  3.21200E-01  4.54600E-20
  3.21300E-01  4.14800E-20
  3.21400E-01  3.62300E-20
  3.21500E-01  3.32300E-20
  3.21600E-01  2.85000E-20
  3.21700E-01  2.45800E-20
  3.21800E-01  2.30800E-20
  3.21900E-01  2.35400E-20
  3.22000E-01  2.48700E-20
  3.22100E-01  2.63100E-20
  3.22200E-01  2.78100E-20
  3.22300E-01  2.86200E-20
  3.22400E-01  2.79200E-20
  3.22500E-01  2.73500E-20
  3.22600E-01  2.85600E-20
  3.22700E-01  3.11500E-20
  3.22800E-01  3.26000E-20
  3.22900E-01  3.05800E-20
  3.23000E-01  2.50400E-20
  3.23100E-01  1.96700E-20
  3.23200E-01  1.65000E-20
  3.23300E-01  1.43100E-20
  3.23400E-01  1.24000E-20
  3.23500E-01  1.13700E-20
  3.23600E-01  1.09000E-20
  3.23700E-01  1.11300E-20
  3.23800E-01  1.21700E-20
  3.23900E-01  1.32700E-20
  3.24000E-01  1.45400E-20
  3.24100E-01  1.58100E-20
  3.24200E-01  1.66700E-20
  3.24300E-01  1.70800E-20
  3.24400E-01  1.68500E-20
  3.24500E-01  1.56900E-20
  3.24600E-01  1.42500E-20
  3.24700E-01  1.28100E-20
  3.24800E-01  1.15400E-20
  3.24900E-01  1.13700E-20
  3.25000E-01  1.18800E-20
  3.25100E-01  1.23500E-20
  3.25200E-01  1.26900E-20
  3.25300E-01  1.16000E-20
  3.25400E-01  1.06200E-20
  3.25500E-01  1.00400E-20
  3.25600E-01  9.57700E-21
  3.25700E-01  9.69200E-21
  3.25800E-01  1.00400E-20
  3.25900E-01  1.03300E-20
  3.26000E-01  9.80800E-21
  3.26100E-01  8.88500E-21
  3.26200E-01  7.90400E-21
  3.26300E-01  7.03800E-21
  3.26400E-01  6.28800E-21
  3.26500E-01  5.76900E-21
  3.26600E-01  5.48100E-21
  3.26700E-01  5.13500E-21
  3.26800E-01  5.25000E-21
  3.26900E-01  5.53800E-21
  3.27000E-01  5.88500E-21
  3.27100E-01  6.28800E-21
  3.27200E-01  6.80800E-21
  3.27300E-01  7.09600E-21
  3.27400E-01  7.09600E-21
  3.27500E-01  6.98100E-21
  3.27600E-01  6.51900E-21
  3.27700E-01  5.82700E-21
  3.27800E-01  5.19200E-21
  3.27900E-01  4.50000E-21
  3.28000E-01  4.21200E-21
  3.28100E-01  4.03800E-21
  3.28200E-01  4.26900E-21
  3.28300E-01  4.32700E-21
  3.28400E-01  4.21200E-21
  3.28500E-01  4.03800E-21
  3.28600E-01  3.86500E-21
  3.28700E-01  3.63500E-21
  3.28800E-01  3.11500E-21
  3.28900E-01  3.23100E-21
  3.29000E-01  3.75000E-21
  3.29100E-01  4.05700E-21
  3.29200E-01  4.31200E-21
  3.29300E-01  4.33200E-21
  3.29400E-01  3.91000E-21
  3.29500E-01  3.30300E-21
  3.29600E-01  2.83200E-21
  3.29700E-01  2.51900E-21
  3.29800E-01  2.24400E-21
  3.29900E-01  2.09700E-21
  3.30000E-01  2.17600E-21
  3.30100E-01  2.42100E-21
  3.30200E-01  2.43000E-21
  3.30300E-01  2.20500E-21
  3.30400E-01  2.22500E-21
  3.30500E-01  2.43000E-21
  3.30600E-01  2.62600E-21
  3.30700E-01  2.78300E-21
  3.30800E-01  2.59700E-21
  3.30900E-01  1.83300E-21
  3.31000E-01  1.61700E-21
  3.31100E-01  1.49900E-21
  3.31200E-01  1.50400E-21
  3.31300E-01  1.54800E-21
  3.31400E-01  1.50900E-21
  3.31500E-01  1.45000E-21
  3.31600E-01  1.38200E-21
  3.31700E-01  1.30800E-21
  3.31800E-01  1.25400E-21
  3.31900E-01  1.23000E-21
  3.32000E-01  1.25400E-21
  3.32100E-01  1.29400E-21
  3.32200E-01  1.32800E-21
  3.32300E-01  1.36200E-21
  3.32400E-01  1.43100E-21
  3.32500E-01  1.52900E-21
  3.32600E-01  1.62700E-21
  3.32700E-01  1.74900E-21
  3.32800E-01  1.86200E-21
  3.32900E-01  1.70500E-21
  3.33000E-01  1.39200E-21
  3.33100E-01  1.09800E-21
  3.33200E-01  9.60400E-22
  3.33300E-01  9.80000E-22
  3.33400E-01  1.01400E-21
  3.33500E-01  9.89800E-22
  3.33600E-01  9.55500E-22
  3.33700E-01  8.96700E-22
  3.33800E-01  8.62400E-22
  3.33900E-01  8.91800E-22
  3.34000E-01  9.40800E-22
  3.34100E-01  9.80000E-22
  3.34200E-01  1.00900E-21
  3.34300E-01  9.70200E-22
  3.34400E-01  9.21200E-22
  3.34500E-01  9.06500E-22
  3.34600E-01  8.86900E-22
  3.34700E-01  8.72200E-22
  3.34800E-01  8.57500E-22
  3.34900E-01  8.42800E-22
  3.35000E-01  8.33000E-22
  3.35100E-01  8.23200E-22
  3.35200E-01  8.18300E-22
  3.35300E-01  8.18300E-22
  3.35400E-01  8.08500E-22
  3.35500E-01  8.03600E-22
  3.35600E-01  8.13400E-22
  3.35700E-01  8.23200E-22
  3.35800E-01  8.28100E-22
  3.35900E-01  8.28100E-22
  3.36000E-01  8.28100E-22
  3.36100E-01  8.42800E-22
  3.36200E-01  8.57500E-22
  3.36300E-01  8.67300E-22
  3.36400E-01  8.37900E-22
  3.36500E-01  8.33000E-22
  3.36600E-01  8.18300E-22
  3.36700E-01  8.08500E-22
  3.36800E-01  8.03600E-22
  3.36900E-01  8.03600E-22
  3.37000E-01  8.03600E-22
  3.37100E-01  8.03600E-22
  3.37200E-01  7.93800E-22
  3.37300E-01  7.84000E-22
  3.37400E-01  7.84000E-22
  3.37500E-01  7.93800E-22
  3.37600E-01  8.13400E-22
  3.37700E-01  8.28100E-22
  3.37800E-01  8.52600E-22
  3.37900E-01  8.47700E-22
  3.38000E-01  8.18300E-22
  3.38100E-01  7.84000E-22
  3.38200E-01  7.52500E-22
  3.38300E-01  7.30000E-22
  3.38400E-01  7.11000E-22
  3.38500E-01  6.90000E-22
  3.38600E-01  6.75500E-22
  3.38700E-01  6.61000E-22
  3.38800E-01  6.52500E-22
  3.38900E-01  6.07500E-22
  3.39000E-01  4.50000E-22
  3.39100E-01  3.42500E-22
  3.39200E-01  2.89500E-22
  3.39300E-01  2.48000E-22
  3.39400E-01  2.25000E-22
  3.39500E-01  2.13200E-22
  3.39600E-01  2.09600E-22
  3.39700E-01  2.07900E-22
  3.39800E-01  2.07000E-22
  3.39900E-01  2.06800E-22
  3.40000E-01  2.08600E-22
  3.40100E-01  2.13700E-22
  3.40200E-01  2.13100E-22
  3.40300E-01  2.10200E-22
  3.40400E-01  2.06400E-22
  3.40500E-01  2.02300E-22
  3.40600E-01  1.96900E-22
  3.40700E-01  1.90000E-22
  3.40800E-01  1.81300E-22
  3.40900E-01  1.71600E-22
  3.41000E-01  1.62100E-22
  3.41100E-01  1.54400E-22
  3.41200E-01  1.46800E-22
  3.41300E-01  1.40400E-22
  3.41400E-01  1.35600E-22
  3.41500E-01  1.31400E-22
  3.41600E-01  1.28100E-22
  3.41700E-01  1.25600E-22
  3.41800E-01  1.23700E-22
  3.41900E-01  1.22800E-22
  3.42000E-01  1.23800E-22
  3.42100E-01  1.27200E-22
  3.42200E-01  1.31800E-22
  3.42300E-01  1.37300E-22
  3.42400E-01  1.41700E-22
  3.42500E-01  1.41600E-22
  3.42600E-01  1.40900E-22
  3.42700E-01  1.39100E-22
  3.42800E-01  1.34300E-22
  3.42900E-01  1.27600E-22
  3.43000E-01  1.22500E-22
  3.43100E-01  1.20300E-22
  3.43200E-01  1.16400E-22
  3.43300E-01  1.12100E-22
  3.43400E-01  1.08300E-22
  3.43500E-01  1.05100E-22
  3.43600E-01  1.05800E-22
  3.43700E-01  1.07700E-22
  3.43800E-01  1.10300E-22
  3.43900E-01  1.13800E-22
  3.44000E-01  1.18400E-22
  3.44100E-01  1.23900E-22
  3.44200E-01  1.29900E-22
  3.44300E-01  1.35000E-22
  3.44400E-01  1.38600E-22
  3.44500E-01  1.41100E-22
  3.44600E-01  1.42100E-22
  3.44700E-01  1.43100E-22
  3.44800E-01  1.42600E-22
  3.44900E-01  1.40100E-22
  3.45000E-01  1.35800E-22
  3.45100E-01  1.28300E-22
  3.45200E-01  1.22800E-22
  3.45300E-01  1.17200E-22
  3.45400E-01  1.11400E-22
  3.45500E-01  1.07900E-22
  3.45600E-01  1.01400E-22
  3.45700E-01  9.65600E-23
  3.45800E-01  9.33100E-23
  3.45900E-01  9.13200E-23
  3.46000E-01  9.01200E-23
  3.46100E-01  8.88900E-23
  3.46200E-01  8.78400E-23
  3.46300E-01  8.73300E-23
  3.46400E-01  8.83800E-23
  3.46500E-01  9.27200E-23
  3.46600E-01  9.59700E-23
  3.46700E-01  1.02600E-22
  3.46800E-01  1.09300E-22
  3.46900E-01  1.16100E-22
  3.47000E-01  1.26900E-22
  3.47100E-01  1.33100E-22
  3.47200E-01  1.37500E-22
  3.47300E-01  1.41800E-22
  3.47400E-01  1.45800E-22
  3.47500E-01  1.48100E-22
  3.47600E-01  1.57200E-22
  3.47700E-01  1.54900E-22
  3.47800E-01  1.48800E-22
  3.47900E-01  1.42600E-22
  3.48000E-01  1.36400E-22
  3.48100E-01  1.31700E-22
  3.48200E-01  1.24700E-22
  3.48300E-01  1.16900E-22
  3.48400E-01  1.09700E-22
  3.48500E-01  1.04100E-22
  3.48600E-01  9.85200E-23
  3.48700E-01  9.17400E-23
  3.48800E-01  8.23100E-23
  3.48900E-01  7.55100E-23
  3.49000E-01  8.34800E-23
  3.49100E-01  9.08600E-23
  3.49200E-01  9.81100E-23
  3.49300E-01  1.05200E-22
  3.49400E-01  1.12200E-22
  3.49500E-01  1.19200E-22
  3.49600E-01  1.23200E-22
  3.49700E-01  1.28400E-22
  3.49800E-01  1.32900E-22
  3.49900E-01  1.36100E-22
  3.50000E-01  1.38200E-22
  3.50100E-01  1.36800E-22
  3.50200E-01  1.32600E-22
  3.50300E-01  1.27800E-22
  3.50400E-01  1.23100E-22
  3.50500E-01  1.17900E-22
  3.50600E-01  1.13400E-22
  3.50700E-01  1.09500E-22
  3.50800E-01  1.06200E-22
  3.50900E-01  1.03200E-22
  3.51000E-01  1.00200E-22
  3.51100E-01  9.94900E-23
  3.51200E-01  9.88000E-23
  3.51300E-01  9.77400E-23
  3.51400E-01  9.61100E-23
  3.51500E-01  9.39000E-23
  3.51600E-01  9.17100E-23
  3.51700E-01  8.95500E-23
  3.51800E-01  8.70300E-23
  3.51900E-01  8.31900E-23
  3.52000E-01  7.65700E-23
  3.52100E-01  6.76200E-23
  3.52200E-01  6.21300E-23
  3.52300E-01  5.51700E-23
  3.52400E-01  4.10100E-23
  3.52500E-01  1.31900E-23
  3.52600E-01  2.72200E-23
  3.52700E-01  3.67300E-23
  3.52800E-01  4.81900E-23
  3.52900E-01  6.04600E-23
  3.53000E-01  6.48000E-23
  3.53100E-01  6.50200E-23
  3.53200E-01  7.67900E-23
  3.53300E-01  9.00900E-23
  3.53400E-01  1.03800E-22
  3.53500E-01  1.19700E-22
  3.53600E-01  1.32700E-22
  3.53700E-01  1.69100E-22
  3.53800E-01  2.00600E-22
  3.53900E-01  2.11000E-22
  3.54000E-01  1.95800E-22
  3.54100E-01  1.76000E-22
  3.54200E-01  1.60800E-22
  3.54300E-01  1.45200E-22
  3.54400E-01  1.30100E-22
  3.54500E-01  1.22000E-22
  3.54600E-01  1.14000E-22
  3.54700E-01  1.05300E-22
  3.54800E-01  9.70300E-23
  3.54900E-01  8.96000E-23
  3.55000E-01  8.27500E-23
  3.55100E-01  7.74300E-23
  3.55200E-01  7.28900E-23
  3.55300E-01  6.86900E-23
  3.55400E-01  6.46700E-23
  3.55500E-01  6.08800E-23
  3.55600E-01  5.76000E-23
  3.55700E-01  5.58200E-23
  3.55800E-01  5.43400E-23
  3.55900E-01  5.28200E-23
  3.56000E-01  5.18200E-23
  3.56100E-01  5.10500E-23
  3.56200E-01  5.05200E-23
  3.56300E-01  5.00900E-23
  3.56400E-01  4.96900E-23
  3.56500E-01  4.92900E-23
  3.56600E-01  4.87700E-23
  3.56700E-01  4.83700E-23
  3.56800E-01  4.79400E-23
  3.56900E-01  4.77600E-23
  3.57000E-01  4.85300E-23
  3.57100E-01  4.92900E-23
  3.57200E-01  5.06100E-23
  3.57300E-01  5.32700E-23
  3.57400E-01  5.70800E-23
  3.57500E-01  6.08800E-23
  3.57600E-01  6.77300E-23
  3.57700E-01  7.40100E-23
  3.57800E-01  8.08600E-23
  3.57900E-01  8.84700E-23
  3.58000E-01  9.60600E-23
  3.58100E-01  1.02100E-22
  3.58200E-01  1.11700E-22
  3.58300E-01  1.20700E-22
  3.58400E-01  1.28600E-22
  3.58500E-01  1.38400E-22
  3.58600E-01  1.60900E-22
  3.58700E-01  1.75600E-22
  3.58800E-01  1.84000E-22
  3.58900E-01  1.87600E-22
  3.59000E-01  1.88300E-22
  3.59100E-01  1.89900E-22
  3.59200E-01  1.85700E-22
  3.59300E-01  1.79200E-22
  3.59400E-01  1.72400E-22
  3.59500E-01  1.65900E-22
  3.59600E-01  1.58700E-22
  3.59700E-01  1.54300E-22
  3.59800E-01  1.52400E-22
  3.59900E-01  1.52800E-22
  3.60000E-01  1.55100E-22
  3.60100E-01  1.73300E-22
  3.60200E-01  1.82500E-22
  3.60300E-01  1.90100E-22
  3.60400E-01  1.94600E-22
  3.60500E-01  1.85500E-22
  3.60600E-01  1.67200E-22
  3.60700E-01  1.51800E-22
  3.60800E-01  1.31300E-22
  3.60900E-01  1.08400E-22
  3.61000E-01  9.70100E-23
  3.61100E-01  9.01600E-23
  3.61200E-01  8.44600E-23
  3.61300E-01  7.99000E-23
  3.61400E-01  7.62900E-23
  3.61500E-01  7.32300E-23
  3.61600E-01  7.02000E-23
  3.61700E-01  6.94400E-23
  3.61800E-01  7.02100E-23
  3.61900E-01  7.24800E-23
  3.62000E-01  7.69800E-23
  3.62100E-01  8.15400E-23
  3.62200E-01  8.66700E-23
  3.62300E-01  9.27500E-23
  3.62400E-01  9.92300E-23
  3.62500E-01  1.04500E-22
  3.62600E-01  1.12900E-22
  3.62700E-01  1.24700E-22
  3.62800E-01  1.36100E-22
  3.62900E-01  1.45800E-22
  3.63000E-01  1.54900E-22
  3.63100E-01  1.65600E-22
  3.63200E-01  1.72800E-22
  3.63300E-01  1.80400E-22
  3.63400E-01  1.88700E-22
  3.63500E-01  1.94800E-22
  3.63600E-01  2.00900E-22
  3.63700E-01  2.05800E-22
  3.63800E-01  2.14200E-22
  3.63900E-01  2.23100E-22
  3.64000E-01  2.22400E-22
  3.64100E-01  2.22400E-22
  3.64200E-01  2.21300E-22
  3.64300E-01  2.15600E-22
  3.64400E-01  2.02200E-22
  3.64500E-01  1.78700E-22
  3.64600E-01  1.62600E-22
  3.64700E-01  1.49400E-22
  3.64800E-01  1.36900E-22
  3.64900E-01  1.25100E-22
  3.65000E-01  1.16800E-22
  3.65100E-01  1.11500E-22
  3.65200E-01  1.06900E-22
  3.65300E-01  1.02300E-22
  3.65400E-01  9.85400E-23
  3.65500E-01  9.77800E-23
  3.65600E-01  1.00800E-22
  3.65700E-01  1.05000E-22
  3.65800E-01  1.11800E-22
  3.65900E-01  1.20700E-22
  3.66000E-01  1.29100E-22
  3.66100E-01  1.32900E-22
  3.66200E-01  1.33800E-22
  3.66300E-01  1.33500E-22
  3.66400E-01  1.27700E-22
  3.66500E-01  1.06300E-22
  3.66600E-01  9.80500E-23
  3.66700E-01  9.00200E-23
  3.66800E-01  8.23800E-23
  3.66900E-01  7.55900E-23
  3.67000E-01  7.03600E-23
  3.67100E-01  6.57100E-23
  3.67200E-01  6.03500E-23
  3.67300E-01  5.57900E-23
  3.67400E-01  5.25900E-23
  3.67500E-01  5.03200E-23
  3.67600E-01  4.87900E-23
  3.67700E-01  4.78400E-23
  3.67800E-01  4.70700E-23
  3.67900E-01  4.66900E-23
  3.68000E-01  4.74600E-23
  3.68100E-01  4.92600E-23
  3.68200E-01  5.15000E-23
  3.68300E-01  5.39900E-23
  3.68400E-01  5.67000E-23
  3.68500E-01  5.97300E-23
  3.68600E-01  6.35200E-23
  3.68700E-01  6.73200E-23
  3.68800E-01  7.14900E-23
  3.68900E-01  7.70000E-23
  3.69000E-01  8.53500E-23
  3.69100E-01  9.14100E-23
  3.69200E-01  1.01500E-22
  3.69300E-01  1.12100E-22
  3.69400E-01  1.23500E-22
  3.69500E-01  1.39400E-22
  3.69600E-01  1.50000E-22
  3.69700E-01  1.90300E-22
  3.69800E-01  2.25100E-22
  3.69900E-01  2.46400E-22
  3.70000E-01  2.72200E-22
  3.70100E-01  3.08600E-22
  3.70200E-01  3.24000E-22
  3.70300E-01  3.43700E-22
  3.70400E-01  3.59800E-22
  3.70500E-01  3.31000E-22
  3.70600E-01  3.12800E-22
  3.70700E-01  2.92300E-22
  3.70800E-01  2.61200E-22
  3.70900E-01  2.20200E-22
  3.71000E-01  1.79200E-22
  3.71100E-01  1.50400E-22
  3.71200E-01  1.29600E-22
  3.71300E-01  1.14000E-22
  3.71400E-01  1.02400E-22
  3.71500E-01  9.48400E-23
  3.71600E-01  8.67900E-23
  3.71700E-01  7.75700E-23
  3.71800E-01  6.98300E-23
  3.71900E-01  6.43900E-23
  3.72000E-01  6.02300E-23
  3.72100E-01  5.79300E-23
  3.72200E-01  5.65100E-23
  3.72300E-01  5.55600E-23
  3.72400E-01  5.49900E-23
  3.72500E-01  5.49900E-23
  3.72600E-01  5.57500E-23
  3.72700E-01  5.65600E-23
  3.72800E-01  5.77100E-23
  3.72900E-01  5.91900E-23
  3.73000E-01  6.06900E-23
  3.73100E-01  6.25200E-23
  3.73200E-01  6.50900E-23
  3.73300E-01  6.71900E-23
  3.73400E-01  6.84100E-23
  3.73500E-01  6.91800E-23
  3.73600E-01  6.91800E-23
  3.73700E-01  6.91800E-23
  3.73800E-01  6.91800E-23
  3.73900E-01  6.93600E-23
  3.74000E-01  7.00900E-23
  3.74100E-01  7.31500E-23
  3.74200E-01  7.90100E-23
  3.74300E-01  8.65800E-23
  3.74400E-01  9.49300E-23
  3.74500E-01  1.03300E-22
  3.74600E-01  1.17700E-22
  3.74700E-01  1.38300E-22
  3.74800E-01  1.60700E-22
  3.74900E-01  1.82700E-22
  3.75000E-01  2.04600E-22
  3.75100E-01  2.21300E-22
  3.75200E-01  2.32900E-22
  3.75300E-01  2.45000E-22
  3.75400E-01  2.60900E-22
  3.75500E-01  2.81400E-22
  3.75600E-01  2.74500E-22
  3.75700E-01  2.66000E-22
  3.75800E-01  2.50900E-22
  3.75900E-01  2.27900E-22
  3.76000E-01  1.99900E-22
  3.76100E-01  1.81700E-22
  3.76200E-01  1.58400E-22
  3.76300E-01  1.34100E-22
  3.76400E-01  1.13700E-22
  3.76500E-01  1.02300E-22
  3.76600E-01  9.17100E-23
  3.76700E-01  8.22000E-23
  3.76800E-01  7.50000E-23
  3.76900E-01  7.02200E-23
  3.77000E-01  6.69200E-23
  3.77100E-01  6.50800E-23
  3.77200E-01  6.39400E-23
  3.77300E-01  6.38600E-23
  3.77400E-01  6.48100E-23
  3.77500E-01  6.63100E-23
  3.77600E-01  6.93400E-23
  3.77700E-01  7.46600E-23
  3.77800E-01  8.11100E-23
  3.77900E-01  8.75500E-23
  3.78000E-01  9.28500E-23
  3.78100E-01  9.96700E-23
  3.78200E-01  1.05300E-22
  3.78300E-01  1.11800E-22
  3.78400E-01  1.17500E-22
  3.78500E-01  1.17500E-22
  3.78600E-01  1.16700E-22
  3.78700E-01  1.16000E-22
  3.78800E-01  1.06500E-22
  3.78900E-01  9.03800E-23
  3.79000E-01  8.05300E-23
  3.79100E-01  7.50900E-23
  3.79200E-01  6.92800E-23
  3.79300E-01  6.32800E-23
  3.79400E-01  5.76000E-23
  3.79500E-01  5.30400E-23
  3.79600E-01  4.83600E-23
  3.79700E-01  4.38800E-23
  3.79800E-01  4.01500E-23
  3.79900E-01  3.73700E-23
  3.80000E-01  3.54100E-23
  3.80100E-01  3.38800E-23
  3.80200E-01  3.27200E-23
  3.80300E-01  3.18300E-23
  3.80400E-01  3.10900E-23
  3.80500E-01  3.03200E-23
  3.80600E-01  2.95600E-23
  3.80700E-01  2.89600E-23
  3.80800E-01  2.85300E-23
  3.80900E-01  2.83000E-23
  3.81000E-01  2.83000E-23
  3.81100E-01  2.83000E-23
  3.81200E-01  2.84100E-23
  3.81300E-01  2.86600E-23
  3.81400E-01  2.90000E-23
  3.81500E-01  2.93700E-23
  3.81600E-01  2.99500E-23
  3.81700E-01  3.06200E-23
  3.81800E-01  3.14600E-23
  3.81900E-01  3.25000E-23
  3.82000E-01  3.36900E-23
  3.82100E-01  3.65700E-23
  3.82200E-01  3.94600E-23
  3.82300E-01  4.35000E-23
  3.82400E-01  4.85100E-23
  3.82500E-01  5.30400E-23
  3.82600E-01  6.21600E-23
  3.82700E-01  7.24000E-23
  3.82800E-01  8.64100E-23
  3.82900E-01  1.03600E-22
  3.83000E-01  1.20300E-22
  3.83100E-01  1.40000E-22
  3.83200E-01  1.52900E-22
  3.83300E-01  1.65000E-22
  3.83400E-01  1.77300E-22
  3.83500E-01  1.85700E-22
  3.83600E-01  1.97100E-22
  3.83700E-01  2.11800E-22
  3.83800E-01  2.25500E-22
  3.83900E-01  2.29600E-22
  3.84000E-01  2.12200E-22
  3.84100E-01  1.84100E-22
  3.84200E-01  1.56100E-22
  3.84300E-01  1.32600E-22
  3.84400E-01  1.15000E-22
  3.84500E-01  1.01400E-22
  3.84600E-01  9.37900E-23
  3.84700E-01  8.45000E-23
  3.84800E-01  7.60400E-23
  3.84900E-01  6.89500E-23
  3.85000E-01  6.17600E-23
  3.85100E-01  5.42600E-23
  3.85200E-01  4.71100E-23
  3.85300E-01  4.06900E-23
  3.85400E-01  3.52400E-23
  3.85500E-01  3.09000E-23
  3.85600E-01  2.85100E-23
  3.85700E-01  2.64900E-23
  3.85800E-01  2.49200E-23
  3.85900E-01  2.37700E-23
  3.86000E-01  2.29400E-23
  3.86100E-01  2.21800E-23
  3.86200E-01  2.14600E-23
  3.86300E-01  2.07900E-23
  3.86400E-01  2.01600E-23
  3.86500E-01  1.95800E-23
  3.86600E-01  1.90900E-23
  3.86700E-01  1.83000E-23
  3.86800E-01  1.74800E-23
  3.86900E-01  1.67400E-23
  3.87000E-01  1.61000E-23
  3.87100E-01  1.61000E-23
  3.87200E-01  1.66700E-23
  3.87300E-01  1.77300E-23
  3.87400E-01  1.91200E-23
  3.87500E-01  2.06500E-23
  3.87600E-01  2.30400E-23
  3.87700E-01  2.59000E-23
  3.87800E-01  2.94500E-23
  3.87900E-01  3.37700E-23
  3.88000E-01  3.88500E-23
  3.88100E-01  4.41400E-23
  3.88200E-01  4.94600E-23
  3.88300E-01  5.59000E-23
  3.88400E-01  6.32700E-23
  3.88500E-01  7.00900E-23
  3.88600E-01  7.92100E-23
  3.88700E-01  8.88800E-23
  3.88800E-01  9.90500E-23
  3.88900E-01  1.09500E-22
  3.89000E-01  1.19700E-22
  3.89100E-01  1.29800E-22
  3.89200E-01  1.39900E-22
  3.89300E-01  1.53700E-22
  3.89400E-01  1.67100E-22
  3.89500E-01  1.68600E-22
  3.89600E-01  1.67100E-22
  3.89700E-01  1.58200E-22
  3.89800E-01  1.39600E-22
  3.89900E-01  1.15800E-22
  3.90000E-01  9.75900E-23
  3.90100E-01  8.47100E-23
  3.90200E-01  7.35300E-23
  3.90300E-01  6.49200E-23
  3.90400E-01  5.82900E-23
  3.90500E-01  5.16200E-23
  3.90600E-01  4.46500E-23
  3.90700E-01  3.74000E-23
  3.90800E-01  3.12200E-23
  3.90900E-01  2.63200E-23
  3.91000E-01  2.18000E-23
  3.91100E-01  1.96600E-23
  3.91200E-01  1.78800E-23
  3.91300E-01  1.63500E-23
  3.91400E-01  1.50300E-23
  3.91500E-01  1.39600E-23
  3.91600E-01  1.31900E-23
  3.91700E-01  1.25400E-23
  3.91800E-01  1.19300E-23
  3.91900E-01  1.13300E-23
  3.92000E-01  1.07800E-23
  3.92100E-01  1.02900E-23
  3.92200E-01  9.75900E-24
  3.92300E-01  9.10100E-24
  3.92400E-01  8.14500E-24
  3.92500E-01  6.61600E-24
  3.92600E-01  5.88100E-24
  3.92700E-01  5.60600E-24
  3.92800E-01  5.48400E-24
  3.92900E-01  5.38400E-24
  3.93000E-01  5.35400E-24
  3.93100E-01  5.29200E-24
  3.93200E-01  5.20800E-24
  3.93300E-01  5.08600E-24
  3.93400E-01  4.93300E-24
  3.93500E-01  4.78000E-24
  3.93600E-01  4.62700E-24
  3.93700E-01  4.47400E-24
  3.93800E-01  4.35200E-24
  3.93900E-01  4.28300E-24
  3.94000E-01  4.28300E-24
  3.94100E-01  4.28300E-24
  3.94200E-01  4.28300E-24
  3.94300E-01  4.29800E-24
  3.94400E-01  4.33600E-24
  3.94500E-01  4.39800E-24
  3.94600E-01  4.58100E-24
  3.94700E-01  4.81100E-24
  3.94800E-01  5.04000E-24
  3.94900E-01  5.26200E-24
  3.95000E-01  5.50700E-24
  3.95100E-01  5.75100E-24
  3.95200E-01  5.99600E-24
  3.95300E-01  6.24100E-24
  3.95400E-01  6.48600E-24
  3.95500E-01  6.73000E-24
  3.95600E-01  6.94400E-24
  3.95700E-01  7.18100E-24
  3.95800E-01  7.42600E-24
  3.95900E-01  7.67100E-24
  3.96000E-01  7.91600E-24
  3.96100E-01  8.16000E-24
  3.96200E-01  8.40500E-24
  3.96300E-01  8.89500E-24
  3.96400E-01  9.63600E-24
  3.96500E-01  1.04000E-23
  3.96600E-01  1.26700E-23
  3.96700E-01  1.43800E-23
  3.96800E-01  1.62700E-23
  3.96900E-01  1.83600E-23
  3.97000E-01  1.98800E-23
  3.97100E-01  1.98800E-23
  3.97200E-01  1.95400E-23
  3.97300E-01  1.87800E-23
  3.97400E-01  1.77100E-23
  3.97500E-01  1.66300E-23
  3.97600E-01  1.53500E-23
  3.97700E-01  1.39000E-23
  3.97800E-01  1.24400E-23
  3.97900E-01  1.11700E-23
  3.98000E-01  1.04000E-23
  3.98100E-01  9.91200E-24
  3.98200E-01  9.60600E-24
  3.98300E-01  9.42200E-24
  3.98400E-01  9.30000E-24
  3.98500E-01  9.17800E-24
  3.98600E-01  9.02500E-24
  3.98700E-01  8.87200E-24
  3.98800E-01  8.73400E-24
  3.98900E-01  8.61200E-24
  3.99000E-01  8.48900E-24
  3.99100E-01  8.33600E-24
  3.99200E-01  8.20600E-24
  3.99300E-01  8.06900E-24
  3.99400E-01  7.93100E-24
  3.99500E-01  7.83900E-24
  3.99600E-01  7.74700E-24
  3.99700E-01  7.65600E-24
  3.99800E-01  7.56400E-24
  3.99900E-01  7.47200E-24
  4.00000E-01  7.38000E-24
  4.00100E-01  7.25800E-24
  4.00200E-01  7.15900E-24
  4.00300E-01  7.06700E-24
  4.00400E-01  6.97500E-24
  4.00500E-01  6.88300E-24
  4.00600E-01  6.79100E-24
  4.00700E-01  6.67700E-24
  4.00800E-01  6.55400E-24
  4.00900E-01  6.43200E-24
  4.01000E-01  6.31000E-24
  4.01100E-01  6.21800E-24
  4.01200E-01  6.10300E-24
  4.01300E-01  5.98100E-24
  4.01400E-01  5.85800E-24
  4.01500E-01  5.73600E-24
  4.01600E-01  5.64400E-24
  4.01700E-01  5.50700E-24
  4.01800E-01  5.36900E-24
  4.01900E-01  5.24700E-24
  4.02000E-01  5.12400E-24
  4.02100E-01  5.00200E-24
  4.02200E-01  4.87900E-24
  4.02300E-01  4.75700E-24
  4.02400E-01  4.63500E-24
  4.02500E-01  4.51200E-24
  4.02600E-01  4.39000E-24
  4.02700E-01  4.26800E-24
  4.02800E-01  4.14500E-24
  4.02900E-01  4.02300E-24
  4.03000E-01  3.90000E-24
  4.03100E-01  3.77800E-24
  4.03200E-01  3.65600E-24
  4.03300E-01  3.51800E-24
  4.03400E-01  3.37300E-24
  4.03500E-01  3.25000E-24
  4.03600E-01  3.09700E-24
  4.03700E-01  2.96700E-24
  5.00000E-01  1.00000E-28
