1196	1.8331E-17
1196.05	1.8339E-17
1196.1	1.8316E-17
1196.15	1.8286E-17
1196.2	1.8259E-17
1196.25	1.8253E-17
1196.3	1.8286E-17
1196.35	1.8335E-17
1196.4	1.8323E-17
1196.45	1.8336E-17
1196.5	1.8358E-17
1196.55	1.8323E-17
1196.6	1.8373E-17
1196.65	1.8362E-17
1196.7	1.8352E-17
1196.75	1.823E-17
1196.8	1.8376E-17
1196.85	1.8378E-17
1196.9	1.8422E-17
1196.95	1.8365E-17
1197	1.8356E-17
1197.05	1.8381E-17
1197.1	1.8415E-17
1197.15	1.8421E-17
1197.2	1.8339E-17
1197.25	1.8375E-17
1197.3	1.832E-17
1197.35	1.8341E-17
1197.4	1.8382E-17
1197.45	1.836E-17
1197.5	1.8362E-17
1197.55	1.8343E-17
1197.6	1.8371E-17
1197.65	1.8341E-17
1197.7	1.8402E-17
1197.75	1.8435E-17
1197.8	1.8443E-17
1197.85	1.8352E-17
1197.9	1.8387E-17
1197.95	1.845E-17
1198	1.8431E-17
1198.05	1.8386E-17
1198.1	1.837E-17
1198.15	1.8395E-17
1198.2	1.833E-17
1198.25	1.8374E-17
1198.3	1.8424E-17
1198.35	1.8369E-17
1198.4	1.8361E-17
1198.45	1.8263E-17
1198.5	1.8283E-17
1198.55	1.8319E-17
1198.6	1.8326E-17
1198.65	1.8304E-17
1198.7	1.8365E-17
1198.75	1.8287E-17
1198.8	1.828E-17
1198.85	1.8194E-17
1198.9	1.8235E-17
1198.95	1.8247E-17
1199	1.8262E-17
1199.05	1.8226E-17
1199.1	1.8192E-17
1199.15	1.8261E-17
1199.2	1.8403E-17
1199.25	1.8414E-17
1199.3	1.8425E-17
1199.35	1.8363E-17
1199.4	1.8437E-17
1199.45	1.8391E-17
1199.5	1.8384E-17
1199.55	1.8332E-17
1199.6	1.8335E-17
1199.65	1.8248E-17
1199.7	1.8338E-17
1199.75	1.8325E-17
1199.8	1.84E-17
1199.85	1.8385E-17
1199.9	1.842E-17
1199.95	1.8445E-17
1200	1.8458E-17
1200.05	1.8482E-17
1200.1	1.8347E-17
1200.15	1.8418E-17
1200.2	1.8413E-17
1200.25	1.8395E-17
1200.3	1.8434E-17
1200.35	1.8395E-17
1200.4	1.8398E-17
1200.45	1.8363E-17
1200.5	1.8398E-17
1200.55	1.8301E-17
1200.6	1.8211E-17
1200.65	1.8268E-17
1200.7	1.83E-17
1200.75	1.828E-17
1200.8	1.8229E-17
1200.85	1.8368E-17
1200.9	1.8316E-17
1200.95	1.843E-17
1201	1.8405E-17
1201.05	1.8419E-17
1201.1	1.8476E-17
1201.15	1.8471E-17
1201.2	1.8528E-17
1201.25	1.8534E-17
1201.3	1.85E-17
1201.35	1.849E-17
1201.4	1.8509E-17
1201.45	1.8478E-17
1201.5	1.8564E-17
1201.55	1.8556E-17
1201.6	1.8511E-17
1201.65	1.8509E-17
1201.7	1.8495E-17
1201.75	1.8506E-17
1201.8	1.8587E-17
1201.85	1.8561E-17
1201.9	1.8493E-17
1201.95	1.8485E-17
1202	1.8525E-17
1202.05	1.8555E-17
1202.1	1.8635E-17
1202.15	1.8644E-17
1202.2	1.8598E-17
1202.25	1.8505E-17
1202.3	1.8536E-17
1202.35	1.8481E-17
1202.4	1.8458E-17
1202.45	1.8457E-17
1202.5	1.8477E-17
1202.55	1.8444E-17
1202.6	1.8497E-17
1202.65	1.8563E-17
1202.7	1.8442E-17
1202.75	1.8587E-17
1202.8	1.8585E-17
1202.85	1.8682E-17
1202.9	1.8642E-17
1202.95	1.871E-17
1203	1.8675E-17
1203.05	1.8608E-17
1203.1	1.8573E-17
1203.15	1.8539E-17
1203.2	1.8455E-17
1203.25	1.8463E-17
1203.3	1.8439E-17
1203.35	1.8358E-17
1203.4	1.8377E-17
1203.45	1.8401E-17
1203.5	1.8447E-17
1203.55	1.8467E-17
1203.6	1.8424E-17
1203.65	1.8387E-17
1203.7	1.8433E-17
1203.75	1.8379E-17
1203.8	1.8437E-17
1203.85	1.8518E-17
1203.9	1.8431E-17
1203.95	1.8477E-17
1204	1.8465E-17
1204.05	1.8425E-17
1204.1	1.8499E-17
1204.15	1.8427E-17
1204.2	1.8503E-17
1204.25	1.8441E-17
1204.3	1.8499E-17
1204.35	1.8509E-17
1204.4	1.853E-17
1204.45	1.8543E-17
1204.5	1.8625E-17
1204.55	1.863E-17
1204.6	1.858E-17
1204.65	1.8542E-17
1204.7	1.8562E-17
1204.75	1.8544E-17
1204.8	1.8528E-17
1204.85	1.8493E-17
1204.9	1.8484E-17
1204.95	1.8502E-17
1205	1.8545E-17
1205.05	1.8531E-17
1205.1	1.8541E-17
1205.15	1.8483E-17
1205.2	1.8457E-17
1205.25	1.8509E-17
1205.3	1.8434E-17
1205.35	1.839E-17
1205.4	1.8335E-17
1205.45	1.8377E-17
1205.5	1.8377E-17
1205.55	1.8343E-17
1205.6	1.8314E-17
1205.65	1.8211E-17
1205.7	1.8235E-17
1205.75	1.8275E-17
1205.8	1.8314E-17
1205.85	1.8362E-17
1205.9	1.8359E-17
1205.95	1.8326E-17
1206	1.8347E-17
1206.05	1.8345E-17
1206.1	1.8365E-17
1206.15	1.8453E-17
1206.2	1.84E-17
1206.25	1.8429E-17
1206.3	1.8398E-17
1206.35	1.8325E-17
1206.4	1.8386E-17
1206.45	1.8364E-17
1206.5	1.8357E-17
1206.55	1.8335E-17
1206.6	1.8365E-17
1206.65	1.8331E-17
1206.7	1.8323E-17
1206.75	1.8378E-17
1206.8	1.8371E-17
1206.85	1.8507E-17
1206.9	1.8522E-17
1206.95	1.8445E-17
1207	1.8449E-17
1207.05	1.8413E-17
1207.1	1.8411E-17
1207.15	1.8264E-17
1207.2	1.8371E-17
1207.25	1.8383E-17
1207.3	1.8399E-17
1207.35	1.8378E-17
1207.4	1.8409E-17
1207.45	1.8445E-17
1207.5	1.8485E-17
1207.55	1.8367E-17
1207.6	1.8359E-17
1207.65	1.8352E-17
1207.7	1.8316E-17
1207.75	1.8281E-17
1207.8	1.8236E-17
1207.85	1.8219E-17
1207.9	1.8167E-17
1207.95	1.8148E-17
1208	1.8193E-17
1208.05	1.8209E-17
1208.1	1.8199E-17
1208.15	1.8145E-17
1208.2	1.8186E-17
1208.25	1.8155E-17
1208.3	1.8108E-17
1208.35	1.8107E-17
1208.4	1.8113E-17
1208.45	1.8095E-17
1208.5	1.8109E-17
1208.55	1.8156E-17
1208.6	1.8144E-17
1208.65	1.8167E-17
1208.7	1.8101E-17
1208.75	1.8131E-17
1208.8	1.8138E-17
1208.85	1.8086E-17
1208.9	1.8E-17
1208.95	1.8081E-17
1209	1.8063E-17
1209.05	1.8126E-17
1209.1	1.8066E-17
1209.15	1.8054E-17
1209.2	1.7955E-17
1209.25	1.8039E-17
1209.3	1.8004E-17
1209.35	1.7997E-17
1209.4	1.7923E-17
1209.45	1.7981E-17
1209.5	1.8019E-17
1209.55	1.8017E-17
1209.6	1.7982E-17
1209.65	1.8002E-17
1209.7	1.7937E-17
1209.75	1.7934E-17
1209.8	1.7975E-17
1209.85	1.7985E-17
1209.9	1.8018E-17
1209.95	1.7958E-17
1210	1.7995E-17
1210.05	1.7931E-17
1210.1	1.7877E-17
1210.15	1.7871E-17
1210.2	1.7847E-17
1210.25	1.7887E-17
1210.3	1.7835E-17
1210.35	1.7849E-17
1210.4	1.7825E-17
1210.45	1.7854E-17
1210.5	1.7858E-17
1210.55	1.7887E-17
1210.6	1.7957E-17
1210.65	1.7998E-17
1210.7	1.8042E-17
1210.75	1.801E-17
1210.8	1.7956E-17
1210.85	1.8008E-17
1210.9	1.8014E-17
1210.95	1.7993E-17
1211	1.8033E-17
1211.05	1.8065E-17
1211.1	1.8034E-17
1211.15	1.7975E-17
1211.2	1.7939E-17
1211.25	1.7972E-17
1211.3	1.7962E-17
1211.35	1.793E-17
1211.4	1.7916E-17
1211.45	1.8023E-17
1211.5	1.7991E-17
1211.55	1.7976E-17
1211.6	1.7977E-17
1211.65	1.789E-17
1211.7	1.7883E-17
1211.75	1.7879E-17
1211.8	1.7911E-17
1211.85	1.7831E-17
1211.9	1.7842E-17
1211.95	1.7884E-17
1212	1.7775E-17
1212.05	1.7884E-17
1212.1	1.7842E-17
1212.15	1.7841E-17
1212.2	1.7866E-17
1212.25	1.7836E-17
1212.3	1.7847E-17
1212.35	1.7865E-17
1212.4	1.7927E-17
1212.45	1.7867E-17
1212.5	1.7814E-17
1212.55	1.7752E-17
1212.6	1.7794E-17
1212.65	1.7859E-17
1212.7	1.7825E-17
1212.75	1.7868E-17
1212.8	1.7775E-17
1212.85	1.7796E-17
1212.9	1.7899E-17
1212.95	1.7928E-17
1213	1.785E-17
1213.05	1.7876E-17
1213.1	1.7881E-17
1213.15	1.7878E-17
1213.2	1.7955E-17
1213.25	1.7876E-17
1213.3	1.7845E-17
1213.35	1.78E-17
1213.4	1.7759E-17
1213.45	1.7792E-17
1213.5	1.7787E-17
1213.55	1.778E-17
1213.6	1.783E-17
1213.65	1.7804E-17
1213.7	1.7746E-17
1213.75	1.7704E-17
1213.8	1.7811E-17
1213.85	1.776E-17
1213.9	1.7749E-17
1213.95	1.7834E-17
1214	1.7772E-17
1214.05	1.7837E-17
1214.1	1.7822E-17
1214.15	1.7906E-17
1214.2	1.7846E-17
1214.25	1.7786E-17
1214.3	1.7752E-17
1214.35	1.7726E-17
1214.4	1.7691E-17
1214.45	1.7782E-17
1214.5	1.7831E-17
1214.55	1.7843E-17
1214.6	1.7869E-17
1214.65	1.7871E-17
1214.7	1.7848E-17
1214.75	1.7878E-17
1214.8	1.7819E-17
1214.85	1.7813E-17
1214.9	1.7752E-17
1214.95	1.7768E-17
1215	1.7774E-17
1215.05	1.7765E-17
1215.1	1.7768E-17
1215.15	1.7872E-17
1215.2	1.7843E-17
1215.25	1.788E-17
1215.3	1.7862E-17
1215.35	1.7764E-17
1215.4	1.7808E-17
1215.45	1.7855E-17
1215.5	1.7843E-17
1215.55	1.7875E-17
1215.6	1.7855E-17
1215.65	1.786E-17
1215.7	1.7876E-17
1215.75	1.7845E-17
1215.8	1.7828E-17
1215.85	1.784E-17
1215.9	1.7859E-17
1215.95	1.7895E-17
1216	1.7878E-17
1216.05	1.7879E-17
1216.1	1.7904E-17
1216.15	1.7872E-17
1216.2	1.785E-17
1216.25	1.7911E-17
1216.3	1.7901E-17
1216.35	1.7878E-17
1216.4	1.791E-17
1216.45	1.7949E-17
1216.5	1.7933E-17
1216.55	1.7936E-17
1216.6	1.796E-17
1216.65	1.7906E-17
1216.7	1.7998E-17
1216.75	1.8015E-17
1216.8	1.801E-17
1216.85	1.8002E-17
1216.9	1.8005E-17
1216.95	1.7988E-17
1217	1.7961E-17
1217.05	1.7972E-17
1217.1	1.7944E-17
1217.15	1.7955E-17
1217.2	1.7929E-17
1217.25	1.8028E-17
1217.3	1.8077E-17
1217.35	1.8076E-17
1217.4	1.807E-17
1217.45	1.8103E-17
1217.5	1.809E-17
1217.55	1.7989E-17
1217.6	1.7988E-17
1217.65	1.7976E-17
1217.7	1.7982E-17
1217.75	1.7992E-17
1217.8	1.7963E-17
1217.85	1.7978E-17
1217.9	1.793E-17
1217.95	1.8012E-17
1218	1.7982E-17
1218.05	1.7977E-17
1218.1	1.7883E-17
1218.15	1.7895E-17
1218.2	1.7902E-17
1218.25	1.7857E-17
1218.3	1.7911E-17
1218.35	1.7886E-17
1218.4	1.7824E-17
1218.45	1.7852E-17
1218.5	1.7904E-17
1218.55	1.7896E-17
1218.6	1.7927E-17
1218.65	1.7895E-17
1218.7	1.7945E-17
1218.75	1.7953E-17
1218.8	1.7934E-17
1218.85	1.7981E-17
1218.9	1.7947E-17
1218.95	1.8005E-17
1219	1.7986E-17
1219.05	1.796E-17
1219.1	1.8001E-17
1219.15	1.7942E-17
1219.2	1.7963E-17
1219.25	1.7949E-17
1219.3	1.8009E-17
1219.35	1.7985E-17
1219.4	1.7966E-17
1219.45	1.7946E-17
1219.5	1.7932E-17
1219.55	1.7972E-17
1219.6	1.8049E-17
1219.65	1.8044E-17
1219.7	1.8001E-17
1219.75	1.7986E-17
1219.8	1.8043E-17
1219.85	1.803E-17
1219.9	1.7977E-17
1219.95	1.7945E-17
1220	1.7982E-17
1220.05	1.8038E-17
1220.1	1.8073E-17
1220.15	1.8048E-17
1220.2	1.8004E-17
1220.25	1.7934E-17
1220.3	1.7902E-17
1220.35	1.7953E-17
1220.4	1.7951E-17
1220.45	1.7922E-17
1220.5	1.8023E-17
1220.55	1.7971E-17
1220.6	1.7977E-17
1220.65	1.7952E-17
1220.7	1.7881E-17
1220.75	1.7895E-17
1220.8	1.7894E-17
1220.85	1.7949E-17
1220.9	1.7984E-17
1220.95	1.7975E-17
1221	1.7923E-17
1221.05	1.7939E-17
1221.1	1.7948E-17
1221.15	1.7987E-17
1221.2	1.8E-17
1221.25	1.7938E-17
1221.3	1.7942E-17
1221.35	1.7918E-17
1221.4	1.7861E-17
1221.45	1.7897E-17
1221.5	1.7876E-17
1221.55	1.79E-17
1221.6	1.7883E-17
1221.65	1.7946E-17
1221.7	1.804E-17
1221.75	1.8058E-17
1221.8	1.8043E-17
1221.85	1.8E-17
1221.9	1.7941E-17
1221.95	1.794E-17
1222	1.7897E-17
1222.05	1.7925E-17
1222.1	1.7947E-17
1222.15	1.8001E-17
1222.2	1.8044E-17
1222.25	1.8024E-17
1222.3	1.7999E-17
1222.35	1.8019E-17
1222.4	1.7954E-17
1222.45	1.7992E-17
1222.5	1.7954E-17
1222.55	1.7965E-17
1222.6	1.7898E-17
1222.65	1.795E-17
1222.7	1.8002E-17
1222.75	1.7997E-17
1222.8	1.7996E-17
1222.85	1.8017E-17
1222.9	1.8055E-17
1222.95	1.8037E-17
1223	1.7994E-17
1223.05	1.8035E-17
1223.1	1.8046E-17
1223.15	1.8001E-17
1223.2	1.8003E-17
1223.25	1.7975E-17
1223.3	1.7966E-17
1223.35	1.7947E-17
1223.4	1.7881E-17
1223.45	1.7893E-17
1223.5	1.7923E-17
1223.55	1.7968E-17
1223.6	1.7925E-17
1223.65	1.7921E-17
1223.7	1.7938E-17
1223.75	1.7975E-17
1223.8	1.7963E-17
1223.85	1.8004E-17
1223.9	1.7957E-17
1223.95	1.8001E-17
1224	1.7947E-17
1224.05	1.795E-17
1224.1	1.7903E-17
1224.15	1.7898E-17
1224.2	1.7845E-17
1224.25	1.7832E-17
1224.3	1.7821E-17
1224.35	1.7817E-17
1224.4	1.7875E-17
1224.45	1.7933E-17
1224.5	1.7959E-17
1224.55	1.7984E-17
1224.6	1.796E-17
1224.65	1.7989E-17
1224.7	1.7976E-17
1224.75	1.7952E-17
1224.8	1.8012E-17
1224.85	1.7967E-17
1224.9	1.7996E-17
1224.95	1.8002E-17
1225	1.7985E-17
1225.05	1.7967E-17
1225.1	1.7963E-17
1225.15	1.797E-17
1225.2	1.7951E-17
1225.25	1.7941E-17
1225.3	1.7966E-17
1225.35	1.7922E-17
1225.4	1.7974E-17
1225.45	1.8006E-17
1225.5	1.7984E-17
1225.55	1.7995E-17
1225.6	1.8057E-17
1225.65	1.8054E-17
1225.7	1.8067E-17
1225.75	1.8071E-17
1225.8	1.8097E-17
1225.85	1.8097E-17
1225.9	1.8033E-17
1225.95	1.7995E-17
1226	1.7924E-17
1226.05	1.7925E-17
1226.1	1.793E-17
1226.15	1.7928E-17
1226.2	1.7952E-17
1226.25	1.8E-17
1226.3	1.8039E-17
1226.35	1.803E-17
1226.4	1.799E-17
1226.45	1.7951E-17
1226.5	1.7948E-17
1226.55	1.797E-17
1226.6	1.7944E-17
1226.65	1.7987E-17
1226.7	1.8022E-17
1226.75	1.8006E-17
1226.8	1.7994E-17
1226.85	1.8026E-17
1226.9	1.7985E-17
1226.95	1.7995E-17
1227	1.8018E-17
1227.05	1.8059E-17
1227.1	1.8019E-17
1227.15	1.8046E-17
1227.2	1.8019E-17
1227.25	1.804E-17
1227.3	1.8118E-17
1227.35	1.8039E-17
1227.4	1.8013E-17
1227.45	1.8022E-17
1227.5	1.8001E-17
1227.55	1.7986E-17
1227.6	1.8031E-17
1227.65	1.8077E-17
1227.7	1.8082E-17
1227.75	1.8072E-17
1227.8	1.8028E-17
1227.85	1.8049E-17
1227.9	1.7982E-17
1227.95	1.8012E-17
1228	1.8036E-17
1228.05	1.809E-17
1228.1	1.8098E-17
1228.15	1.8116E-17
1228.2	1.81E-17
1228.25	1.81E-17
1228.3	1.8162E-17
1228.35	1.8093E-17
1228.4	1.8089E-17
1228.45	1.8086E-17
1228.5	1.8104E-17
1228.55	1.8034E-17
1228.6	1.8023E-17
1228.65	1.8003E-17
1228.7	1.8002E-17
1228.75	1.8035E-17
1228.8	1.8041E-17
1228.85	1.8038E-17
1228.9	1.8049E-17
1228.95	1.8014E-17
1229	1.8004E-17
1229.05	1.8048E-17
1229.1	1.8058E-17
1229.15	1.8095E-17
1229.2	1.8053E-17
1229.25	1.8101E-17
1229.3	1.8183E-17
1229.35	1.8174E-17
1229.4	1.8162E-17
1229.45	1.8106E-17
1229.5	1.8098E-17
1229.55	1.813E-17
1229.6	1.8113E-17
1229.65	1.8137E-17
1229.7	1.8132E-17
1229.75	1.8127E-17
1229.8	1.816E-17
1229.85	1.8183E-17
1229.9	1.8145E-17
1229.95	1.8096E-17
1230	1.8054E-17
1230.05	1.8144E-17
1230.1	1.8201E-17
1230.15	1.8203E-17
1230.2	1.8237E-17
1230.25	1.8299E-17
1230.3	1.8293E-17
1230.35	1.8321E-17
1230.4	1.8279E-17
1230.45	1.8243E-17
1230.5	1.8239E-17
1230.55	1.8181E-17
1230.6	1.8254E-17
1230.65	1.8232E-17
1230.7	1.8219E-17
1230.75	1.8198E-17
1230.8	1.8185E-17
1230.85	1.8239E-17
1230.9	1.8243E-17
1230.95	1.8167E-17
1231	1.8184E-17
1231.05	1.8191E-17
1231.1	1.8196E-17
1231.15	1.8248E-17
1231.2	1.827E-17
1231.25	1.8263E-17
1231.3	1.8261E-17
1231.35	1.832E-17
1231.4	1.8318E-17
1231.45	1.8333E-17
1231.5	1.8347E-17
1231.55	1.8348E-17
1231.6	1.8311E-17
1231.65	1.8259E-17
1231.7	1.8219E-17
1231.75	1.8198E-17
1231.8	1.8253E-17
1231.85	1.8243E-17
1231.9	1.8235E-17
1231.95	1.8249E-17
1232	1.8225E-17
1232.05	1.8293E-17
1232.1	1.8332E-17
1232.15	1.8283E-17
1232.2	1.8205E-17
1232.25	1.8176E-17
1232.3	1.8182E-17
1232.35	1.8123E-17
1232.4	1.8159E-17
1232.45	1.8194E-17
1232.5	1.8198E-17
1232.55	1.8226E-17
1232.6	1.8222E-17
1232.65	1.823E-17
1232.7	1.8229E-17
1232.75	1.8245E-17
1232.8	1.8246E-17
1232.85	1.8256E-17
1232.9	1.8252E-17
1232.95	1.8323E-17
1233	1.8333E-17
1233.05	1.8353E-17
1233.1	1.8316E-17
1233.15	1.8245E-17
1233.2	1.8255E-17
1233.25	1.8296E-17
1233.3	1.8347E-17
1233.35	1.8277E-17
1233.4	1.8255E-17
1233.45	1.8314E-17
1233.5	1.8341E-17
1233.55	1.8309E-17
1233.6	1.8326E-17
1233.65	1.8329E-17
1233.7	1.835E-17
1233.75	1.8355E-17
1233.8	1.8402E-17
1233.85	1.8435E-17
1233.9	1.8449E-17
1233.95	1.8492E-17
1234	1.8469E-17
1234.05	1.8482E-17
1234.1	1.8448E-17
1234.15	1.8381E-17
1234.2	1.8462E-17
1234.25	1.844E-17
1234.3	1.8501E-17
1234.35	1.8507E-17
1234.4	1.8488E-17
1234.45	1.8456E-17
1234.5	1.8429E-17
1234.55	1.8443E-17
1234.6	1.8367E-17
1234.65	1.8324E-17
1234.7	1.8229E-17
1234.75	1.8256E-17
1234.8	1.8229E-17
1234.85	1.8352E-17
1234.9	1.8395E-17
1234.95	1.8454E-17
1235	1.8435E-17
1235.05	1.8463E-17
1235.1	1.8472E-17
1235.15	1.8507E-17
1235.2	1.8515E-17
1235.25	1.855E-17
1235.3	1.8589E-17
1235.35	1.8594E-17
1235.4	1.8597E-17
1235.45	1.8535E-17
1235.5	1.8557E-17
1235.55	1.8581E-17
1235.6	1.8539E-17
1235.65	1.8533E-17
1235.7	1.8522E-17
1235.75	1.8496E-17
1235.8	1.8478E-17
1235.85	1.845E-17
1235.9	1.8435E-17
1235.95	1.8413E-17
1236	1.8403E-17
1236.05	1.8437E-17
1236.1	1.8444E-17
1236.15	1.8439E-17
1236.2	1.8433E-17
1236.25	1.8419E-17
1236.3	1.8413E-17
1236.35	1.8475E-17
1236.4	1.8477E-17
1236.45	1.8427E-17
1236.5	1.8435E-17
1236.55	1.846E-17
1236.6	1.8479E-17
1236.65	1.8482E-17
1236.7	1.8545E-17
1236.75	1.8547E-17
1236.8	1.859E-17
1236.85	1.8596E-17
1236.9	1.859E-17
1236.95	1.862E-17
1237	1.8617E-17
1237.05	1.8598E-17
1237.1	1.8603E-17
1237.15	1.8592E-17
1237.2	1.8564E-17
1237.25	1.8512E-17
1237.3	1.8518E-17
1237.35	1.8521E-17
1237.4	1.8503E-17
1237.45	1.846E-17
1237.5	1.8494E-17
1237.55	1.8501E-17
1237.6	1.8458E-17
1237.65	1.8459E-17
1237.7	1.8502E-17
1237.75	1.8447E-17
1237.8	1.8461E-17
1237.85	1.8467E-17
1237.9	1.8476E-17
1237.95	1.8483E-17
1238	1.8547E-17
1238.05	1.8482E-17
1238.1	1.8571E-17
1238.15	1.8579E-17
1238.2	1.8573E-17
1238.25	1.8548E-17
1238.3	1.8515E-17
1238.35	1.852E-17
1238.4	1.8517E-17
1238.45	1.8513E-17
1238.5	1.8487E-17
1238.55	1.8482E-17
1238.6	1.8499E-17
1238.65	1.8459E-17
1238.7	1.8421E-17
1238.75	1.849E-17
1238.8	1.8573E-17
1238.85	1.8601E-17
1238.9	1.8613E-17
1238.95	1.8638E-17
1239	1.8645E-17
1239.05	1.8559E-17
1239.1	1.8529E-17
1239.15	1.8561E-17
1239.2	1.8599E-17
1239.25	1.8605E-17
1239.3	1.8598E-17
1239.35	1.8622E-17
1239.4	1.858E-17
1239.45	1.859E-17
1239.5	1.8602E-17
1239.55	1.8661E-17
1239.6	1.8649E-17
1239.65	1.8676E-17
1239.7	1.8667E-17
1239.75	1.8679E-17
1239.8	1.8718E-17
1239.85	1.8694E-17
1239.9	1.8698E-17
1239.95	1.8689E-17
1240	1.8639E-17
1240.05	1.865E-17
1240.1	1.8665E-17
1240.15	1.8709E-17
1240.2	1.8731E-17
1240.25	1.8755E-17
1240.3	1.8811E-17
1240.35	1.8796E-17
1240.4	1.8753E-17
1240.45	1.8821E-17
1240.5	1.88E-17
1240.55	1.8788E-17
1240.6	1.8773E-17
1240.65	1.8816E-17
1240.7	1.8809E-17
1240.75	1.8822E-17
1240.8	1.8848E-17
1240.85	1.8821E-17
1240.9	1.8845E-17
1240.95	1.8839E-17
1241	1.8788E-17
1241.05	1.8753E-17
1241.1	1.8754E-17
1241.15	1.8721E-17
1241.2	1.8737E-17
1241.25	1.8765E-17
1241.3	1.8783E-17
1241.35	1.8778E-17
1241.4	1.8777E-17
1241.45	1.8761E-17
1241.5	1.8687E-17
1241.55	1.8712E-17
1241.6	1.8727E-17
1241.65	1.87E-17
1241.7	1.867E-17
1241.75	1.8675E-17
1241.8	1.8696E-17
1241.85	1.8727E-17
1241.9	1.8696E-17
1241.95	1.8732E-17
1242	1.8729E-17
1242.05	1.8765E-17
1242.1	1.8774E-17
1242.15	1.8803E-17
1242.2	1.8807E-17
1242.25	1.8889E-17
1242.3	1.8862E-17
1242.35	1.8853E-17
1242.4	1.8848E-17
1242.45	1.8834E-17
1242.5	1.8839E-17
1242.55	1.8776E-17
1242.6	1.8727E-17
1242.65	1.8748E-17
1242.7	1.8792E-17
1242.75	1.8784E-17
1242.8	1.8713E-17
1242.85	1.8729E-17
1242.9	1.8744E-17
1242.95	1.8743E-17
1243	1.8759E-17
1243.05	1.8755E-17
1243.1	1.8762E-17
1243.15	1.8873E-17
1243.2	1.8832E-17
1243.25	1.8852E-17
1243.3	1.8874E-17
1243.35	1.8904E-17
1243.4	1.8925E-17
1243.45	1.8873E-17
1243.5	1.8901E-17
1243.55	1.8906E-17
1243.6	1.8882E-17
1243.65	1.8912E-17
1243.7	1.8953E-17
1243.75	1.8976E-17
1243.8	1.8953E-17
1243.85	1.8932E-17
1243.9	1.8855E-17
1243.95	1.8848E-17
1244	1.8844E-17
1244.05	1.8821E-17
1244.1	1.8812E-17
1244.15	1.8831E-17
1244.2	1.8794E-17
1244.25	1.8875E-17
1244.3	1.8862E-17
1244.35	1.8849E-17
1244.4	1.8868E-17
1244.45	1.8902E-17
1244.5	1.8846E-17
1244.55	1.8849E-17
1244.6	1.8883E-17
1244.65	1.8855E-17
1244.7	1.8867E-17
1244.75	1.8879E-17
1244.8	1.8837E-17
1244.85	1.882E-17
1244.9	1.8846E-17
1244.95	1.8841E-17
1245	1.8839E-17
1245.05	1.885E-17
1245.1	1.8843E-17
1245.15	1.8857E-17
1245.2	1.8817E-17
1245.25	1.8865E-17
1245.3	1.8881E-17
1245.35	1.8894E-17
1245.4	1.8903E-17
1245.45	1.892E-17
1245.5	1.8935E-17
1245.55	1.8935E-17
1245.6	1.8947E-17
1245.65	1.889E-17
1245.7	1.889E-17
1245.75	1.8904E-17
1245.8	1.886E-17
1245.85	1.8792E-17
1245.9	1.8825E-17
1245.95	1.8875E-17
1246	1.8889E-17
1246.05	1.8926E-17
1246.1	1.8911E-17
1246.15	1.8876E-17
1246.2	1.8866E-17
1246.25	1.8864E-17
1246.3	1.8873E-17
1246.35	1.8937E-17
1246.4	1.8954E-17
1246.45	1.8931E-17
1246.5	1.8926E-17
1246.55	1.8959E-17
1246.6	1.8976E-17
1246.65	1.8987E-17
1246.7	1.9056E-17
1246.75	1.9116E-17
1246.8	1.9088E-17
1246.85	1.9113E-17
1246.9	1.91E-17
1246.95	1.9049E-17
1247	1.9005E-17
1247.05	1.9021E-17
1247.1	1.9026E-17
1247.15	1.8987E-17
1247.2	1.9004E-17
1247.25	1.8999E-17
1247.3	1.905E-17
1247.35	1.9007E-17
1247.4	1.8957E-17
1247.45	1.8896E-17
1247.5	1.8916E-17
1247.55	1.8945E-17
1247.6	1.9016E-17
1247.65	1.9001E-17
1247.7	1.8999E-17
1247.75	1.9022E-17
1247.8	1.9044E-17
1247.85	1.9081E-17
1247.9	1.9047E-17
1247.95	1.9008E-17
1248	1.9041E-17
1248.05	1.9047E-17
1248.1	1.9062E-17
1248.15	1.9051E-17
1248.2	1.9092E-17
1248.25	1.9085E-17
1248.3	1.9053E-17
1248.35	1.9082E-17
1248.4	1.909E-17
1248.45	1.9095E-17
1248.5	1.9113E-17
1248.55	1.9084E-17
1248.6	1.9099E-17
1248.65	1.9061E-17
1248.7	1.9052E-17
1248.75	1.9027E-17
1248.8	1.9045E-17
1248.85	1.908E-17
1248.9	1.9059E-17
1248.95	1.908E-17
1249	1.9171E-17
1249.05	1.9163E-17
1249.1	1.9122E-17
1249.15	1.9162E-17
1249.2	1.9106E-17
1249.25	1.9119E-17
1249.3	1.9128E-17
1249.35	1.919E-17
1249.4	1.9155E-17
1249.45	1.9166E-17
1249.5	1.9169E-17
1249.55	1.9125E-17
1249.6	1.908E-17
1249.65	1.9044E-17
1249.7	1.9072E-17
1249.75	1.911E-17
1249.8	1.9127E-17
1249.85	1.9148E-17
1249.9	1.9102E-17
1249.95	1.9148E-17
1250	1.9143E-17
1250.05	1.9058E-17
1250.1	1.9111E-17
1250.15	1.9136E-17
1250.2	1.9196E-17
1250.25	1.9238E-17
1250.3	1.9238E-17
1250.35	1.9224E-17
1250.4	1.9234E-17
1250.45	1.9177E-17
1250.5	1.9145E-17
1250.55	1.9131E-17
1250.6	1.9097E-17
1250.65	1.9079E-17
1250.7	1.9072E-17
1250.75	1.9104E-17
1250.8	1.9123E-17
1250.85	1.914E-17
1250.9	1.9163E-17
1250.95	1.9205E-17
1251	1.92E-17
1251.05	1.9196E-17
1251.1	1.9179E-17
1251.15	1.9177E-17
1251.2	1.9252E-17
1251.25	1.9239E-17
1251.3	1.921E-17
1251.35	1.9236E-17
1251.4	1.9286E-17
1251.45	1.9261E-17
1251.5	1.9296E-17
1251.55	1.9326E-17
1251.6	1.9265E-17
1251.65	1.9291E-17
1251.7	1.9314E-17
1251.75	1.9295E-17
1251.8	1.9278E-17
1251.85	1.9312E-17
1251.9	1.9288E-17
1251.95	1.9277E-17
1252	1.9318E-17
1252.05	1.9375E-17
1252.1	1.9264E-17
1252.15	1.9301E-17
1252.2	1.9264E-17
1252.25	1.9236E-17
1252.3	1.9235E-17
1252.35	1.931E-17
1252.4	1.9328E-17
1252.45	1.9357E-17
1252.5	1.9337E-17
1252.55	1.9315E-17
1252.6	1.9281E-17
1252.65	1.9307E-17
1252.7	1.9263E-17
1252.75	1.9275E-17
1252.8	1.9285E-17
1252.85	1.9309E-17
1252.9	1.9316E-17
1252.95	1.9357E-17
1253	1.9335E-17
1253.05	1.9306E-17
1253.1	1.9329E-17
1253.15	1.9331E-17
1253.2	1.9387E-17
1253.25	1.9385E-17
1253.3	1.9335E-17
1253.35	1.9246E-17
1253.4	1.923E-17
1253.45	1.928E-17
1253.5	1.9307E-17
1253.55	1.9348E-17
1253.6	1.9339E-17
1253.65	1.9326E-17
1253.7	1.9337E-17
1253.75	1.9311E-17
1253.8	1.9343E-17
1253.85	1.9387E-17
1253.9	1.9437E-17
1253.95	1.943E-17
1254	1.9375E-17
1254.05	1.9332E-17
1254.1	1.9279E-17
1254.15	1.9275E-17
1254.2	1.9314E-17
1254.25	1.9375E-17
1254.3	1.9339E-17
1254.35	1.9358E-17
1254.4	1.934E-17
1254.45	1.9343E-17
1254.5	1.9342E-17
1254.55	1.9331E-17
1254.6	1.9306E-17
1254.65	1.9273E-17
1254.7	1.9316E-17
1254.75	1.9337E-17
1254.8	1.9359E-17
1254.85	1.933E-17
1254.9	1.9288E-17
1254.95	1.9331E-17
1255	1.9376E-17
1255.05	1.9343E-17
1255.1	1.9291E-17
1255.15	1.9284E-17
1255.2	1.9241E-17
1255.25	1.9234E-17
1255.3	1.927E-17
1255.35	1.9318E-17
1255.4	1.9353E-17
1255.45	1.9322E-17
1255.5	1.9331E-17
1255.55	1.9352E-17
1255.6	1.9365E-17
1255.65	1.9331E-17
1255.7	1.9329E-17
1255.75	1.9314E-17
1255.8	1.9319E-17
1255.85	1.9315E-17
1255.9	1.9324E-17
1255.95	1.9328E-17
1256	1.9359E-17
1256.05	1.9351E-17
1256.1	1.9344E-17
1256.15	1.9339E-17
1256.2	1.9281E-17
1256.25	1.9286E-17
1256.3	1.9305E-17
1256.35	1.9283E-17
1256.4	1.9291E-17
1256.45	1.934E-17
1256.5	1.9306E-17
1256.55	1.9346E-17
1256.6	1.9366E-17
1256.65	1.9383E-17
1256.7	1.9366E-17
1256.75	1.9365E-17
1256.8	1.9343E-17
1256.85	1.9322E-17
1256.9	1.9364E-17
1256.95	1.9381E-17
1257	1.9406E-17
1257.05	1.9346E-17
1257.1	1.9378E-17
1257.15	1.9381E-17
1257.2	1.9333E-17
1257.25	1.9352E-17
1257.3	1.9381E-17
1257.35	1.9358E-17
1257.4	1.9366E-17
1257.45	1.943E-17
1257.5	1.9443E-17
1257.55	1.9421E-17
1257.6	1.9455E-17
1257.65	1.9452E-17
1257.7	1.9462E-17
1257.75	1.9468E-17
1257.8	1.9477E-17
1257.85	1.9456E-17
1257.9	1.9452E-17
1257.95	1.9474E-17
1258	1.9474E-17
1258.05	1.9505E-17
1258.1	1.9478E-17
1258.15	1.9453E-17
1258.2	1.9435E-17
1258.25	1.9462E-17
1258.3	1.9535E-17
1258.35	1.9507E-17
1258.4	1.954E-17
1258.45	1.9535E-17
1258.5	1.9479E-17
1258.55	1.9516E-17
1258.6	1.9446E-17
1258.65	1.9485E-17
1258.7	1.9466E-17
1258.75	1.9432E-17
1258.8	1.9435E-17
1258.85	1.9485E-17
1258.9	1.9475E-17
1258.95	1.9457E-17
1259	1.9458E-17
1259.05	1.9438E-17
1259.1	1.943E-17
1259.15	1.946E-17
1259.2	1.9458E-17
1259.25	1.9453E-17
1259.3	1.9485E-17
1259.35	1.9548E-17
1259.4	1.952E-17
1259.45	1.9499E-17
1259.5	1.9493E-17
1259.55	1.9452E-17
1259.6	1.9447E-17
1259.65	1.9417E-17
1259.7	1.9441E-17
1259.75	1.9449E-17
1259.8	1.9471E-17
1259.85	1.9462E-17
1259.9	1.9448E-17
1259.95	1.9449E-17
1260	1.9466E-17
1260.05	1.9485E-17
1260.1	1.9498E-17
1260.15	1.9475E-17
1260.2	1.9496E-17
1260.25	1.9485E-17
1260.3	1.9502E-17
1260.35	1.948E-17
1260.4	1.9465E-17
1260.45	1.9467E-17
1260.5	1.9519E-17
1260.55	1.9566E-17
1260.6	1.957E-17
1260.65	1.9477E-17
1260.7	1.9502E-17
1260.75	1.9535E-17
1260.8	1.9514E-17
1260.85	1.9483E-17
1260.9	1.9487E-17
1260.95	1.9501E-17
1261	1.9523E-17
1261.05	1.9538E-17
1261.1	1.9557E-17
1261.15	1.9574E-17
1261.2	1.961E-17
1261.25	1.9617E-17
1261.3	1.9609E-17
1261.35	1.9597E-17
1261.4	1.9598E-17
1261.45	1.962E-17
1261.5	1.9597E-17
1261.55	1.9553E-17
1261.6	1.9533E-17
1261.65	1.9526E-17
1261.7	1.9572E-17
1261.75	1.9532E-17
1261.8	1.952E-17
1261.85	1.9528E-17
1261.9	1.9547E-17
1261.95	1.9524E-17
1262	1.9502E-17
1262.05	1.9545E-17
1262.1	1.952E-17
1262.15	1.9512E-17
1262.2	1.9515E-17
1262.25	1.9511E-17
1262.3	1.9579E-17
1262.35	1.9534E-17
1262.4	1.9613E-17
1262.45	1.958E-17
1262.5	1.9543E-17
1262.55	1.9537E-17
1262.6	1.9498E-17
1262.65	1.9473E-17
1262.7	1.9483E-17
1262.75	1.9449E-17
1262.8	1.9469E-17
1262.85	1.947E-17
1262.9	1.9475E-17
1262.95	1.9537E-17
1263	1.9539E-17
1263.05	1.9483E-17
1263.1	1.9473E-17
1263.15	1.9497E-17
1263.2	1.9484E-17
1263.25	1.9542E-17
1263.3	1.9553E-17
1263.35	1.9489E-17
1263.4	1.9451E-17
1263.45	1.9509E-17
1263.5	1.9532E-17
1263.55	1.9559E-17
1263.6	1.9541E-17
1263.65	1.9566E-17
1263.7	1.9573E-17
1263.75	1.9591E-17
1263.8	1.9623E-17
1263.85	1.9585E-17
1263.9	1.9545E-17
1263.95	1.9524E-17
1264	1.9571E-17
1264.05	1.954E-17
1264.1	1.9491E-17
1264.15	1.9477E-17
1264.2	1.9504E-17
1264.25	1.9538E-17
1264.3	1.9536E-17
1264.35	1.9595E-17
1264.4	1.9543E-17
1264.45	1.9537E-17
1264.5	1.9564E-17
1264.55	1.9551E-17
1264.6	1.9541E-17
1264.65	1.9583E-17
1264.7	1.9593E-17
1264.75	1.9566E-17
1264.8	1.9579E-17
1264.85	1.955E-17
1264.9	1.9537E-17
1264.95	1.9544E-17
1265	1.9529E-17
1265.05	1.9534E-17
1265.1	1.9565E-17
1265.15	1.9531E-17
1265.2	1.9513E-17
1265.25	1.9472E-17
1265.3	1.9528E-17
1265.35	1.9487E-17
1265.4	1.9491E-17
1265.45	1.9563E-17
1265.5	1.9518E-17
1265.55	1.9472E-17
1265.6	1.9483E-17
1265.65	1.9483E-17
1265.7	1.9503E-17
1265.75	1.9503E-17
1265.8	1.947E-17
1265.85	1.9471E-17
1265.9	1.951E-17
1265.95	1.9525E-17
1266	1.9507E-17
1266.05	1.9502E-17
1266.1	1.9534E-17
1266.15	1.9516E-17
1266.2	1.9497E-17
1266.25	1.9469E-17
1266.3	1.9497E-17
1266.35	1.9513E-17
1266.4	1.9499E-17
1266.45	1.9516E-17
1266.5	1.9516E-17
1266.55	1.9518E-17
1266.6	1.9453E-17
1266.65	1.9446E-17
1266.7	1.9513E-17
1266.75	1.9521E-17
1266.8	1.9506E-17
1266.85	1.9536E-17
1266.9	1.9506E-17
1266.95	1.9572E-17
1267	1.9574E-17
1267.05	1.9557E-17
1267.1	1.9544E-17
1267.15	1.9544E-17
1267.2	1.9584E-17
1267.25	1.955E-17
1267.3	1.9524E-17
1267.35	1.9547E-17
1267.4	1.9539E-17
1267.45	1.9539E-17
1267.5	1.9538E-17
1267.55	1.9562E-17
1267.6	1.9539E-17
1267.65	1.951E-17
1267.7	1.9511E-17
1267.75	1.9495E-17
1267.8	1.9485E-17
1267.85	1.9453E-17
1267.9	1.9511E-17
1267.95	1.9521E-17
1268	1.9526E-17
1268.05	1.9558E-17
1268.1	1.9582E-17
1268.15	1.9547E-17
1268.2	1.9497E-17
1268.25	1.9524E-17
1268.3	1.9553E-17
1268.35	1.9553E-17
1268.4	1.9551E-17
1268.45	1.9519E-17
1268.5	1.9513E-17
1268.55	1.9498E-17
1268.6	1.9515E-17
1268.65	1.9439E-17
1268.7	1.9429E-17
1268.75	1.9423E-17
1268.8	1.9433E-17
1268.85	1.9427E-17
1268.9	1.942E-17
1268.95	1.9429E-17
1269	1.9418E-17
1269.05	1.9465E-17
1269.1	1.948E-17
1269.15	1.9511E-17
1269.2	1.9546E-17
1269.25	1.9513E-17
1269.3	1.9497E-17
1269.35	1.9496E-17
1269.4	1.9576E-17
1269.45	1.9559E-17
1269.5	1.9555E-17
1269.55	1.951E-17
1269.6	1.9575E-17
1269.65	1.9509E-17
1269.7	1.9492E-17
1269.75	1.9483E-17
1269.8	1.9488E-17
1269.85	1.9494E-17
1269.9	1.9506E-17
1269.95	1.9545E-17
1270	1.9544E-17
1270.05	1.9531E-17
1270.1	1.9531E-17
1270.15	1.949E-17
1270.2	1.9477E-17
1270.25	1.9447E-17
1270.3	1.9498E-17
1270.35	1.948E-17
1270.4	1.9427E-17
1270.45	1.9472E-17
1270.5	1.9514E-17
1270.55	1.951E-17
1270.6	1.9575E-17
1270.65	1.957E-17
1270.7	1.9569E-17
1270.75	1.9544E-17
1270.8	1.9528E-17
1270.85	1.9539E-17
1270.9	1.9619E-17
1270.95	1.9599E-17
1271	1.9599E-17
1271.05	1.9548E-17
1271.1	1.9526E-17
1271.15	1.9527E-17
1271.2	1.9517E-17
1271.25	1.9482E-17
1271.3	1.9428E-17
1271.35	1.9458E-17
1271.4	1.9475E-17
1271.45	1.9461E-17
1271.5	1.9444E-17
1271.55	1.9445E-17
1271.6	1.9437E-17
1271.65	1.9488E-17
1271.7	1.9503E-17
1271.75	1.9517E-17
1271.8	1.9494E-17
1271.85	1.9469E-17
1271.9	1.9506E-17
1271.95	1.9492E-17
1272	1.948E-17
1272.05	1.9469E-17
1272.1	1.9508E-17
1272.15	1.9572E-17
1272.2	1.9586E-17
1272.25	1.9581E-17
1272.3	1.9566E-17
1272.35	1.9572E-17
1272.4	1.9602E-17
1272.45	1.9632E-17
1272.5	1.9659E-17
1272.55	1.9658E-17
1272.6	1.9635E-17
1272.65	1.9552E-17
1272.7	1.9539E-17
1272.75	1.9561E-17
1272.8	1.9536E-17
1272.85	1.9542E-17
1272.9	1.9524E-17
1272.95	1.9506E-17
1273	1.9517E-17
1273.05	1.9525E-17
1273.1	1.9518E-17
1273.15	1.9532E-17
1273.2	1.9499E-17
1273.25	1.9526E-17
1273.3	1.9512E-17
1273.35	1.9543E-17
1273.4	1.9504E-17
1273.45	1.9458E-17
1273.5	1.949E-17
1273.55	1.9523E-17
1273.6	1.9492E-17
1273.65	1.9506E-17
1273.7	1.9465E-17
1273.75	1.9465E-17
1273.8	1.9478E-17
1273.85	1.9491E-17
1273.9	1.9483E-17
1273.95	1.9414E-17
1274	1.9453E-17
1274.05	1.9421E-17
1274.1	1.9456E-17
1274.15	1.9454E-17
1274.2	1.9479E-17
1274.25	1.9478E-17
1274.3	1.9533E-17
1274.35	1.9515E-17
1274.4	1.9511E-17
1274.45	1.9521E-17
1274.5	1.9507E-17
1274.55	1.9465E-17
1274.6	1.9472E-17
1274.65	1.9466E-17
1274.7	1.9476E-17
1274.75	1.9446E-17
1274.8	1.9423E-17
1274.85	1.9478E-17
1274.9	1.9514E-17
1274.95	1.949E-17
1275	1.9471E-17
1275.05	1.9489E-17
1275.1	1.9478E-17
1275.15	1.9471E-17
1275.2	1.9431E-17
1275.25	1.9429E-17
1275.3	1.9438E-17
1275.35	1.9484E-17
1275.4	1.9497E-17
1275.45	1.9488E-17
1275.5	1.9446E-17
1275.55	1.9494E-17
1275.6	1.9464E-17
1275.65	1.9478E-17
1275.7	1.9465E-17
1275.75	1.9505E-17
1275.8	1.9509E-17
1275.85	1.9508E-17
1275.9	1.9479E-17
1275.95	1.9513E-17
1276	1.9415E-17
1276.05	1.945E-17
1276.1	1.9448E-17
1276.15	1.9431E-17
1276.2	1.9431E-17
1276.25	1.9455E-17
1276.3	1.9458E-17
1276.35	1.9431E-17
1276.4	1.941E-17
1276.45	1.94E-17
1276.5	1.9443E-17
1276.55	1.942E-17
1276.6	1.9406E-17
1276.65	1.9341E-17
1276.7	1.9328E-17
1276.75	1.9375E-17
1276.8	1.9341E-17
1276.85	1.9366E-17
1276.9	1.9371E-17
1276.95	1.9401E-17
1277	1.9398E-17
1277.05	1.943E-17
1277.1	1.9429E-17
1277.15	1.9403E-17
1277.2	1.9414E-17
1277.25	1.9393E-17
1277.3	1.9386E-17
1277.35	1.936E-17
1277.4	1.9382E-17
1277.45	1.9395E-17
1277.5	1.9385E-17
1277.55	1.9386E-17
1277.6	1.9362E-17
1277.65	1.937E-17
1277.7	1.9338E-17
1277.75	1.9309E-17
1277.8	1.9298E-17
1277.85	1.9267E-17
1277.9	1.9238E-17
1277.95	1.9265E-17
1278	1.922E-17
1278.05	1.9227E-17
1278.1	1.9242E-17
1278.15	1.9189E-17
1278.2	1.9177E-17
1278.25	1.9167E-17
1278.3	1.9199E-17
1278.35	1.9203E-17
1278.4	1.9214E-17
1278.45	1.9214E-17
1278.5	1.9236E-17
1278.55	1.9214E-17
1278.6	1.9213E-17
1278.65	1.9182E-17
1278.7	1.9182E-17
1278.75	1.9157E-17
1278.8	1.9137E-17
1278.85	1.919E-17
1278.9	1.924E-17
1278.95	1.9244E-17
1279	1.9259E-17
1279.05	1.9265E-17
1279.1	1.9281E-17
1279.15	1.9283E-17
1279.2	1.9333E-17
1279.25	1.9337E-17
1279.3	1.9363E-17
1279.35	1.9317E-17
1279.4	1.9297E-17
1279.45	1.9267E-17
1279.5	1.922E-17
1279.55	1.9199E-17
1279.6	1.9194E-17
1279.65	1.9213E-17
1279.7	1.9175E-17
1279.75	1.9193E-17
1279.8	1.9196E-17
1279.85	1.9187E-17
1279.9	1.9209E-17
1279.95	1.9217E-17
1280	1.9191E-17
1280.05	1.924E-17
1280.1	1.9243E-17
1280.15	1.931E-17
1280.2	1.9365E-17
1280.25	1.929E-17
1280.3	1.926E-17
1280.35	1.9258E-17
1280.4	1.9238E-17
1280.45	1.9289E-17
1280.5	1.9302E-17
1280.55	1.9274E-17
1280.6	1.9302E-17
1280.65	1.9277E-17
1280.7	1.9227E-17
1280.75	1.9218E-17
1280.8	1.9208E-17
1280.85	1.9194E-17
1280.9	1.9247E-17
1280.95	1.9207E-17
1281	1.9149E-17
1281.05	1.9179E-17
1281.1	1.9194E-17
1281.15	1.9227E-17
1281.2	1.9195E-17
1281.25	1.9195E-17
1281.3	1.9219E-17
1281.35	1.9239E-17
1281.4	1.9228E-17
1281.45	1.921E-17
1281.5	1.9184E-17
1281.55	1.9172E-17
1281.6	1.9081E-17
1281.65	1.9052E-17
1281.7	1.9065E-17
1281.75	1.9097E-17
1281.8	1.9121E-17
1281.85	1.9114E-17
1281.9	1.9091E-17
1281.95	1.9102E-17
1282	1.9117E-17
1282.05	1.9097E-17
1282.1	1.9096E-17
1282.15	1.9093E-17
1282.2	1.9106E-17
1282.25	1.9103E-17
1282.3	1.9118E-17
1282.35	1.9112E-17
1282.4	1.9116E-17
1282.45	1.9086E-17
1282.5	1.9159E-17
1282.55	1.9216E-17
1282.6	1.9153E-17
1282.65	1.9113E-17
1282.7	1.9123E-17
1282.75	1.914E-17
1282.8	1.9071E-17
1282.85	1.9073E-17
1282.9	1.9118E-17
1282.95	1.9086E-17
1283	1.9099E-17
1283.05	1.9091E-17
1283.1	1.9045E-17
1283.15	1.9009E-17
1283.2	1.8982E-17
1283.25	1.9018E-17
1283.3	1.9046E-17
1283.35	1.9073E-17
1283.4	1.9048E-17
1283.45	1.9083E-17
1283.5	1.9085E-17
1283.55	1.9065E-17
1283.6	1.9023E-17
1283.65	1.8999E-17
1283.7	1.9011E-17
1283.75	1.8974E-17
1283.8	1.8979E-17
1283.85	1.8999E-17
1283.9	1.9004E-17
1283.95	1.9035E-17
1284	1.9069E-17
1284.05	1.9061E-17
1284.1	1.9038E-17
1284.15	1.9037E-17
1284.2	1.9076E-17
1284.25	1.906E-17
1284.3	1.9045E-17
1284.35	1.9041E-17
1284.4	1.9075E-17
1284.45	1.9065E-17
1284.5	1.9011E-17
1284.55	1.8974E-17
1284.6	1.8932E-17
1284.65	1.8922E-17
1284.7	1.894E-17
1284.75	1.8927E-17
1284.8	1.8951E-17
1284.85	1.8959E-17
1284.9	1.8993E-17
1284.95	1.9018E-17
1285	1.899E-17
1285.05	1.8976E-17
1285.1	1.9003E-17
1285.15	1.8986E-17
1285.2	1.8957E-17
1285.25	1.8973E-17
1285.3	1.8984E-17
1285.35	1.9015E-17
1285.4	1.8992E-17
1285.45	1.8959E-17
1285.5	1.8984E-17
1285.55	1.8968E-17
1285.6	1.8945E-17
1285.65	1.8964E-17
1285.7	1.9026E-17
1285.75	1.9003E-17
1285.8	1.8955E-17
1285.85	1.8907E-17
1285.9	1.8903E-17
1285.95	1.893E-17
1286	1.8931E-17
1286.05	1.8917E-17
1286.1	1.8892E-17
1286.15	1.8901E-17
1286.2	1.8919E-17
1286.25	1.8943E-17
1286.3	1.893E-17
1286.35	1.8892E-17
1286.4	1.8853E-17
1286.45	1.8843E-17
1286.5	1.8866E-17
1286.55	1.8855E-17
1286.6	1.8842E-17
1286.65	1.8827E-17
1286.7	1.8817E-17
1286.75	1.8857E-17
1286.8	1.889E-17
1286.85	1.8869E-17
1286.9	1.8842E-17
1286.95	1.8808E-17
1287	1.8842E-17
1287.05	1.8893E-17
1287.1	1.8904E-17
1287.15	1.8839E-17
1287.2	1.8788E-17
1287.25	1.8789E-17
1287.3	1.8767E-17
1287.35	1.8765E-17
1287.4	1.8825E-17
1287.45	1.8766E-17
1287.5	1.872E-17
1287.55	1.8732E-17
1287.6	1.8713E-17
1287.65	1.8762E-17
1287.7	1.8821E-17
1287.75	1.8869E-17
1287.8	1.8826E-17
1287.85	1.885E-17
1287.9	1.879E-17
1287.95	1.8796E-17
1288	1.8832E-17
1288.05	1.877E-17
1288.1	1.8757E-17
1288.15	1.8753E-17
1288.2	1.878E-17
1288.25	1.879E-17
1288.3	1.8778E-17
1288.35	1.8778E-17
1288.4	1.8774E-17
1288.45	1.8763E-17
1288.5	1.8794E-17
1288.55	1.8764E-17
1288.6	1.8757E-17
1288.65	1.8727E-17
1288.7	1.8759E-17
1288.75	1.8727E-17
1288.8	1.8782E-17
1288.85	1.874E-17
1288.9	1.8798E-17
1288.95	1.8778E-17
1289	1.869E-17
1289.05	1.8729E-17
1289.1	1.8718E-17
1289.15	1.8716E-17
1289.2	1.8734E-17
1289.25	1.8693E-17
1289.3	1.8647E-17
1289.35	1.866E-17
1289.4	1.8661E-17
1289.45	1.8627E-17
1289.5	1.8658E-17
1289.55	1.8665E-17
1289.6	1.8648E-17
1289.65	1.8617E-17
1289.7	1.8589E-17
1289.75	1.8643E-17
1289.8	1.8624E-17
1289.85	1.8636E-17
1289.9	1.8667E-17
1289.95	1.8621E-17
1290	1.8613E-17
1290.05	1.8613E-17
1290.1	1.8591E-17
1290.15	1.8594E-17
1290.2	1.8572E-17
1290.25	1.8548E-17
1290.3	1.8548E-17
1290.35	1.8537E-17
1290.4	1.8555E-17
1290.45	1.8533E-17
1290.5	1.851E-17
1290.55	1.854E-17
1290.6	1.8564E-17
1290.65	1.8614E-17
1290.7	1.8588E-17
1290.75	1.855E-17
1290.8	1.851E-17
1290.85	1.8495E-17
1290.9	1.8469E-17
1290.95	1.8525E-17
1291	1.8508E-17
1291.05	1.8495E-17
1291.1	1.8533E-17
1291.15	1.8559E-17
1291.2	1.8484E-17
1291.25	1.8494E-17
1291.3	1.853E-17
1291.35	1.8501E-17
1291.4	1.8535E-17
1291.45	1.8519E-17
1291.5	1.8565E-17
1291.55	1.8543E-17
1291.6	1.8527E-17
1291.65	1.8517E-17
1291.7	1.8544E-17
1291.75	1.854E-17
1291.8	1.8492E-17
1291.85	1.8481E-17
1291.9	1.848E-17
1291.95	1.8503E-17
1292	1.8499E-17
1292.05	1.8423E-17
1292.1	1.8494E-17
1292.15	1.8439E-17
1292.2	1.8391E-17
1292.25	1.8392E-17
1292.3	1.8405E-17
1292.35	1.842E-17
1292.4	1.8399E-17
1292.45	1.8393E-17
1292.5	1.8334E-17
1292.55	1.832E-17
1292.6	1.8328E-17
1292.65	1.8338E-17
1292.7	1.8301E-17
1292.75	1.8379E-17
1292.8	1.8415E-17
1292.85	1.8394E-17
1292.9	1.8387E-17
1292.95	1.8388E-17
1293	1.8419E-17
1293.05	1.8448E-17
1293.1	1.8415E-17
1293.15	1.8411E-17
1293.2	1.8387E-17
1293.25	1.841E-17
1293.3	1.8391E-17
1293.35	1.8365E-17
1293.4	1.8372E-17
1293.45	1.8365E-17
1293.5	1.8365E-17
1293.55	1.8302E-17
1293.6	1.8344E-17
1293.65	1.83E-17
1293.7	1.8267E-17
1293.75	1.8296E-17
1293.8	1.8365E-17
1293.85	1.8338E-17
1293.9	1.8336E-17
1293.95	1.8302E-17
1294	1.8258E-17
1294.05	1.8254E-17
1294.1	1.8265E-17
1294.15	1.822E-17
1294.2	1.8173E-17
1294.25	1.82E-17
1294.3	1.82E-17
1294.35	1.8207E-17
1294.4	1.8174E-17
1294.45	1.8193E-17
1294.5	1.8136E-17
1294.55	1.8129E-17
1294.6	1.8169E-17
1294.65	1.8192E-17
1294.7	1.816E-17
1294.75	1.8151E-17
1294.8	1.8174E-17
1294.85	1.8196E-17
1294.9	1.8157E-17
1294.95	1.8127E-17
1295	1.8118E-17
1295.05	1.8087E-17
1295.1	1.8134E-17
1295.15	1.812E-17
1295.2	1.8102E-17
1295.25	1.8112E-17
1295.3	1.8095E-17
1295.35	1.8073E-17
1295.4	1.808E-17
1295.45	1.8052E-17
1295.5	1.806E-17
1295.55	1.8051E-17
1295.6	1.811E-17
1295.65	1.8104E-17
1295.7	1.8077E-17
1295.75	1.8118E-17
1295.8	1.8091E-17
1295.85	1.8093E-17
1295.9	1.8108E-17
1295.95	1.8087E-17
1296	1.8084E-17
1296.05	1.8048E-17
1296.1	1.8047E-17
1296.15	1.7999E-17
1296.2	1.7928E-17
1296.25	1.7945E-17
1296.3	1.7907E-17
1296.35	1.7949E-17
1296.4	1.7933E-17
1296.45	1.7893E-17
1296.5	1.7845E-17
1296.55	1.7862E-17
1296.6	1.7885E-17
1296.65	1.7863E-17
1296.7	1.7882E-17
1296.75	1.7921E-17
1296.8	1.794E-17
1296.85	1.791E-17
1296.9	1.7892E-17
1296.95	1.7891E-17
1297	1.7864E-17
1297.05	1.7847E-17
1297.1	1.7847E-17
1297.15	1.7845E-17
1297.2	1.7791E-17
1297.25	1.7808E-17
1297.3	1.7839E-17
1297.35	1.7823E-17
1297.4	1.7823E-17
1297.45	1.7837E-17
1297.5	1.7814E-17
1297.55	1.7776E-17
1297.6	1.7794E-17
1297.65	1.7783E-17
1297.7	1.7719E-17
1297.75	1.7739E-17
1297.8	1.7696E-17
1297.85	1.777E-17
1297.9	1.7803E-17
1297.95	1.7774E-17
1298	1.7736E-17
1298.05	1.7763E-17
1298.1	1.7746E-17
1298.15	1.7775E-17
1298.2	1.7713E-17
1298.25	1.7683E-17
1298.3	1.7667E-17
1298.35	1.7676E-17
1298.4	1.7657E-17
1298.45	1.7654E-17
1298.5	1.7705E-17
1298.55	1.768E-17
1298.6	1.7708E-17
1298.65	1.765E-17
1298.7	1.7616E-17
1298.75	1.761E-17
1298.8	1.7615E-17
1298.85	1.7592E-17
1298.9	1.7567E-17
1298.95	1.7563E-17
1299	1.7531E-17
1299.05	1.7505E-17
1299.1	1.7493E-17
1299.15	1.7446E-17
1299.2	1.7472E-17
1299.25	1.748E-17
1299.3	1.7488E-17
1299.35	1.7496E-17
1299.4	1.748E-17
1299.45	1.7482E-17
1299.5	1.7479E-17
1299.55	1.7504E-17
1299.6	1.7489E-17
1299.65	1.7484E-17
1299.7	1.7504E-17
1299.75	1.7489E-17
1299.8	1.7493E-17
1299.85	1.7484E-17
1299.9	1.7445E-17
1299.95	1.7445E-17
1300	1.7376E-17
1300.05	1.7407E-17
1300.1	1.7427E-17
1300.15	1.7421E-17
1300.2	1.7432E-17
1300.25	1.7409E-17
1300.3	1.7407E-17
1300.35	1.7345E-17
1300.4	1.7336E-17
1300.45	1.735E-17
1300.5	1.739E-17
1300.55	1.7379E-17
1300.6	1.7418E-17
1300.65	1.7387E-17
1300.7	1.7417E-17
1300.75	1.7414E-17
1300.8	1.7435E-17
1300.85	1.7416E-17
1300.9	1.7354E-17
1300.95	1.731E-17
1301	1.7271E-17
1301.05	1.7272E-17
1301.1	1.7265E-17
1301.15	1.7309E-17
1301.2	1.7297E-17
1301.25	1.7307E-17
1301.3	1.7267E-17
1301.35	1.7288E-17
1301.4	1.7262E-17
1301.45	1.7275E-17
1301.5	1.7254E-17
1301.55	1.7253E-17
1301.6	1.7265E-17
1301.65	1.7243E-17
1301.7	1.7269E-17
1301.75	1.7244E-17
1301.8	1.7255E-17
1301.85	1.7201E-17
1301.9	1.7171E-17
1301.95	1.7169E-17
1302	1.7203E-17
1302.05	1.7171E-17
1302.1	1.7188E-17
1302.15	1.72E-17
1302.2	1.7199E-17
1302.25	1.7192E-17
1302.3	1.7247E-17
1302.35	1.719E-17
1302.4	1.7122E-17
1302.45	1.712E-17
1302.5	1.7106E-17
1302.55	1.7147E-17
1302.6	1.7117E-17
1302.65	1.7101E-17
1302.7	1.713E-17
1302.75	1.7083E-17
1302.8	1.7117E-17
1302.85	1.712E-17
1302.9	1.7138E-17
1302.95	1.7059E-17
1303	1.7047E-17
1303.05	1.7023E-17
1303.1	1.7037E-17
1303.15	1.7056E-17
1303.2	1.7083E-17
1303.25	1.7073E-17
1303.3	1.7077E-17
1303.35	1.7045E-17
1303.4	1.7003E-17
1303.45	1.7024E-17
1303.5	1.7033E-17
1303.55	1.6971E-17
1303.6	1.702E-17
1303.65	1.6983E-17
1303.7	1.6946E-17
1303.75	1.6947E-17
1303.8	1.696E-17
1303.85	1.6945E-17
1303.9	1.6906E-17
1303.95	1.6884E-17
1304	1.6898E-17
1304.05	1.6896E-17
1304.1	1.687E-17
1304.15	1.6913E-17
1304.2	1.6908E-17
1304.25	1.6922E-17
1304.3	1.6916E-17
1304.35	1.6924E-17
1304.4	1.6908E-17
1304.45	1.6895E-17
1304.5	1.6862E-17
1304.55	1.6862E-17
1304.6	1.6817E-17
1304.65	1.6806E-17
1304.7	1.6832E-17
1304.75	1.6827E-17
1304.8	1.6796E-17
1304.85	1.6738E-17
1304.9	1.6686E-17
1304.95	1.6715E-17
1305	1.6714E-17
1305.05	1.6706E-17
1305.1	1.6702E-17
1305.15	1.6715E-17
1305.2	1.6625E-17
1305.25	1.6632E-17
1305.3	1.6612E-17
1305.35	1.6661E-17
1305.4	1.6674E-17
1305.45	1.6663E-17
1305.5	1.6686E-17
1305.55	1.6716E-17
1305.6	1.6722E-17
1305.65	1.672E-17
1305.7	1.6695E-17
1305.75	1.666E-17
1305.8	1.6621E-17
1305.85	1.6631E-17
1305.9	1.667E-17
1305.95	1.6681E-17
1306	1.6667E-17
1306.05	1.6646E-17
1306.1	1.6596E-17
1306.15	1.6599E-17
1306.2	1.6592E-17
1306.25	1.6567E-17
1306.3	1.6574E-17
1306.35	1.6547E-17
1306.4	1.6558E-17
1306.45	1.659E-17
1306.5	1.6554E-17
1306.55	1.6532E-17
1306.6	1.6482E-17
1306.65	1.6476E-17
1306.7	1.647E-17
1306.75	1.6465E-17
1306.8	1.6458E-17
1306.85	1.6486E-17
1306.9	1.6498E-17
1306.95	1.6487E-17
1307	1.6532E-17
1307.05	1.6526E-17
1307.1	1.6489E-17
1307.15	1.6483E-17
1307.2	1.6435E-17
1307.25	1.6421E-17
1307.3	1.6428E-17
1307.35	1.6408E-17
1307.4	1.6431E-17
1307.45	1.6444E-17
1307.5	1.6439E-17
1307.55	1.6413E-17
1307.6	1.6382E-17
1307.65	1.6375E-17
1307.7	1.6296E-17
1307.75	1.6274E-17
1307.8	1.6246E-17
1307.85	1.6224E-17
1307.9	1.6197E-17
1307.95	1.6218E-17
1308	1.6222E-17
1308.05	1.622E-17
1308.1	1.6216E-17
1308.15	1.6244E-17
1308.2	1.6265E-17
1308.25	1.6226E-17
1308.3	1.6236E-17
1308.35	1.6245E-17
1308.4	1.627E-17
1308.45	1.6275E-17
1308.5	1.6257E-17
1308.55	1.6258E-17
1308.6	1.6239E-17
1308.65	1.625E-17
1308.7	1.6217E-17
1308.75	1.6177E-17
1308.8	1.6133E-17
1308.85	1.6115E-17
1308.9	1.613E-17
1308.95	1.615E-17
1309	1.6162E-17
1309.05	1.6148E-17
1309.1	1.6137E-17
1309.15	1.6123E-17
1309.2	1.6112E-17
1309.25	1.6124E-17
1309.3	1.6101E-17
1309.35	1.6134E-17
1309.4	1.6128E-17
1309.45	1.611E-17
1309.5	1.6101E-17
1309.55	1.6108E-17
1309.6	1.6085E-17
1309.65	1.6058E-17
1309.7	1.6029E-17
1309.75	1.5979E-17
1309.8	1.5951E-17
1309.85	1.5949E-17
1309.9	1.5951E-17
1309.95	1.594E-17
1310	1.5961E-17
1310.05	1.5973E-17
1310.1	1.5935E-17
1310.15	1.5921E-17
1310.2	1.5922E-17
1310.25	1.5914E-17
1310.3	1.5906E-17
1310.35	1.5916E-17
1310.4	1.5913E-17
1310.45	1.59E-17
1310.5	1.5886E-17
1310.55	1.5882E-17
1310.6	1.5887E-17
1310.65	1.5876E-17
1310.7	1.5864E-17
1310.75	1.5886E-17
1310.8	1.5847E-17
1310.85	1.5777E-17
1310.9	1.5765E-17
1310.95	1.5781E-17
1311	1.5771E-17
1311.05	1.5766E-17
1311.1	1.5745E-17
1311.15	1.5734E-17
1311.2	1.569E-17
1311.25	1.5698E-17
1311.3	1.5697E-17
1311.35	1.568E-17
1311.4	1.5668E-17
1311.45	1.5655E-17
1311.5	1.5683E-17
1311.55	1.564E-17
1311.6	1.5594E-17
1311.65	1.5585E-17
1311.7	1.5605E-17
1311.75	1.558E-17
1311.8	1.5559E-17
1311.85	1.5585E-17
1311.9	1.5571E-17
1311.95	1.5575E-17
1312	1.5567E-17
1312.05	1.5554E-17
1312.1	1.5571E-17
1312.15	1.555E-17
1312.2	1.5532E-17
1312.25	1.551E-17
1312.3	1.5505E-17
1312.35	1.5477E-17
1312.4	1.5456E-17
1312.45	1.5472E-17
1312.5	1.5467E-17
1312.55	1.5473E-17
1312.6	1.5428E-17
1312.65	1.5402E-17
1312.7	1.5398E-17
1312.75	1.5402E-17
1312.8	1.5468E-17
1312.85	1.5435E-17
1312.9	1.5424E-17
1312.95	1.5417E-17
1313	1.5408E-17
1313.05	1.5405E-17
1313.1	1.5404E-17
1313.15	1.5391E-17
1313.2	1.5372E-17
1313.25	1.5369E-17
1313.3	1.5355E-17
1313.35	1.5362E-17
1313.4	1.5386E-17
1313.45	1.5384E-17
1313.5	1.5393E-17
1313.55	1.5381E-17
1313.6	1.5328E-17
1313.65	1.5304E-17
1313.7	1.5299E-17
1313.75	1.5301E-17
1313.8	1.5299E-17
1313.85	1.5299E-17
1313.9	1.5302E-17
1313.95	1.5275E-17
1314	1.519E-17
1314.05	1.5202E-17
1314.1	1.5167E-17
1314.15	1.517E-17
1314.2	1.5166E-17
1314.25	1.5166E-17
1314.3	1.5157E-17
1314.35	1.5165E-17
1314.4	1.5141E-17
1314.45	1.5197E-17
1314.5	1.52E-17
1314.55	1.5239E-17
1314.6	1.5222E-17
1314.65	1.5186E-17
1314.7	1.5151E-17
1314.75	1.5121E-17
1314.8	1.5077E-17
1314.85	1.5057E-17
1314.9	1.5085E-17
1314.95	1.5029E-17
1315	1.5041E-17
1315.05	1.5039E-17
1315.1	1.5037E-17
1315.15	1.5007E-17
1315.2	1.5005E-17
1315.25	1.5009E-17
1315.3	1.5015E-17
1315.35	1.5028E-17
1315.4	1.4993E-17
1315.45	1.4988E-17
1315.5	1.495E-17
1315.55	1.4908E-17
1315.6	1.4949E-17
1315.65	1.4908E-17
1315.7	1.4944E-17
1315.75	1.4962E-17
1315.8	1.4958E-17
1315.85	1.4943E-17
1315.9	1.4877E-17
1315.95	1.4874E-17
1316	1.4859E-17
1316.05	1.4825E-17
1316.1	1.4841E-17
1316.15	1.4885E-17
1316.2	1.4892E-17
1316.25	1.484E-17
1316.3	1.485E-17
1316.35	1.4835E-17
1316.4	1.485E-17
1316.45	1.483E-17
1316.5	1.4841E-17
1316.55	1.4911E-17
1316.6	1.4889E-17
1316.65	1.4882E-17
1316.7	1.4784E-17
1316.75	1.4793E-17
1316.8	1.4789E-17
1316.85	1.48E-17
1316.9	1.4789E-17
1316.95	1.4718E-17
1317	1.4724E-17
1317.05	1.4717E-17
1317.1	1.473E-17
1317.15	1.4701E-17
1317.2	1.4704E-17
1317.25	1.4649E-17
1317.3	1.466E-17
1317.35	1.4667E-17
1317.4	1.4646E-17
1317.45	1.4602E-17
1317.5	1.4607E-17
1317.55	1.4618E-17
1317.6	1.4599E-17
1317.65	1.4559E-17
1317.7	1.4573E-17
1317.75	1.4516E-17
1317.8	1.4489E-17
1317.85	1.4466E-17
1317.9	1.4489E-17
1317.95	1.4466E-17
1318	1.4469E-17
1318.05	1.4478E-17
1318.1	1.4478E-17
1318.15	1.4476E-17
1318.2	1.4503E-17
1318.25	1.4446E-17
1318.3	1.443E-17
1318.35	1.4391E-17
1318.4	1.438E-17
1318.45	1.4374E-17
1318.5	1.4384E-17
1318.55	1.4406E-17
1318.6	1.436E-17
1318.65	1.4325E-17
1318.7	1.4321E-17
1318.75	1.4264E-17
1318.8	1.4287E-17
1318.85	1.4266E-17
1318.9	1.4201E-17
1318.95	1.4163E-17
1319	1.4134E-17
1319.05	1.4149E-17
1319.1	1.4106E-17
1319.15	1.4071E-17
1319.2	1.4061E-17
1319.25	1.4077E-17
1319.3	1.4057E-17
1319.35	1.4048E-17
1319.4	1.4035E-17
1319.45	1.4079E-17
1319.5	1.4036E-17
1319.55	1.4041E-17
1319.6	1.4045E-17
1319.65	1.4049E-17
1319.7	1.4047E-17
1319.75	1.3994E-17
1319.8	1.3982E-17
1319.85	1.3972E-17
1319.9	1.3957E-17
1319.95	1.3959E-17
1320	1.3978E-17
1320.05	1.3986E-17
1320.1	1.3977E-17
1320.15	1.396E-17
1320.2	1.3968E-17
1320.25	1.4011E-17
1320.3	1.3984E-17
1320.35	1.3957E-17
1320.4	1.395E-17
1320.45	1.3938E-17
1320.5	1.3948E-17
1320.55	1.3943E-17
1320.6	1.3936E-17
1320.65	1.3892E-17
1320.7	1.3912E-17
1320.75	1.3928E-17
1320.8	1.3911E-17
1320.85	1.3853E-17
1320.9	1.385E-17
1320.95	1.3879E-17
1321	1.3863E-17
1321.05	1.3857E-17
1321.1	1.3851E-17
1321.15	1.3842E-17
1321.2	1.3813E-17
1321.25	1.3796E-17
1321.3	1.3752E-17
1321.35	1.3728E-17
1321.4	1.3738E-17
1321.45	1.3716E-17
1321.5	1.3713E-17
1321.55	1.3691E-17
1321.6	1.3712E-17
1321.65	1.3689E-17
1321.7	1.3686E-17
1321.75	1.3659E-17
1321.8	1.3666E-17
1321.85	1.3684E-17
1321.9	1.3684E-17
1321.95	1.3658E-17
1322	1.3646E-17
1322.05	1.3659E-17
1322.1	1.3635E-17
1322.15	1.3636E-17
1322.2	1.3623E-17
1322.25	1.3629E-17
1322.3	1.361E-17
1322.35	1.3593E-17
1322.4	1.3568E-17
1322.45	1.3535E-17
1322.5	1.352E-17
1322.55	1.3512E-17
1322.6	1.3478E-17
1322.65	1.3497E-17
1322.7	1.3465E-17
1322.75	1.3455E-17
1322.8	1.3432E-17
1322.85	1.343E-17
1322.9	1.3427E-17
1322.95	1.3439E-17
1323	1.3422E-17
1323.05	1.3406E-17
1323.1	1.341E-17
1323.15	1.3393E-17
1323.2	1.337E-17
1323.25	1.3315E-17
1323.3	1.3356E-17
1323.35	1.33E-17
1323.4	1.3327E-17
1323.45	1.3342E-17
1323.5	1.3346E-17
1323.55	1.332E-17
1323.6	1.3326E-17
1323.65	1.3312E-17
1323.7	1.3318E-17
1323.75	1.3302E-17
1323.8	1.3283E-17
1323.85	1.3263E-17
1323.9	1.3281E-17
1323.95	1.3297E-17
1324	1.3293E-17
1324.05	1.3242E-17
1324.1	1.3231E-17
1324.15	1.3226E-17
1324.2	1.3148E-17
1324.25	1.312E-17
1324.3	1.3118E-17
1324.35	1.3151E-17
1324.4	1.3142E-17
1324.45	1.316E-17
1324.5	1.3135E-17
1324.55	1.311E-17
1324.6	1.3081E-17
1324.65	1.3082E-17
1324.7	1.3075E-17
1324.75	1.3075E-17
1324.8	1.3077E-17
1324.85	1.309E-17
1324.9	1.3077E-17
1324.95	1.306E-17
1325	1.3026E-17
1325.05	1.3003E-17
1325.1	1.2988E-17
1325.15	1.2987E-17
1325.2	1.3016E-17
1325.25	1.3016E-17
1325.3	1.3019E-17
1325.35	1.3028E-17
1325.4	1.3019E-17
1325.45	1.3003E-17
1325.5	1.2974E-17
1325.55	1.2955E-17
1325.6	1.2964E-17
1325.65	1.2964E-17
1325.7	1.2931E-17
1325.75	1.2922E-17
1325.8	1.2909E-17
1325.85	1.2867E-17
1325.9	1.2828E-17
1325.95	1.2801E-17
1326	1.2811E-17
1326.05	1.2784E-17
1326.1	1.2772E-17
1326.15	1.2748E-17
1326.2	1.273E-17
1326.25	1.2728E-17
1326.3	1.2713E-17
1326.35	1.2677E-17
1326.4	1.2651E-17
1326.45	1.263E-17
1326.5	1.2651E-17
1326.55	1.2631E-17
1326.6	1.2594E-17
1326.65	1.2591E-17
1326.7	1.2575E-17
1326.75	1.2595E-17
1326.8	1.256E-17
1326.85	1.26E-17
1326.9	1.258E-17
1326.95	1.254E-17
1327	1.2516E-17
1327.05	1.2543E-17
1327.1	1.2558E-17
1327.15	1.2517E-17
1327.2	1.2526E-17
1327.25	1.2493E-17
1327.3	1.2507E-17
1327.35	1.249E-17
1327.4	1.2521E-17
1327.45	1.2513E-17
1327.5	1.2475E-17
1327.55	1.2492E-17
1327.6	1.2468E-17
1327.65	1.2435E-17
1327.7	1.2434E-17
1327.75	1.2438E-17
1327.8	1.2449E-17
1327.85	1.2417E-17
1327.9	1.2393E-17
1327.95	1.2363E-17
1328	1.2362E-17
1328.05	1.236E-17
1328.1	1.2367E-17
1328.15	1.2368E-17
1328.2	1.2355E-17
1328.25	1.2329E-17
1328.3	1.2309E-17
1328.35	1.2282E-17
1328.4	1.2296E-17
1328.45	1.2278E-17
1328.5	1.2262E-17
1328.55	1.2265E-17
1328.6	1.2269E-17
1328.65	1.2254E-17
1328.7	1.2204E-17
1328.75	1.2211E-17
1328.8	1.219E-17
1328.85	1.2204E-17
1328.9	1.2199E-17
1328.95	1.2199E-17
1329	1.2146E-17
1329.05	1.2125E-17
1329.1	1.2112E-17
1329.15	1.2118E-17
1329.2	1.2176E-17
1329.25	1.2138E-17
1329.3	1.2102E-17
1329.35	1.2095E-17
1329.4	1.2082E-17
1329.45	1.2098E-17
1329.5	1.2062E-17
1329.55	1.2022E-17
1329.6	1.1986E-17
1329.65	1.199E-17
1329.7	1.1981E-17
1329.75	1.2E-17
1329.8	1.1997E-17
1329.85	1.1999E-17
1329.9	1.1969E-17
1329.95	1.1956E-17
1330	1.1895E-17
1330.05	1.1913E-17
1330.1	1.1924E-17
1330.15	1.195E-17
1330.2	1.1942E-17
1330.25	1.1929E-17
1330.3	1.1917E-17
1330.35	1.1928E-17
1330.4	1.1882E-17
1330.45	1.1872E-17
1330.5	1.1812E-17
1330.55	1.1839E-17
1330.6	1.1836E-17
1330.65	1.1808E-17
1330.7	1.1809E-17
1330.75	1.1792E-17
1330.8	1.1764E-17
1330.85	1.1765E-17
1330.9	1.1745E-17
1330.95	1.1725E-17
1331	1.173E-17
1331.05	1.1686E-17
1331.1	1.1682E-17
1331.15	1.1677E-17
1331.2	1.1685E-17
1331.25	1.1688E-17
1331.3	1.1682E-17
1331.35	1.1671E-17
1331.4	1.1667E-17
1331.45	1.1625E-17
1331.5	1.1609E-17
1331.55	1.1614E-17
1331.6	1.1599E-17
1331.65	1.1579E-17
1331.7	1.1507E-17
1331.75	1.1509E-17
1331.8	1.1476E-17
1331.85	1.147E-17
1331.9	1.1492E-17
1331.95	1.148E-17
1332	1.147E-17
1332.05	1.1452E-17
1332.1	1.1431E-17
1332.15	1.1394E-17
1332.2	1.1402E-17
1332.25	1.1396E-17
1332.3	1.1364E-17
1332.35	1.1377E-17
1332.4	1.1387E-17
1332.45	1.1373E-17
1332.5	1.1343E-17
1332.55	1.1367E-17
1332.6	1.1347E-17
1332.65	1.1333E-17
1332.7	1.1307E-17
1332.75	1.1298E-17
1332.8	1.1296E-17
1332.85	1.1256E-17
1332.9	1.1257E-17
1332.95	1.1236E-17
1333	1.12E-17
1333.05	1.1181E-17
1333.1	1.1204E-17
1333.15	1.1218E-17
1333.2	1.1204E-17
1333.25	1.1172E-17
1333.3	1.1171E-17
1333.35	1.1157E-17
1333.4	1.1186E-17
1333.45	1.1126E-17
1333.5	1.1095E-17
1333.55	1.1089E-17
1333.6	1.1046E-17
1333.65	1.1035E-17
1333.7	1.108E-17
1333.75	1.1063E-17
1333.8	1.1066E-17
1333.85	1.1042E-17
1333.9	1.1035E-17
1333.95	1.1008E-17
1334	1.1018E-17
1334.05	1.0987E-17
1334.1	1.0972E-17
1334.15	1.0976E-17
1334.2	1.0945E-17
1334.25	1.0931E-17
1334.3	1.0927E-17
1334.35	1.0936E-17
1334.4	1.091E-17
1334.45	1.0847E-17
1334.5	1.0839E-17
1334.55	1.0853E-17
1334.6	1.0875E-17
1334.65	1.0879E-17
1334.7	1.0917E-17
1334.75	1.0903E-17
1334.8	1.0911E-17
1334.85	1.0876E-17
1334.9	1.0842E-17
1334.95	1.0787E-17
1335	1.0762E-17
1335.05	1.077E-17
1335.1	1.074E-17
1335.15	1.0718E-17
1335.2	1.0712E-17
1335.25	1.0708E-17
1335.3	1.0709E-17
1335.35	1.0737E-17
1335.4	1.0742E-17
1335.45	1.0721E-17
1335.5	1.0691E-17
1335.55	1.0673E-17
1335.6	1.0636E-17
1335.65	1.0662E-17
1335.7	1.0661E-17
1335.75	1.0648E-17
1335.8	1.0648E-17
1335.85	1.0651E-17
1335.9	1.0641E-17
1335.95	1.0636E-17
1336	1.0603E-17
1336.05	1.0607E-17
1336.1	1.0584E-17
1336.15	1.058E-17
1336.2	1.0562E-17
1336.25	1.0538E-17
1336.3	1.0497E-17
1336.35	1.0504E-17
1336.4	1.0518E-17
1336.45	1.0523E-17
1336.5	1.0509E-17
1336.55	1.0499E-17
1336.6	1.0477E-17
1336.65	1.0453E-17
1336.7	1.0406E-17
1336.75	1.0393E-17
1336.8	1.0349E-17
1336.85	1.029E-17
1336.9	1.026E-17
1336.95	1.0304E-17
1337	1.0268E-17
1337.05	1.027E-17
1337.1	1.0257E-17
1337.15	1.0253E-17
1337.2	1.0242E-17
1337.25	1.023E-17
1337.3	1.0222E-17
1337.35	1.0232E-17
1337.4	1.0222E-17
1337.45	1.0233E-17
1337.5	1.0228E-17
1337.55	1.0192E-17
1337.6	1.0195E-17
1337.65	1.0175E-17
1337.7	1.0208E-17
1337.75	1.021E-17
1337.8	1.0201E-17
1337.85	1.0176E-17
1337.9	1.0174E-17
1337.95	1.0158E-17
1338	1.0158E-17
1338.05	1.0109E-17
1338.1	1.0098E-17
1338.15	1.0104E-17
1338.2	1.0071E-17
1338.25	1.0059E-17
1338.3	1.0055E-17
1338.35	1.0074E-17
1338.4	1.0026E-17
1338.45	1.0023E-17
1338.5	1.0007E-17
1338.55	1.0016E-17
1338.6	9.9677E-18
1338.65	9.9874E-18
1338.7	9.9695E-18
1338.75	9.9775E-18
1338.8	9.9479E-18
1338.85	9.922E-18
1338.9	9.9026E-18
1338.95	9.8769E-18
1339	9.8625E-18
1339.05	9.843E-18
1339.1	9.8354E-18
1339.15	9.8499E-18
1339.2	9.8408E-18
1339.25	9.8202E-18
1339.3	9.8286E-18
1339.35	9.8083E-18
1339.4	9.7656E-18
1339.45	9.7872E-18
1339.5	9.7579E-18
1339.55	9.7546E-18
1339.6	9.7041E-18
1339.65	9.7255E-18
1339.7	9.7099E-18
1339.75	9.7157E-18
1339.8	9.6323E-18
1339.85	9.6014E-18
1339.9	9.5937E-18
1339.95	9.5771E-18
1340	9.5732E-18
1340.05	9.5555E-18
1340.1	9.5688E-18
1340.15	9.561E-18
1340.2	9.563E-18
1340.25	9.5259E-18
1340.3	9.5383E-18
1340.35	9.5277E-18
1340.4	9.4923E-18
1340.45	9.5014E-18
1340.5	9.487E-18
1340.55	9.485E-18
1340.6	9.4971E-18
1340.65	9.4914E-18
1340.7	9.4933E-18
1340.75	9.4887E-18
1340.8	9.451E-18
1340.85	9.4523E-18
1340.9	9.4528E-18
1340.95	9.453E-18
1341	9.4362E-18
1341.05	9.4055E-18
1341.1	9.3547E-18
1341.15	9.3467E-18
1341.2	9.3511E-18
1341.25	9.3254E-18
1341.3	9.326E-18
1341.35	9.3276E-18
1341.4	9.2989E-18
1341.45	9.3179E-18
1341.5	9.3362E-18
1341.55	9.2851E-18
1341.6	9.2738E-18
1341.65	9.3189E-18
1341.7	9.3138E-18
1341.75	9.3043E-18
1341.8	9.2481E-18
1341.85	9.2464E-18
1341.9	9.2321E-18
1341.95	9.1767E-18
1342	9.1523E-18
1342.05	9.1487E-18
1342.1	9.1126E-18
1342.15	9.0958E-18
1342.2	9.0865E-18
1342.25	9.0951E-18
1342.3	9.1134E-18
1342.35	9.1037E-18
1342.4	9.0755E-18
1342.45	9.0635E-18
1342.5	9.0745E-18
1342.55	9.0838E-18
1342.6	9.0613E-18
1342.65	9.024E-18
1342.7	9.0138E-18
1342.75	9.0287E-18
1342.8	9.023E-18
1342.85	9.0505E-18
1342.9	9.0369E-18
1342.95	9.0099E-18
1343	9.0067E-18
1343.05	8.9862E-18
1343.1	9.0221E-18
1343.15	9.0035E-18
1343.2	8.9881E-18
1343.25	8.9668E-18
1343.3	8.9539E-18
1343.35	8.9259E-18
1343.4	8.9423E-18
1343.45	8.9496E-18
1343.5	8.9179E-18
1343.55	8.9305E-18
1343.6	8.8853E-18
1343.65	8.8661E-18
1343.7	8.8788E-18
1343.75	8.8501E-18
1343.8	8.8363E-18
1343.85	8.835E-18
1343.9	8.8264E-18
1343.95	8.8103E-18
1344	8.7824E-18
1344.05	8.7707E-18
1344.1	8.7832E-18
1344.15	8.7891E-18
1344.2	8.7676E-18
1344.25	8.7603E-18
1344.3	8.7515E-18
1344.35	8.7381E-18
1344.4	8.742E-18
1344.45	8.7361E-18
1344.5	8.7105E-18
1344.55	8.6994E-18
1344.6	8.7031E-18
1344.65	8.7105E-18
1344.7	8.6601E-18
1344.75	8.6344E-18
1344.8	8.6373E-18
1344.85	8.626E-18
1344.9	8.6041E-18
1344.95	8.6002E-18
1345	8.5927E-18
1345.05	8.6155E-18
1345.1	8.5666E-18
1345.15	8.5081E-18
1345.2	8.4794E-18
1345.25	8.466E-18
1345.3	8.4711E-18
1345.35	8.4689E-18
1345.4	8.4626E-18
1345.45	8.4373E-18
1345.5	8.4511E-18
1345.55	8.4731E-18
1345.6	8.4707E-18
1345.65	8.4533E-18
1345.7	8.4171E-18
1345.75	8.4009E-18
1345.8	8.4286E-18
1345.85	8.4245E-18
1345.9	8.4078E-18
1345.95	8.4077E-18
1346	8.3856E-18
1346.05	8.4024E-18
1346.1	8.3764E-18
1346.15	8.3452E-18
1346.2	8.3218E-18
1346.25	8.2925E-18
1346.3	8.2965E-18
1346.35	8.2956E-18
1346.4	8.2682E-18
1346.45	8.2527E-18
1346.5	8.2057E-18
1346.55	8.2048E-18
1346.6	8.2061E-18
1346.65	8.2027E-18
1346.7	8.1893E-18
1346.75	8.1734E-18
1346.8	8.1409E-18
1346.85	8.0951E-18
1346.9	8.1068E-18
1346.95	8.1228E-18
1347	8.1269E-18
1347.05	8.1051E-18
1347.1	8.1024E-18
1347.15	8.1092E-18
1347.2	8.0531E-18
1347.25	8.0282E-18
1347.3	7.9992E-18
1347.35	8.002E-18
1347.4	7.9802E-18
1347.45	8.0086E-18
1347.5	7.9967E-18
1347.55	7.9621E-18
1347.6	7.9654E-18
1347.65	7.9699E-18
1347.7	7.9445E-18
1347.75	7.929E-18
1347.8	7.9383E-18
1347.85	7.9592E-18
1347.9	7.9431E-18
1347.95	7.914E-18
1348	7.876E-18
1348.05	7.8429E-18
1348.1	7.8345E-18
1348.15	7.8442E-18
1348.2	7.8001E-18
1348.25	7.7958E-18
1348.3	7.7934E-18
1348.35	7.7721E-18
1348.4	7.7853E-18
1348.45	7.7568E-18
1348.5	7.7143E-18
1348.55	7.7023E-18
1348.6	7.7172E-18
1348.65	7.7167E-18
1348.7	7.7175E-18
1348.75	7.7044E-18
1348.8	7.7139E-18
1348.85	7.7198E-18
1348.9	7.7183E-18
1348.95	7.6921E-18
1349	7.673E-18
1349.05	7.6861E-18
1349.1	7.6735E-18
1349.15	7.6497E-18
1349.2	7.6058E-18
1349.25	7.5951E-18
1349.3	7.5835E-18
1349.35	7.5816E-18
1349.4	7.5793E-18
1349.45	7.5684E-18
1349.5	7.5734E-18
1349.55	7.5717E-18
1349.6	7.5488E-18
1349.65	7.536E-18
1349.7	7.5369E-18
1349.75	7.5348E-18
1349.8	7.5137E-18
1349.85	7.4893E-18
1349.9	7.4618E-18
1349.95	7.4216E-18
1350	7.4218E-18
1350.05	7.4234E-18
1350.1	7.4004E-18
1350.15	7.4117E-18
1350.2	7.3904E-18
1350.25	7.36E-18
1350.3	7.3825E-18
1350.35	7.3683E-18
1350.4	7.383E-18
1350.45	7.3585E-18
1350.5	7.3663E-18
1350.55	7.3518E-18
1350.6	7.3367E-18
1350.65	7.3438E-18
1350.7	7.3433E-18
1350.75	7.3352E-18
1350.8	7.3134E-18
1350.85	7.3273E-18
1350.9	7.3219E-18
1350.95	7.3008E-18
1351	7.2814E-18
1351.05	7.2631E-18
1351.1	7.2653E-18
1351.15	7.2723E-18
1351.2	7.2509E-18
1351.25	7.2349E-18
1351.3	7.2293E-18
1351.35	7.2104E-18
1351.4	7.2185E-18
1351.45	7.2238E-18
1351.5	7.1581E-18
1351.55	7.1489E-18
1351.6	7.1365E-18
1351.65	7.1258E-18
1351.7	7.1288E-18
1351.75	7.1244E-18
1351.8	7.1231E-18
1351.85	7.1142E-18
1351.9	7.0957E-18
1351.95	7.0683E-18
1352	7.0506E-18
1352.05	7.0322E-18
1352.1	7.0356E-18
1352.15	7.0225E-18
1352.2	7.0063E-18
1352.25	6.9963E-18
1352.3	6.9829E-18
1352.35	6.9452E-18
1352.4	6.9351E-18
1352.45	6.9065E-18
1352.5	6.9021E-18
1352.55	6.9322E-18
1352.6	6.947E-18
1352.65	6.9056E-18
1352.7	6.8854E-18
1352.75	6.8738E-18
1352.8	6.8417E-18
1352.85	6.8281E-18
1352.9	6.8102E-18
1352.95	6.7945E-18
1353	6.7974E-18
1353.05	6.7788E-18
1353.1	6.7573E-18
1353.15	6.7473E-18
1353.2	6.7057E-18
1353.25	6.6978E-18
1353.3	6.665E-18
1353.35	6.6518E-18
1353.4	6.6762E-18
1353.45	6.6712E-18
1353.5	6.6642E-18
1353.55	6.6554E-18
1353.6	6.6616E-18
1353.65	6.6239E-18
1353.7	6.5947E-18
1353.75	6.6038E-18
1353.8	6.5967E-18
1353.85	6.6094E-18
1353.9	6.5744E-18
1353.95	6.5722E-18
1354	6.5753E-18
1354.05	6.5775E-18
1354.1	6.5722E-18
1354.15	6.5487E-18
1354.2	6.5675E-18
1354.25	6.5353E-18
1354.3	6.4944E-18
1354.35	6.5089E-18
1354.4	6.5061E-18
1354.45	6.4979E-18
1354.5	6.521E-18
1354.55	6.5022E-18
1354.6	6.4684E-18
1354.65	6.4623E-18
1354.7	6.4685E-18
1354.75	6.4448E-18
1354.8	6.4532E-18
1354.85	6.4452E-18
1354.9	6.4059E-18
1354.95	6.3791E-18
1355	6.3507E-18
1355.05	6.3775E-18
1355.1	6.3812E-18
1355.15	6.3803E-18
1355.2	6.3688E-18
1355.25	6.3713E-18
1355.3	6.3472E-18
1355.35	6.3059E-18
1355.4	6.3014E-18
1355.45	6.3035E-18
1355.5	6.2979E-18
1355.55	6.2988E-18
1355.6	6.2831E-18
1355.65	6.2351E-18
1355.7	6.2264E-18
1355.75	6.1912E-18
1355.8	6.1516E-18
1355.85	6.1422E-18
1355.9	6.1431E-18
1355.95	6.1201E-18
1356	6.0967E-18
1356.05	6.09E-18
1356.1	6.0955E-18
1356.15	6.0785E-18
1356.2	6.1095E-18
1356.25	6.1327E-18
1356.3	6.1205E-18
1356.35	6.1307E-18
1356.4	6.1027E-18
1356.45	6.0917E-18
1356.5	6.0681E-18
1356.55	6.0666E-18
1356.6	6.0563E-18
1356.65	6.0177E-18
1356.7	6.002E-18
1356.75	5.9804E-18
1356.8	5.9892E-18
1356.85	5.9605E-18
1356.9	5.9401E-18
1356.95	5.9095E-18
1357	5.8919E-18
1357.05	5.8775E-18
1357.1	5.8726E-18
1357.15	5.8724E-18
1357.2	5.8647E-18
1357.25	5.8382E-18
1357.3	5.8375E-18
1357.35	5.8189E-18
1357.4	5.7874E-18
1357.45	5.7926E-18
1357.5	5.8011E-18
1357.55	5.7907E-18
1357.6	5.7927E-18
1357.65	5.7845E-18
1357.7	5.7523E-18
1357.75	5.7418E-18
1357.8	5.7359E-18
1357.85	5.7149E-18
1357.9	5.6914E-18
1357.95	5.6735E-18
1358	5.6952E-18
1358.05	5.6839E-18
1358.1	5.6902E-18
1358.15	5.6756E-18
1358.2	5.6749E-18
1358.25	5.6755E-18
1358.3	5.6424E-18
1358.35	5.6467E-18
1358.4	5.6514E-18
1358.45	5.6423E-18
1358.5	5.6359E-18
1358.55	5.6292E-18
1358.6	5.6216E-18
1358.65	5.5846E-18
1358.7	5.5799E-18
1358.75	5.5568E-18
1358.8	5.5675E-18
1358.85	5.5562E-18
1358.9	5.5325E-18
1358.95	5.5335E-18
1359	5.5432E-18
1359.05	5.4866E-18
1359.1	5.485E-18
1359.15	5.4806E-18
1359.2	5.4797E-18
1359.25	5.4381E-18
1359.3	5.4147E-18
1359.35	5.3899E-18
1359.4	5.4126E-18
1359.45	5.3913E-18
1359.5	5.3359E-18
1359.55	5.3392E-18
1359.6	5.336E-18
1359.65	5.3536E-18
1359.7	5.3707E-18
1359.75	5.3802E-18
1359.8	5.355E-18
1359.85	5.3412E-18
1359.9	5.3298E-18
1359.95	5.2957E-18
1360	5.3006E-18
1360.05	5.2626E-18
1360.1	5.25E-18
1360.15	5.2664E-18
1360.2	5.2699E-18
1360.25	5.2565E-18
1360.3	5.2338E-18
1360.35	5.2157E-18
1360.4	5.2142E-18
1360.45	5.1851E-18
1360.5	5.1704E-18
1360.55	5.1951E-18
1360.6	5.2131E-18
1360.65	5.2299E-18
1360.7	5.2047E-18
1360.75	5.2056E-18
1360.8	5.2054E-18
1360.85	5.1999E-18
1360.9	5.2177E-18
1360.95	5.1889E-18
1361	5.1701E-18
1361.05	5.1482E-18
1361.1	5.1682E-18
1361.15	5.1834E-18
1361.2	5.1698E-18
1361.25	5.1709E-18
1361.3	5.1711E-18
1361.35	5.1604E-18
1361.4	5.1319E-18
1361.45	5.0964E-18
1361.5	5.0805E-18
1361.55	5.0663E-18
1361.6	5.0975E-18
1361.65	5.077E-18
1361.7	5.0816E-18
1361.75	5.0825E-18
1361.8	5.0476E-18
1361.85	5.0717E-18
1361.9	5.0463E-18
1361.95	5.0312E-18
1362	4.9937E-18
1362.05	4.9817E-18
1362.1	4.9913E-18
1362.15	4.9854E-18
1362.2	4.9472E-18
1362.25	4.9193E-18
1362.3	4.8968E-18
1362.35	4.9106E-18
1362.4	4.8895E-18
1362.45	4.8888E-18
1362.5	4.87E-18
1362.55	4.8561E-18
1362.6	4.8488E-18
1362.65	4.8455E-18
1362.7	4.8224E-18
1362.75	4.833E-18
1362.8	4.8328E-18
1362.85	4.8405E-18
1362.9	4.8459E-18
1362.95	4.833E-18
1363	4.8171E-18
1363.05	4.8089E-18
1363.1	4.8076E-18
1363.15	4.7738E-18
1363.2	4.7701E-18
1363.25	4.7595E-18
1363.3	4.758E-18
1363.35	4.7459E-18
1363.4	4.7561E-18
1363.45	4.7683E-18
1363.5	4.7712E-18
1363.55	4.7486E-18
1363.6	4.7277E-18
1363.65	4.7304E-18
1363.7	4.7179E-18
1363.75	4.693E-18
1363.8	4.6505E-18
1363.85	4.6175E-18
1363.9	4.6319E-18
1363.95	4.6184E-18
1364	4.6276E-18
1364.05	4.6346E-18
1364.1	4.6334E-18
1364.15	4.6359E-18
1364.2	4.6207E-18
1364.25	4.6256E-18
1364.3	4.6268E-18
1364.35	4.5952E-18
1364.4	4.601E-18
1364.45	4.6025E-18
1364.5	4.5872E-18
1364.55	4.5566E-18
1364.6	4.5276E-18
1364.65	4.5244E-18
1364.7	4.5428E-18
1364.75	4.5628E-18
1364.8	4.5237E-18
1364.85	4.4945E-18
1364.9	4.4783E-18
1364.95	4.4871E-18
1365	4.4695E-18
1365.05	4.4558E-18
1365.1	4.4425E-18
1365.15	4.4272E-18
1365.2	4.4112E-18
1365.25	4.4143E-18
1365.3	4.4229E-18
1365.35	4.4345E-18
1365.4	4.4103E-18
1365.45	4.3858E-18
1365.5	4.395E-18
1365.55	4.3817E-18
1365.6	4.3841E-18
1365.65	4.3927E-18
1365.7	4.3395E-18
1365.75	4.3421E-18
1365.8	4.3226E-18
1365.85	4.3277E-18
1365.9	4.3176E-18
1365.95	4.3049E-18
1366	4.2934E-18
1366.05	4.2967E-18
1366.1	4.3252E-18
1366.15	4.2652E-18
1366.2	4.2487E-18
1366.25	4.255E-18
1366.3	4.2397E-18
1366.35	4.2203E-18
1366.4	4.1956E-18
1366.45	4.1845E-18
1366.5	4.1622E-18
1366.55	4.1732E-18
1366.6	4.177E-18
1366.65	4.1993E-18
1366.7	4.1535E-18
1366.75	4.1378E-18
1366.8	4.123E-18
1366.85	4.1422E-18
1366.9	4.139E-18
1366.95	4.1493E-18
1367	4.14E-18
1367.05	4.0839E-18
1367.1	4.0825E-18
1367.15	4.0698E-18
1367.2	4.0599E-18
1367.25	4.0305E-18
1367.3	4.0407E-18
1367.35	4.0526E-18
1367.4	4.0537E-18
1367.45	4.0641E-18
1367.5	4.0658E-18
1367.55	4.0535E-18
1367.6	4.0446E-18
1367.65	4.0388E-18
1367.7	4.0323E-18
1367.75	4.0111E-18
1367.8	4.0152E-18
1367.85	3.9977E-18
1367.9	3.984E-18
1367.95	3.9692E-18
1368	3.959E-18
1368.05	3.9651E-18
1368.1	3.9622E-18
1368.15	3.9589E-18
1368.2	3.9616E-18
1368.25	3.9278E-18
1368.3	3.9189E-18
1368.35	3.9211E-18
1368.4	3.9291E-18
1368.45	3.9119E-18
1368.5	3.9038E-18
1368.55	3.9208E-18
1368.6	3.918E-18
1368.65	3.9429E-18
1368.7	3.9155E-18
1368.75	3.9165E-18
1368.8	3.9057E-18
1368.85	3.8919E-18
1368.9	3.8802E-18
1368.95	3.8405E-18
1369	3.8288E-18
1369.05	3.7896E-18
1369.1	3.8069E-18
1369.15	3.7921E-18
1369.2	3.7747E-18
1369.2	3.7708E-18
1369.25	3.747E-18
1369.3	3.7025E-18
1369.35	3.7038E-18
1369.4	3.6997E-18
1369.45	3.6825E-18
1369.5	3.7096E-18
1369.55	3.6754E-18
1369.6	3.6854E-18
1369.65	3.645E-18
1369.7	3.608E-18
1369.75	3.6083E-18
1369.8	3.6179E-18
1369.85	3.5989E-18
1369.9	3.5912E-18
1369.95	3.602E-18
1370	3.5875E-18
1370.05	3.5796E-18
1370.1	3.6247E-18
1370.15	3.5908E-18
1370.2	3.5702E-18
1370.25	3.5576E-18
1370.3	3.5745E-18
1370.35	3.5667E-18
1370.4	3.548E-18
1370.45	3.5254E-18
1370.5	3.5294E-18
1370.55	3.4928E-18
1370.6	3.4693E-18
1370.65	3.4553E-18
1370.7	3.4585E-18
1370.75	3.468E-18
1370.8	3.4499E-18
1370.85	3.448E-18
1370.9	3.4247E-18
1370.95	3.4457E-18
1371	3.4741E-18
1371.05	3.4959E-18
1371.1	3.4925E-18
1371.15	3.44E-18
1371.2	3.429E-18
1371.25	3.4394E-18
1371.3	3.4219E-18
1371.35	3.4147E-18
1371.4	3.3804E-18
1371.45	3.3792E-18
1371.5	3.3863E-18
1371.55	3.3696E-18
1371.6	3.3718E-18
1371.65	3.3573E-18
1371.7	3.3593E-18
1371.75	3.3425E-18
1371.8	3.3225E-18
1371.85	3.3352E-18
1371.9	3.3089E-18
1371.95	3.3129E-18
1372	3.2911E-18
1372.05	3.318E-18
1372.1	3.2865E-18
1372.15	3.3114E-18
1372.2	3.2795E-18
1372.25	3.2459E-18
1372.3	3.2429E-18
1372.35	3.2703E-18
1372.4	3.246E-18
1372.45	3.2209E-18
1372.5	3.2028E-18
1372.55	3.205E-18
1372.6	3.1827E-18
1372.65	3.1883E-18
1372.7	3.183E-18
1372.75	3.1635E-18
1372.8	3.1654E-18
1372.85	3.1744E-18
1372.9	3.1408E-18
1372.95	3.1366E-18
1373	3.1367E-18
1373.05	3.1239E-18
1373.1	3.1178E-18
1373.15	3.1207E-18
1373.2	3.118E-18
1373.25	3.1167E-18
1373.3	3.099E-18
1373.35	3.09E-18
1373.4	3.0922E-18
1373.45	3.0858E-18
1373.5	3.0618E-18
1373.55	3.0583E-18
1373.6	3.0399E-18
1373.65	3.0311E-18
1373.7	3.0151E-18
1373.75	3.0166E-18
1373.8	3.0159E-18
1373.85	3.0029E-18
1373.9	3E-18
1373.95	3.0071E-18
1374	2.9992E-18
1374.05	2.9778E-18
1374.1	2.9577E-18
1374.15	2.9671E-18
1374.2	2.9751E-18
1374.25	2.9834E-18
1374.3	2.9761E-18
1374.35	2.9544E-18
1374.4	2.9532E-18
1374.45	2.9305E-18
1374.5	2.9443E-18
1374.55	2.9278E-18
1374.6	2.9173E-18
1374.65	2.9227E-18
1374.7	2.9031E-18
1374.75	2.8822E-18
1374.8	2.8739E-18
1374.85	2.8777E-18
1374.9	2.8551E-18
1374.95	2.8683E-18
1375	2.8651E-18
1375.05	2.8572E-18
1375.1	2.8456E-18
1375.15	2.8537E-18
1375.2	2.8246E-18
1375.25	2.826E-18
1375.3	2.8104E-18
1375.35	2.8214E-18
1375.4	2.8173E-18
1375.45	2.8023E-18
1375.5	2.803E-18
1375.55	2.7825E-18
1375.6	2.7874E-18
1375.65	2.7764E-18
1375.7	2.7805E-18
1375.75	2.7853E-18
1375.8	2.7696E-18
1375.85	2.7626E-18
1375.9	2.7465E-18
1375.95	2.7263E-18
1376	2.7324E-18
1376.05	2.7181E-18
1376.1	2.7215E-18
1376.15	2.7134E-18
1376.2	2.7052E-18
1376.25	2.7021E-18
1376.3	2.6919E-18
1376.35	2.7193E-18
1376.4	2.6912E-18
1376.45	2.696E-18
1376.5	2.6807E-18
1376.55	2.6685E-18
1376.6	2.659E-18
1376.65	2.6565E-18
1376.7	2.652E-18
1376.75	2.6373E-18
1376.8	2.621E-18
1376.85	2.6153E-18
1376.9	2.6198E-18
1376.95	2.6268E-18
1377	2.6215E-18
1377.05	2.618E-18
1377.1	2.6128E-18
1377.15	2.6052E-18
1377.2	2.589E-18
1377.25	2.5949E-18
1377.3	2.5969E-18
1377.35	2.5914E-18
1377.4	2.5874E-18
1377.45	2.57E-18
1377.5	2.5594E-18
1377.55	2.5526E-18
1377.6	2.5472E-18
1377.65	2.5349E-18
1377.7	2.5389E-18
1377.75	2.5373E-18
1377.8	2.5357E-18
1377.85	2.5229E-18
1377.9	2.5129E-18
1377.95	2.5006E-18
1378	2.4789E-18
1378.05	2.4763E-18
1378.1	2.4824E-18
1378.15	2.4809E-18
1378.2	2.4763E-18
1378.25	2.4588E-18
1378.3	2.4492E-18
1378.35	2.4581E-18
1378.4	2.4331E-18
1378.45	2.4264E-18
1378.5	2.4251E-18
1378.55	2.4253E-18
1378.6	2.409E-18
1378.65	2.4177E-18
1378.7	2.4035E-18
1378.75	2.3951E-18
1378.8	2.3958E-18
1378.85	2.3794E-18
1378.9	2.3777E-18
1378.95	2.3696E-18
1379	2.3641E-18
1379.05	2.3575E-18
1379.1	2.3468E-18
1379.15	2.3408E-18
1379.2	2.3295E-18
1379.25	2.3261E-18
1379.3	2.3298E-18
1379.35	2.3234E-18
1379.4	2.3162E-18
1379.45	2.3043E-18
1379.5	2.2959E-18
1379.55	2.2957E-18
1379.6	2.2867E-18
1379.65	2.2799E-18
1379.7	2.2733E-18
1379.75	2.2657E-18
1379.8	2.2628E-18
1379.85	2.2527E-18
1379.9	2.2547E-18
1379.95	2.255E-18
1380	2.2477E-18
1380.05	2.241E-18
1380.1	2.234E-18
1380.15	2.2263E-18
1380.2	2.2261E-18
1380.25	2.2171E-18
1380.3	2.2077E-18
1380.35	2.2007E-18
1380.4	2.1918E-18
1380.45	2.1826E-18
1380.5	2.1752E-18
1380.55	2.1702E-18
1380.6	2.1614E-18
1380.65	2.1578E-18
1380.7	2.1579E-18
1380.75	2.1544E-18
1380.8	2.155E-18
1380.85	2.1393E-18
1380.9	2.1386E-18
1380.95	2.1429E-18
1381	2.1369E-18
1381.05	2.1344E-18
1381.1	2.128E-18
1381.15	2.1166E-18
1381.2	2.1104E-18
1381.25	2.0969E-18
1381.3	2.0918E-18
1381.35	2.0963E-18
1381.4	2.0888E-18
1381.45	2.079E-18
1381.5	2.0709E-18
1381.55	2.0657E-18
1381.6	2.0561E-18
1381.65	2.044E-18
1381.7	2.0427E-18
1381.75	2.0372E-18
1381.8	2.0308E-18
1381.85	2.0273E-18
1381.9	2.023E-18
1381.95	2.0189E-18
1382	2.0078E-18
1382.05	2.0098E-18
1382.1	1.9945E-18
1382.15	1.9961E-18
1382.2	1.9899E-18
1382.25	1.9879E-18
1382.3	1.9838E-18
1382.35	1.98E-18
1382.4	1.9756E-18
1382.45	1.9738E-18
1382.5	1.9634E-18
1382.55	1.9619E-18
1382.6	1.9575E-18
1382.65	1.9456E-18
1382.7	1.9402E-18
1382.75	1.9379E-18
1382.8	1.9332E-18
1382.85	1.9241E-18
1382.9	1.9258E-18
1382.95	1.9142E-18
1383	1.9045E-18
1383.05	1.9035E-18
1383.1	1.8969E-18
1383.15	1.8871E-18
1383.2	1.8861E-18
1383.25	1.881E-18
1383.3	1.8814E-18
1383.35	1.8701E-18
1383.4	1.8695E-18
1383.45	1.8696E-18
1383.5	1.8674E-18
1383.55	1.8629E-18
1383.6	1.8609E-18
1383.65	1.8608E-18
1383.7	1.8499E-18
1383.75	1.8441E-18
1383.8	1.8352E-18
1383.85	1.8285E-18
1383.9	1.8304E-18
1383.95	1.8215E-18
1384	1.8211E-18
1384.05	1.8149E-18
1384.1	1.8054E-18
1384.15	1.8004E-18
1384.2	1.7894E-18
1384.25	1.7775E-18
1384.3	1.7758E-18
1384.35	1.7774E-18
1384.4	1.7704E-18
1384.45	1.77E-18
1384.5	1.7652E-18
1384.55	1.7713E-18
1384.6	1.7674E-18
1384.65	1.7623E-18
1384.7	1.7555E-18
1384.75	1.7507E-18
1384.8	1.7494E-18
1384.85	1.7417E-18
1384.9	1.737E-18
1384.95	1.727E-18
1385	1.721E-18
1385.05	1.7137E-18
1385.1	1.7106E-18
1385.15	1.7002E-18
1385.2	1.7026E-18
1385.25	1.6963E-18
1385.3	1.6953E-18
1385.35	1.6909E-18
1385.4	1.6915E-18
1385.45	1.6918E-18
1385.5	1.6762E-18
1385.55	1.6707E-18
1385.6	1.6667E-18
1385.65	1.6591E-18
1385.7	1.658E-18
1385.75	1.6553E-18
1385.8	1.6507E-18
1385.85	1.6448E-18
1385.9	1.637E-18
1385.95	1.6292E-18
1386	1.6313E-18
1386.05	1.6268E-18
1386.1	1.6221E-18
1386.15	1.6233E-18
1386.2	1.6158E-18
1386.25	1.612E-18
1386.3	1.6056E-18
1386.35	1.5953E-18
1386.4	1.5923E-18
1386.45	1.5906E-18
1386.5	1.5825E-18
1386.55	1.5805E-18
1386.6	1.5761E-18
1386.65	1.573E-18
1386.7	1.5687E-18
1386.75	1.5615E-18
1386.8	1.5608E-18
1386.85	1.5536E-18
1386.9	1.549E-18
1386.95	1.5469E-18
1387	1.5461E-18
1387.05	1.5397E-18
1387.1	1.5325E-18
1387.15	1.5266E-18
1387.2	1.5187E-18
1387.25	1.5171E-18
1387.3	1.5154E-18
1387.35	1.512E-18
1387.4	1.5054E-18
1387.45	1.5008E-18
1387.5	1.4964E-18
1387.55	1.4939E-18
1387.6	1.4851E-18
1387.65	1.4839E-18
1387.7	1.4836E-18
1387.75	1.4776E-18
1387.8	1.4743E-18
1387.85	1.4767E-18
1387.9	1.4715E-18
1387.95	1.4672E-18
1388	1.4606E-18
1388.05	1.4608E-18
1388.1	1.4543E-18
1388.15	1.453E-18
1388.2	1.4538E-18
1388.25	1.4468E-18
1388.3	1.4433E-18
1388.35	1.4398E-18
1388.4	1.4363E-18
1388.45	1.4298E-18
1388.5	1.4261E-18
1388.55	1.4147E-18
1388.6	1.4095E-18
1388.65	1.4097E-18
1388.7	1.4046E-18
1388.75	1.3948E-18
1388.8	1.3936E-18
1388.85	1.3889E-18
1388.9	1.3807E-18
1388.95	1.3759E-18
1389	1.3706E-18
1389.05	1.3716E-18
1389.1	1.3682E-18
1389.15	1.3638E-18
1389.2	1.3537E-18
1389.25	1.3497E-18
1389.3	1.3455E-18
1389.35	1.34E-18
1389.4	1.3363E-18
1389.45	1.3357E-18
1389.5	1.3291E-18
1389.55	1.3231E-18
1389.6	1.3205E-18
1389.65	1.3227E-18
1389.7	1.3183E-18
1389.75	1.3142E-18
1389.8	1.3124E-18
1389.85	1.308E-18
1389.9	1.3025E-18
1389.95	1.2958E-18
1390	1.2959E-18
1390.05	1.293E-18
1390.1	1.2883E-18
1390.15	1.2867E-18
1390.2	1.2835E-18
1390.25	1.2818E-18
1390.3	1.2794E-18
1390.35	1.2737E-18
1390.4	1.2687E-18
1390.45	1.264E-18
1390.5	1.2574E-18
1390.55	1.2567E-18
1390.6	1.2567E-18
1390.65	1.2508E-18
1390.7	1.2504E-18
1390.75	1.2488E-18
1390.8	1.2406E-18
1390.85	1.2378E-18
1390.9	1.2366E-18
1390.95	1.2297E-18
1391	1.2196E-18
1391.05	1.2161E-18
1391.1	1.2134E-18
1391.15	1.2105E-18
1391.2	1.2062E-18
1391.25	1.2032E-18
1391.3	1.1999E-18
1391.35	1.1957E-18
1391.4	1.1915E-18
1391.45	1.1867E-18
1391.5	1.1818E-18
1391.55	1.1801E-18
1391.6	1.1775E-18
1391.65	1.1679E-18
1391.7	1.163E-18
1391.75	1.1637E-18
1391.8	1.1595E-18
1391.85	1.1609E-18
1391.9	1.1583E-18
1391.95	1.1597E-18
1392	1.154E-18
1392.05	1.1547E-18
1392.1	1.1478E-18
1392.15	1.1425E-18
1392.2	1.1372E-18
1392.25	1.136E-18
1392.3	1.1328E-18
1392.35	1.1253E-18
1392.4	1.122E-18
1392.45	1.1194E-18
1392.5	1.1141E-18
1392.55	1.1135E-18
1392.6	1.1094E-18
1392.65	1.1027E-18
1392.7	1.0991E-18
1392.75	1.0932E-18
1392.8	1.0932E-18
1392.85	1.0891E-18
1392.9	1.087E-18
1392.95	1.0851E-18
1393	1.0788E-18
1393.05	1.0749E-18
1393.1	1.0723E-18
1393.15	1.0729E-18
1393.2	1.0673E-18
1393.25	1.0646E-18
1393.3	1.0586E-18
1393.35	1.0552E-18
1393.4	1.0542E-18
1393.45	1.0503E-18
1393.5	1.0487E-18
1393.55	1.0461E-18
1393.6	1.0453E-18
1393.65	1.0442E-18
1393.7	1.0401E-18
1393.75	1.0363E-18
1393.8	1.0303E-18
1393.85	1.0279E-18
1393.9	1.0276E-18
1393.95	1.0255E-18
1394	1.023E-18
1394.05	1.0218E-18
1394.1	1.017E-18
1394.15	1.0147E-18
1394.2	1.0143E-18
1394.25	1.0129E-18
1394.3	1.0091E-18
1394.35	1.0057E-18
1394.4	1.0062E-18
1394.45	1.0025E-18
1394.5	9.9937E-19
1394.55	9.9338E-19
1394.6	9.9097E-19
1394.65	9.8615E-19
1394.7	9.8069E-19
1394.75	9.7638E-19
1394.8	9.7277E-19
1394.85	9.7089E-19
1394.9	9.6552E-19
1394.95	9.6591E-19
1395	9.6345E-19
1395.05	9.5802E-19
1395.1	9.5554E-19
1395.15	9.5233E-19
1395.2	9.512E-19
1395.25	9.428E-19
1395.3	9.394E-19
1395.35	9.4181E-19
1395.4	9.3884E-19
1395.45	9.3378E-19
1395.5	9.3129E-19
1395.55	9.3073E-19
1395.6	9.2617E-19
1395.65	9.2565E-19
1395.7	9.2196E-19
1395.75	9.1404E-19
1395.8	9.1066E-19
1395.85	9.1181E-19
1395.9	9.0908E-19
1395.95	9.0728E-19
1396	9.0501E-19
1396.05	9.0018E-19
1396.1	8.9796E-19
1396.15	8.9126E-19
1396.2	8.8886E-19
1396.25	8.8733E-19
1396.3	8.8589E-19
1396.35	8.7963E-19
1396.4	8.7799E-19
1396.45	8.7579E-19
1396.5	8.7097E-19
1396.55	8.6759E-19
1396.6	8.6571E-19
1396.65	8.6199E-19
1396.7	8.6055E-19
1396.75	8.563E-19
1396.8	8.5542E-19
1396.85	8.5496E-19
1396.9	8.4998E-19
1396.95	8.4867E-19
1397	8.4713E-19
1397.05	8.4218E-19
1397.1	8.419E-19
1397.15	8.3901E-19
1397.2	8.3786E-19
1397.25	8.3811E-19
1397.3	8.3384E-19
1397.35	8.3008E-19
1397.4	8.3184E-19
1397.45	8.2716E-19
1397.5	8.2203E-19
1397.55	8.1861E-19
1397.6	8.1527E-19
1397.65	8.1332E-19
1397.7	8.0997E-19
1397.75	8.0847E-19
1397.8	8.0361E-19
1397.85	8.0119E-19
1397.9	7.9792E-19
1397.95	7.9804E-19
1398	7.9811E-19
1398.05	7.9733E-19
1398.1	7.9292E-19
1398.15	7.8867E-19
1398.2	7.8226E-19
1398.25	7.8052E-19
1398.3	7.751E-19
1398.35	7.7674E-19
1398.4	7.7594E-19
1398.45	7.7259E-19
1398.5	7.7244E-19
1398.55	7.6996E-19
1398.6	7.6734E-19
1398.65	7.6262E-19
1398.7	7.6081E-19
1398.75	7.5573E-19
1398.8	7.5154E-19
1398.85	7.5217E-19
1398.9	7.4824E-19
1398.95	7.4752E-19
1399	7.4456E-19
1399.05	7.4163E-19
1399.1	7.1327E-19
1399.15	7.0969E-19
1399.2	7.0649E-19
1399.25	7.0549E-19
1399.3	7.0321E-19
1399.35	7.0215E-19
1399.4	7.0125E-19
1399.45	7.0234E-19
1399.5	6.9744E-19
1399.55	6.9838E-19
1399.6	6.9226E-19
1399.65	6.9223E-19
1399.7	6.8731E-19
1399.75	6.8224E-19
1399.8	6.8114E-19
1399.85	6.8191E-19
1399.9	6.7948E-19
1399.95	6.7772E-19
1400	6.741E-19
1400.05	6.7086E-19
1400.1	6.6779E-19
1400.15	6.65E-19
1400.2	6.6108E-19
1400.25	6.5841E-19
1400.3	6.5639E-19
1400.35	6.5613E-19
1400.4	6.5699E-19
1400.45	6.5555E-19
1400.5	6.539E-19
1400.55	6.5402E-19
1400.6	6.4959E-19
1400.65	6.4689E-19
1400.7	6.4239E-19
1400.75	6.3981E-19
1400.8	6.371E-19
1400.85	6.3608E-19
1400.9	6.3321E-19
1400.95	6.3073E-19
1401	6.2766E-19
1401.05	6.2294E-19
1401.1	6.238E-19
1401.15	6.2163E-19
1401.2	6.1973E-19
1401.25	6.195E-19
1401.3	6.1813E-19
1401.35	6.1702E-19
1401.4	6.1418E-19
1401.45	6.1306E-19
1401.5	6.1088E-19
1401.55	6.0734E-19
1401.6	6.0534E-19
1401.65	5.992E-19
1401.7	6.0028E-19
1401.75	5.9272E-19
1401.8	5.916E-19
1401.85	5.8838E-19
1401.9	5.8615E-19
1401.95	5.8221E-19
1402	5.8284E-19
1402.05	5.8326E-19
1402.1	5.7927E-19
1402.15	5.7744E-19
1402.2	5.7809E-19
1402.25	5.7638E-19
1402.3	5.7926E-19
1402.35	5.779E-19
1402.4	5.7547E-19
1402.45	5.7473E-19
1402.5	5.7249E-19
1402.55	5.7244E-19
1402.6	5.6628E-19
1402.65	5.6399E-19
1402.7	5.5849E-19
1402.75	5.5671E-19
1402.8	5.5338E-19
1402.85	5.5333E-19
1402.9	5.4969E-19
1402.95	5.4915E-19
1403	5.4781E-19
1403.05	5.451E-19
1403.1	5.4038E-19
1403.15	5.4014E-19
1403.2	5.4217E-19
1403.25	5.3642E-19
1403.3	5.3384E-19
1403.35	5.3415E-19
1403.4	5.3354E-19
1403.45	5.2977E-19
1403.5	5.2615E-19
1403.55	5.254E-19
1403.6	5.2422E-19
1403.65	5.2093E-19
1403.7	5.1828E-19
1403.75	5.1718E-19
1403.8	5.1306E-19
1403.85	5.1137E-19
1403.9	5.1067E-19
1403.95	5.0772E-19
1404	5.0627E-19
1404.05	5.0293E-19
1404.1	5.0132E-19
1404.15	4.9971E-19
1404.2	4.9913E-19
1404.25	4.9679E-19
1404.3	4.9559E-19
1404.35	4.9561E-19
1404.4	4.9696E-19
1404.45	4.9664E-19
1404.5	4.9587E-19
1404.55	4.9319E-19
1404.6	4.8716E-19
1404.65	4.8612E-19
1404.7	4.8257E-19
1404.75	4.7744E-19
1404.8	4.7542E-19
1404.85	4.7317E-19
1404.9	4.7219E-19
1404.95	4.7132E-19
1405	4.6902E-19
1405.05	4.6736E-19
1405.1	4.654E-19
1405.15	4.6563E-19
1405.2	4.6646E-19
1405.25	4.5965E-19
1405.3	4.5836E-19
1405.35	4.5903E-19
1405.4	4.5636E-19
1405.45	4.5789E-19
1405.5	4.5637E-19
1405.55	4.5295E-19
1405.6	4.4721E-19
1405.65	4.4635E-19
1405.7	4.4631E-19
1405.75	4.4547E-19
1405.8	4.4549E-19
1405.85	4.4465E-19
1405.9	4.4592E-19
1405.95	4.4385E-19
1406	4.3797E-19
1406.05	4.3546E-19
1406.1	4.352E-19
1406.15	4.3488E-19
1406.2	4.3565E-19
1406.25	4.2979E-19
1406.3	4.2695E-19
1406.35	4.2269E-19
1406.4	4.2191E-19
1406.45	4.1676E-19
1406.5	4.1628E-19
1406.55	4.1638E-19
1406.6	4.1536E-19
1406.65	4.1589E-19
1406.7	4.1329E-19
1406.75	4.0999E-19
1406.8	4.1035E-19
1406.85	4.0924E-19
1406.9	4.0939E-19
1406.95	4.0903E-19
1407	4.0698E-19
1407.05	4.0351E-19
1407.1	4.0351E-19
1407.15	4.0474E-19
1407.2	4.0348E-19
1407.25	4.0467E-19
1407.3	4.0076E-19
1407.35	4.0003E-19
1407.4	3.9827E-19
1407.45	3.9422E-19
1407.5	3.945E-19
1407.55	3.9598E-19
1407.6	3.9582E-19
1407.65	3.9325E-19
1407.7	3.9176E-19
1407.75	3.878E-19
1407.8	3.8419E-19
1407.85	3.8298E-19
1407.9	3.8113E-19
1407.95	3.8161E-19
1408	3.7909E-19
1408.05	3.7709E-19
1408.1	3.7643E-19
1408.15	3.745E-19
1408.2	3.7317E-19
1408.25	3.6985E-19
1408.3	3.6621E-19
1408.35	3.6397E-19
1408.4	3.6312E-19
1408.45	3.6266E-19
1408.5	3.6E-19
1408.55	3.6031E-19
1408.6	3.5873E-19
1408.65	3.5722E-19
1408.7	3.5622E-19
1408.75	3.5679E-19
1408.8	3.5753E-19
1408.85	3.5539E-19
1408.9	3.5633E-19
1408.95	3.5638E-19
1409	3.5322E-19
1409.05	3.5237E-19
1409.1	3.5142E-19
1409.15	3.491E-19
1409.2	3.4432E-19
1409.25	3.4009E-19
1409.3	3.3962E-19
1409.35	3.403E-19
1409.4	3.3394E-19
1409.45	3.3324E-19
1409.5	3.313E-19
1409.55	3.3094E-19
1409.6	3.3006E-19
1409.65	3.3229E-19
1409.7	3.2861E-19
1409.75	3.2865E-19
1409.8	3.2622E-19
1409.85	3.2198E-19
1409.9	3.2476E-19
1409.95	3.2187E-19
1410	3.1891E-19
1410.05	3.179E-19
1410.1	3.1533E-19
1410.15	3.1421E-19
1410.2	3.1464E-19
1410.25	3.1618E-19
1410.3	3.1572E-19
1410.35	3.1469E-19
1410.4	3.1111E-19
1410.45	3.0814E-19
1410.5	3.0857E-19
1410.55	3.0874E-19
1410.6	3.0892E-19
1410.65	3.0999E-19
1410.7	3.0727E-19
1410.75	3.0596E-19
1410.8	3.0429E-19
1410.85	3.0256E-19
1410.9	3.0149E-19
1410.95	3.0185E-19
1411	3.0083E-19
1411.05	3.0178E-19
1411.1	2.9728E-19
1411.15	2.9271E-19
1411.2	2.9233E-19
1411.25	2.8921E-19
1411.3	2.8907E-19
1411.35	2.8428E-19
1411.4	2.8101E-19
1411.45	2.807E-19
1411.5	2.8126E-19
1411.55	2.8435E-19
1411.6	2.8346E-19
1411.65	2.8256E-19
1411.7	2.8042E-19
1411.75	2.7882E-19
1411.8	2.7757E-19
1411.85	2.8012E-19
1411.9	2.7944E-19
1411.95	2.7877E-19
1412	2.7686E-19
1412.05	2.7662E-19
1412.1	2.752E-19
1412.15	2.7569E-19
1412.2	2.7389E-19
1412.25	2.7613E-19
1412.3	2.7526E-19
1412.35	2.7327E-19
1412.4	2.7123E-19
1412.45	2.6804E-19
1412.5	2.659E-19
1412.55	2.6702E-19
1412.6	2.6434E-19
1412.65	2.6138E-19
1412.7	2.5752E-19
1412.75	2.5553E-19
1412.8	2.5648E-19
1412.85	2.5249E-19
1412.9	2.5293E-19
1412.95	2.5238E-19
1413	2.5022E-19
1413	2.4871E-19
1413.05	2.4712E-19
1413.1	2.464E-19
1413.15	2.4644E-19
1413.2	2.4586E-19
1413.25	2.4417E-19
1413.3	2.4363E-19
1413.35	2.4315E-19
1413.4	2.4141E-19
1413.45	2.4178E-19
1413.5	2.3967E-19
1413.55	2.3798E-19
1413.6	2.3726E-19
1413.65	2.3668E-19
1413.7	2.3592E-19
1413.75	2.3422E-19
1413.8	2.3297E-19
1413.85	2.3108E-19
1413.9	2.28E-19
1413.95	2.3011E-19
1414	2.2857E-19
1414.05	2.2723E-19
1414.1	2.2694E-19
1414.15	2.2688E-19
1414.2	2.254E-19
1414.25	2.2221E-19
1414.3	2.2221E-19
1414.35	2.2143E-19
1414.4	2.205E-19
1414.45	2.2046E-19
1414.5	2.1949E-19
1414.55	2.2144E-19
1414.6	2.1812E-19
1414.65	2.1796E-19
1414.7	2.1569E-19
1414.75	2.161E-19
1414.8	2.1481E-19
1414.85	2.1434E-19
1414.9	2.1433E-19
1414.95	2.1309E-19
1415	2.1259E-19
1415.05	2.1207E-19
1415.1	2.1174E-19
1415.15	2.1143E-19
1415.2	2.0904E-19
1415.25	2.0763E-19
1415.3	2.073E-19
1415.35	2.0616E-19
1415.4	2.0622E-19
1415.45	2.0324E-19
1415.5	2.0279E-19
1415.55	2.0219E-19
1415.6	2.0332E-19
1415.65	2.0394E-19
1415.7	2.0174E-19
1415.75	2.0195E-19
1415.8	2.0122E-19
1415.85	1.9877E-19
1415.9	1.9924E-19
1415.95	1.9924E-19
1416	1.9917E-19
1416.05	1.9842E-19
1416.1	1.9797E-19
1416.15	1.9719E-19
1416.2	1.9558E-19
1416.25	1.9335E-19
1416.3	1.9198E-19
1416.35	1.903E-19
1416.4	1.8963E-19
1416.45	1.8953E-19
1416.5	1.8798E-19
1416.55	1.8647E-19
1416.6	1.8524E-19
1416.65	1.8431E-19
1416.7	1.8464E-19
1416.75	1.8493E-19
1416.8	1.8593E-19
1416.85	1.8455E-19
1416.9	1.852E-19
1416.95	1.8384E-19
1417	1.8304E-19
1417.05	1.8018E-19
1417.1	1.7915E-19
1417.15	1.7855E-19
1417.2	1.7698E-19
1417.25	1.7649E-19
1417.3	1.7446E-19
1417.35	1.7478E-19
1417.4	1.7285E-19
1417.45	1.737E-19
1417.5	1.7274E-19
1417.55	1.7166E-19
1417.6	1.7027E-19
1417.65	1.701E-19
1417.7	1.6948E-19
1417.75	1.6816E-19
1417.8	1.684E-19
1417.85	1.6658E-19
1417.9	1.6654E-19
1417.95	1.657E-19
1418	1.646E-19
1418.05	1.6351E-19
1418.1	1.6202E-19
1418.15	1.6216E-19
1418.2	1.6283E-19
1418.25	1.6127E-19
1418.3	1.6102E-19
1418.35	1.5972E-19
1418.4	1.5846E-19
1418.45	1.5787E-19
1418.5	1.5853E-19
1418.55	1.5862E-19
1418.6	1.5612E-19
1418.65	1.5684E-19
1418.7	1.5557E-19
1418.75	1.5711E-19
1418.8	1.5526E-19
1418.85	1.5486E-19
1418.9	1.5296E-19
1418.95	1.539E-19
1419	1.5435E-19
1419.05	1.5242E-19
1419.1	1.5201E-19
1419.15	1.5276E-19
1419.2	1.4952E-19
1419.25	1.4848E-19
1419.3	1.4811E-19
1419.35	1.4831E-19
1419.4	1.471E-19
1419.45	1.4633E-19
1419.5	1.4553E-19
1419.55	1.4421E-19
1419.6	1.4416E-19
1419.65	1.4492E-19
1419.7	1.4266E-19
1419.75	1.4317E-19
1419.8	1.4229E-19
1419.85	1.4259E-19
1419.9	1.4135E-19
1419.95	1.4111E-19
1420	1.4123E-19
1420.05	1.4185E-19
1420.1	1.4077E-19
1420.15	1.3968E-19
1420.2	1.3963E-19
1420.25	1.3928E-19
1420.3	1.3924E-19
1420.35	1.3722E-19
1420.4	1.3757E-19
1420.45	1.3701E-19
1420.5	1.3637E-19
1420.55	1.3626E-19
1420.6	1.3584E-19
1420.65	1.359E-19
1420.7	1.3504E-19
1420.75	1.3337E-19
1420.8	1.334E-19
1420.85	1.3203E-19
1420.9	1.3069E-19
1420.95	1.3202E-19
1421	1.3137E-19
1421.05	1.3113E-19
1421.1	1.3049E-19
1421.15	1.2908E-19
1421.2	1.2806E-19
1421.25	1.276E-19
1421.3	1.2739E-19
1421.35	1.2614E-19
1421.4	1.2408E-19
1421.45	1.2329E-19
1421.5	1.2346E-19
1421.55	1.2391E-19
1421.6	1.2325E-19
1421.65	1.2214E-19
1421.7	1.2278E-19
1421.75	1.2185E-19
1421.8	1.2301E-19
1421.85	1.2137E-19
1421.9	1.2227E-19
1421.95	1.1998E-19
1422	1.1929E-19
1422.05	1.1876E-19
1422.1	1.1836E-19
1422.15	1.1816E-19
1422.2	1.1691E-19
1422.25	1.1695E-19
1422.3	1.1702E-19
1422.35	1.1705E-19
1422.4	1.1545E-19
1422.45	1.1433E-19
1422.5	1.1424E-19
1422.55	1.1236E-19
1422.6	1.1293E-19
1422.65	1.1226E-19
1422.7	1.1206E-19
1422.75	1.1216E-19
1422.8	1.1252E-19
1422.85	1.1175E-19
1422.9	1.1219E-19
1422.95	1.1146E-19
1423	1.1024E-19
1423.05	1.0901E-19
1423.1	1.0974E-19
1423.15	1.0934E-19
1423.2	1.0738E-19
1423.25	1.0896E-19
1423.3	1.0829E-19
1423.35	1.0978E-19
1423.4	1.0818E-19
1423.45	1.0697E-19
1423.5	1.0749E-19
1423.55	1.0538E-19
1423.6	1.0335E-19
1423.65	1.0426E-19
1423.7	1.0429E-19
1423.75	1.0329E-19
1423.8	1.0249E-19
1423.85	1.0301E-19
1423.9	1.0179E-19
1423.95	1.0078E-19
1424	1.0087E-19
1424.05	9.8897E-20
1424.1	9.6514E-20
1424.15	9.6349E-20
1424.2	9.6196E-20
1424.25	9.7229E-20
1424.3	9.6747E-20
1424.35	9.6189E-20
1424.4	9.6647E-20
1424.45	9.6231E-20
1424.5	9.5468E-20
1424.55	9.4016E-20
1424.6	9.4017E-20
1424.65	9.3381E-20
1424.7	9.3173E-20
1424.75	9.3404E-20
1424.8	9.4446E-20
1424.85	9.3137E-20
1424.9	9.3942E-20
1424.95	9.2711E-20
1425	9.24E-20
1425.05	9.2691E-20
1425.1	9.3579E-20
1425.15	9.2023E-20
1425.2	9.2525E-20
1425.25	9.2665E-20
1425.3	9.3507E-20
1425.35	9.2305E-20
1425.4	9.2708E-20
1425.45	9.1971E-20
1425.5	8.9523E-20
1425.55	8.978E-20
1425.6	8.8284E-20
1425.65	8.684E-20
1425.7	8.6802E-20
1425.75	8.5866E-20
1425.8	8.6197E-20
1425.85	8.6635E-20
1425.9	8.5375E-20
1425.95	8.3889E-20
1426	8.3316E-20
