1196	1.7952E-17
1196.05	1.8033E-17
1196.1	1.7823E-17
1196.15	1.8037E-17
1196.2	1.8046E-17
1196.25	1.7883E-17
1196.3	1.7961E-17
1196.35	1.7967E-17
1196.4	1.7995E-17
1196.45	1.7986E-17
1196.5	1.7925E-17
1196.55	1.7968E-17
1196.6	1.7989E-17
1196.65	1.791E-17
1196.7	1.7952E-17
1196.75	1.7982E-17
1196.8	1.7944E-17
1196.85	1.7943E-17
1196.9	1.7864E-17
1196.95	1.8051E-17
1197	1.811E-17
1197.05	1.8011E-17
1197.1	1.8153E-17
1197.15	1.8119E-17
1197.2	1.8071E-17
1197.25	1.8074E-17
1197.3	1.8051E-17
1197.35	1.8028E-17
1197.4	1.8105E-17
1197.45	1.8054E-17
1197.5	1.7934E-17
1197.55	1.7925E-17
1197.6	1.7962E-17
1197.65	1.7981E-17
1197.7	1.802E-17
1197.75	1.8025E-17
1197.8	1.8041E-17
1197.85	1.7929E-17
1197.9	1.7945E-17
1197.95	1.7967E-17
1198	1.7928E-17
1198.05	1.793E-17
1198.1	1.7961E-17
1198.15	1.8076E-17
1198.2	1.8116E-17
1198.25	1.8099E-17
1198.3	1.814E-17
1198.35	1.8123E-17
1198.4	1.8213E-17
1198.45	1.8219E-17
1198.5	1.8225E-17
1198.55	1.8103E-17
1198.6	1.8071E-17
1198.65	1.82E-17
1198.7	1.8188E-17
1198.75	1.8044E-17
1198.8	1.8121E-17
1198.85	1.8106E-17
1198.9	1.8059E-17
1198.95	1.8019E-17
1199	1.7955E-17
1199.05	1.7885E-17
1199.1	1.7801E-17
1199.15	1.7895E-17
1199.2	1.793E-17
1199.25	1.7887E-17
1199.3	1.7935E-17
1199.35	1.8048E-17
1199.4	1.7898E-17
1199.45	1.7982E-17
1199.5	1.793E-17
1199.55	1.7951E-17
1199.6	1.7948E-17
1199.65	1.7952E-17
1199.7	1.7923E-17
1199.75	1.7895E-17
1199.8	1.7908E-17
1199.85	1.8029E-17
1199.9	1.791E-17
1199.95	1.7854E-17
1200	1.7961E-17
1200.05	1.7932E-17
1200.1	1.799E-17
1200.15	1.7869E-17
1200.2	1.7944E-17
1200.25	1.8013E-17
1200.3	1.7923E-17
1200.35	1.7944E-17
1200.4	1.7881E-17
1200.45	1.7959E-17
1200.5	1.7897E-17
1200.55	1.7885E-17
1200.6	1.7948E-17
1200.65	1.7889E-17
1200.7	1.7963E-17
1200.75	1.7978E-17
1200.8	1.7864E-17
1200.85	1.7914E-17
1200.9	1.7916E-17
1200.95	1.7968E-17
1201	1.7993E-17
1201.05	1.7956E-17
1201.1	1.8054E-17
1201.15	1.787E-17
1201.2	1.7825E-17
1201.25	1.7941E-17
1201.3	1.7938E-17
1201.35	1.8169E-17
1201.4	1.7893E-17
1201.45	1.8124E-17
1201.5	1.801E-17
1201.55	1.8112E-17
1201.6	1.8016E-17
1201.65	1.7933E-17
1201.7	1.8023E-17
1201.75	1.7855E-17
1201.8	1.7862E-17
1201.85	1.7935E-17
1201.9	1.7891E-17
1201.95	1.8175E-17
1202	1.8001E-17
1202.05	1.8116E-17
1202.1	1.8121E-17
1202.15	1.8052E-17
1202.2	1.8168E-17
1202.25	1.7949E-17
1202.3	1.7972E-17
1202.35	1.7999E-17
1202.4	1.7923E-17
1202.45	1.8065E-17
1202.5	1.8046E-17
1202.55	1.7993E-17
1202.6	1.7891E-17
1202.65	1.7981E-17
1202.7	1.7938E-17
1202.75	1.788E-17
1202.8	1.7842E-17
1202.85	1.7806E-17
1202.9	1.7851E-17
1202.95	1.786E-17
1203	1.7866E-17
1203.05	1.7902E-17
1203.1	1.7908E-17
1203.15	1.7925E-17
1203.2	1.7915E-17
1203.25	1.7939E-17
1203.3	1.7995E-17
1203.35	1.793E-17
1203.4	1.796E-17
1203.45	1.8004E-17
1203.5	1.7974E-17
1203.55	1.7981E-17
1203.6	1.7914E-17
1203.65	1.7913E-17
1203.7	1.7944E-17
1203.75	1.804E-17
1203.8	1.8104E-17
1203.85	1.8087E-17
1203.9	1.8028E-17
1203.95	1.8044E-17
1204	1.8122E-17
1204.05	1.7977E-17
1204.1	1.8092E-17
1204.15	1.7965E-17
1204.2	1.8053E-17
1204.25	1.814E-17
1204.3	1.8126E-17
1204.35	1.8081E-17
1204.4	1.8054E-17
1204.45	1.8089E-17
1204.5	1.7978E-17
1204.55	1.8079E-17
1204.6	1.8107E-17
1204.65	1.8049E-17
1204.7	1.8038E-17
1204.75	1.8163E-17
1204.8	1.82E-17
1204.85	1.8187E-17
1204.9	1.8221E-17
1204.95	1.8238E-17
1205	1.8116E-17
1205.05	1.8155E-17
1205.1	1.8064E-17
1205.15	1.7919E-17
1205.2	1.7844E-17
1205.25	1.809E-17
1205.3	1.7934E-17
1205.35	1.8081E-17
1205.4	1.7978E-17
1205.45	1.8028E-17
1205.5	1.8037E-17
1205.55	1.8033E-17
1205.6	1.8107E-17
1205.65	1.802E-17
1205.7	1.792E-17
1205.75	1.7989E-17
1205.8	1.7932E-17
1205.85	1.8031E-17
1205.9	1.7958E-17
1205.95	1.7922E-17
1206	1.7958E-17
1206.05	1.7955E-17
1206.1	1.798E-17
1206.15	1.7909E-17
1206.2	1.7866E-17
1206.25	1.7971E-17
1206.3	1.7985E-17
1206.35	1.8005E-17
1206.4	1.7999E-17
1206.45	1.8061E-17
1206.5	1.8053E-17
1206.55	1.8063E-17
1206.6	1.8037E-17
1206.65	1.8011E-17
1206.7	1.8112E-17
1206.75	1.8122E-17
1206.8	1.8051E-17
1206.85	1.8058E-17
1206.9	1.8073E-17
1206.95	1.8069E-17
1207	1.7986E-17
1207.05	1.7922E-17
1207.1	1.7915E-17
1207.15	1.796E-17
1207.2	1.7904E-17
1207.25	1.7905E-17
1207.3	1.7884E-17
1207.35	1.7956E-17
1207.4	1.7973E-17
1207.45	1.794E-17
1207.5	1.7897E-17
1207.55	1.7954E-17
1207.6	1.7837E-17
1207.65	1.7851E-17
1207.7	1.7879E-17
1207.75	1.7873E-17
1207.8	1.7901E-17
1207.85	1.7765E-17
1207.9	1.779E-17
1207.95	1.7854E-17
1208	1.7832E-17
1208.05	1.7795E-17
1208.1	1.7725E-17
1208.15	1.7854E-17
1208.2	1.7836E-17
1208.25	1.7836E-17
1208.3	1.7903E-17
1208.35	1.7839E-17
1208.4	1.7868E-17
1208.45	1.7868E-17
1208.5	1.7767E-17
1208.55	1.779E-17
1208.6	1.7786E-17
1208.65	1.7755E-17
1208.7	1.7716E-17
1208.75	1.7693E-17
1208.8	1.7712E-17
1208.85	1.7733E-17
1208.9	1.7695E-17
1208.95	1.7757E-17
1209	1.7768E-17
1209.05	1.7693E-17
1209.1	1.7723E-17
1209.15	1.7786E-17
1209.2	1.765E-17
1209.25	1.7625E-17
1209.3	1.7605E-17
1209.35	1.7642E-17
1209.4	1.7568E-17
1209.45	1.7478E-17
1209.5	1.7545E-17
1209.55	1.7552E-17
1209.6	1.7636E-17
1209.65	1.7609E-17
1209.7	1.7579E-17
1209.75	1.7538E-17
1209.8	1.7576E-17
1209.85	1.7592E-17
1209.9	1.7566E-17
1209.95	1.7548E-17
1210	1.7655E-17
1210.05	1.7659E-17
1210.1	1.7656E-17
1210.15	1.7717E-17
1210.2	1.7664E-17
1210.25	1.7709E-17
1210.3	1.7764E-17
1210.35	1.7732E-17
1210.4	1.771E-17
1210.45	1.7717E-17
1210.5	1.7664E-17
1210.55	1.7659E-17
1210.6	1.7666E-17
1210.65	1.7686E-17
1210.7	1.759E-17
1210.75	1.7558E-17
1210.8	1.7636E-17
1210.85	1.7622E-17
1210.9	1.7581E-17
1210.95	1.7561E-17
1211	1.7595E-17
1211.05	1.764E-17
1211.1	1.7613E-17
1211.15	1.7565E-17
1211.2	1.7601E-17
1211.25	1.7681E-17
1211.3	1.7649E-17
1211.35	1.7609E-17
1211.4	1.7598E-17
1211.45	1.7518E-17
1211.5	1.7512E-17
1211.55	1.758E-17
1211.6	1.7582E-17
1211.65	1.7516E-17
1211.7	1.7499E-17
1211.75	1.7553E-17
1211.8	1.751E-17
1211.85	1.7471E-17
1211.9	1.7536E-17
1211.95	1.7522E-17
1212	1.748E-17
1212.05	1.7444E-17
1212.1	1.745E-17
1212.15	1.7441E-17
1212.2	1.7482E-17
1212.25	1.7549E-17
1212.3	1.7571E-17
1212.35	1.7489E-17
1212.4	1.7464E-17
1212.45	1.7505E-17
1212.5	1.747E-17
1212.55	1.7553E-17
1212.6	1.7528E-17
1212.65	1.7448E-17
1212.7	1.7453E-17
1212.75	1.7404E-17
1212.8	1.7391E-17
1212.85	1.7481E-17
1212.9	1.7444E-17
1212.95	1.7472E-17
1213	1.7426E-17
1213.05	1.7398E-17
1213.1	1.7413E-17
1213.15	1.7428E-17
1213.2	1.7373E-17
1213.25	1.7353E-17
1213.3	1.7425E-17
1213.35	1.7396E-17
1213.4	1.7428E-17
1213.45	1.7457E-17
1213.5	1.748E-17
1213.55	1.7498E-17
1213.6	1.7463E-17
1213.65	1.7478E-17
1213.7	1.7512E-17
1213.75	1.7507E-17
1213.8	1.7438E-17
1213.85	1.7495E-17
1213.9	1.7493E-17
1213.95	1.7446E-17
1214	1.7458E-17
1214.05	1.7481E-17
1214.1	1.7478E-17
1214.15	1.7566E-17
1214.2	1.7622E-17
1214.25	1.751E-17
1214.3	1.7448E-17
1214.35	1.7461E-17
1214.4	1.749E-17
1214.45	1.7424E-17
1214.5	1.7407E-17
1214.55	1.7429E-17
1214.6	1.736E-17
1214.65	1.7302E-17
1214.7	1.7365E-17
1214.75	1.7416E-17
1214.8	1.7382E-17
1214.85	1.7342E-17
1214.9	1.7408E-17
1214.95	1.7451E-17
1215	1.7419E-17
1215.05	1.7395E-17
1215.1	1.7412E-17
1215.15	1.7423E-17
1215.2	1.7399E-17
1215.25	1.7367E-17
1215.3	1.7373E-17
1215.35	1.7358E-17
1215.4	1.7368E-17
1215.45	1.7393E-17
1215.5	1.735E-17
1215.55	1.737E-17
1215.6	1.7368E-17
1215.65	1.7336E-17
1215.7	1.7373E-17
1215.75	1.7326E-17
1215.8	1.7361E-17
1215.85	1.7332E-17
1215.9	1.7325E-17
1215.95	1.7402E-17
1216	1.7477E-17
1216.05	1.7396E-17
1216.1	1.742E-17
1216.15	1.738E-17
1216.2	1.743E-17
1216.25	1.7372E-17
1216.3	1.7358E-17
1216.35	1.7331E-17
1216.4	1.7396E-17
1216.45	1.7377E-17
1216.5	1.7347E-17
1216.55	1.7314E-17
1216.6	1.735E-17
1216.65	1.7363E-17
1216.7	1.7389E-17
1216.75	1.7386E-17
1216.8	1.7378E-17
1216.85	1.7465E-17
1216.9	1.749E-17
1216.95	1.7489E-17
1217	1.754E-17
1217.05	1.7526E-17
1217.1	1.7512E-17
1217.15	1.75E-17
1217.2	1.754E-17
1217.25	1.7529E-17
1217.3	1.7523E-17
1217.35	1.7425E-17
1217.4	1.7454E-17
1217.45	1.7511E-17
1217.5	1.7474E-17
1217.55	1.7553E-17
1217.6	1.7535E-17
1217.65	1.7498E-17
1217.7	1.7556E-17
1217.75	1.7533E-17
1217.8	1.7504E-17
1217.85	1.7547E-17
1217.9	1.7522E-17
1217.95	1.7489E-17
1218	1.7434E-17
1218.05	1.7457E-17
1218.1	1.7428E-17
1218.15	1.7395E-17
1218.2	1.7408E-17
1218.25	1.7422E-17
1218.3	1.7416E-17
1218.35	1.7389E-17
1218.4	1.7395E-17
1218.45	1.7378E-17
1218.5	1.7446E-17
1218.55	1.7463E-17
1218.6	1.7459E-17
1218.65	1.7396E-17
1218.7	1.7445E-17
1218.75	1.7498E-17
1218.8	1.7472E-17
1218.85	1.7473E-17
1218.9	1.7467E-17
1218.95	1.7492E-17
1219	1.74E-17
1219.05	1.7448E-17
1219.1	1.7437E-17
1219.15	1.7441E-17
1219.2	1.7451E-17
1219.25	1.7483E-17
1219.3	1.75E-17
1219.35	1.7488E-17
1219.4	1.7467E-17
1219.45	1.7411E-17
1219.5	1.7416E-17
1219.55	1.7405E-17
1219.6	1.7325E-17
1219.65	1.7378E-17
1219.7	1.7408E-17
1219.75	1.7447E-17
1219.8	1.7488E-17
1219.85	1.7444E-17
1219.9	1.7413E-17
1219.95	1.7452E-17
1220	1.753E-17
1220.05	1.7558E-17
1220.1	1.7511E-17
1220.15	1.7515E-17
1220.2	1.7519E-17
1220.25	1.7478E-17
1220.3	1.7477E-17
1220.35	1.742E-17
1220.4	1.7476E-17
1220.45	1.7413E-17
1220.5	1.7418E-17
1220.55	1.7382E-17
1220.6	1.7397E-17
1220.65	1.7437E-17
1220.7	1.7514E-17
1220.75	1.7494E-17
1220.8	1.7493E-17
1220.85	1.7509E-17
1220.9	1.7509E-17
1220.95	1.7436E-17
1221	1.7487E-17
1221.05	1.7454E-17
1221.1	1.7418E-17
1221.15	1.7416E-17
1221.2	1.7455E-17
1221.25	1.7461E-17
1221.3	1.7428E-17
1221.35	1.7442E-17
1221.4	1.7427E-17
1221.45	1.7482E-17
1221.5	1.7426E-17
1221.55	1.751E-17
1221.6	1.7546E-17
1221.65	1.7585E-17
1221.7	1.7529E-17
1221.75	1.7555E-17
1221.8	1.7543E-17
1221.85	1.7485E-17
1221.9	1.7502E-17
1221.95	1.7515E-17
1222	1.7532E-17
1222.05	1.7622E-17
1222.1	1.7604E-17
1222.15	1.7593E-17
1222.2	1.7606E-17
1222.25	1.7607E-17
1222.3	1.754E-17
1222.35	1.7496E-17
1222.4	1.749E-17
1222.45	1.7462E-17
1222.5	1.7469E-17
1222.55	1.7482E-17
1222.6	1.747E-17
1222.65	1.7473E-17
1222.7	1.7469E-17
1222.75	1.7494E-17
1222.8	1.7506E-17
1222.85	1.7477E-17
1222.9	1.7479E-17
1222.95	1.7534E-17
1223	1.7564E-17
1223.05	1.7515E-17
1223.1	1.755E-17
1223.15	1.7532E-17
1223.2	1.7536E-17
1223.25	1.7491E-17
1223.3	1.7483E-17
1223.35	1.7486E-17
1223.4	1.751E-17
1223.45	1.7475E-17
1223.5	1.7509E-17
1223.55	1.7464E-17
1223.6	1.7483E-17
1223.65	1.7516E-17
1223.7	1.7492E-17
1223.75	1.7424E-17
1223.8	1.7405E-17
1223.85	1.7442E-17
1223.9	1.7448E-17
1223.95	1.744E-17
1224	1.7445E-17
1224.05	1.7438E-17
1224.1	1.7406E-17
1224.15	1.7434E-17
1224.2	1.745E-17
1224.25	1.7458E-17
1224.3	1.7528E-17
1224.35	1.7505E-17
1224.4	1.7466E-17
1224.45	1.7495E-17
1224.5	1.7519E-17
1224.55	1.7512E-17
1224.6	1.7414E-17
1224.65	1.7462E-17
1224.7	1.7492E-17
1224.75	1.7473E-17
1224.8	1.7418E-17
1224.85	1.7412E-17
1224.9	1.7437E-17
1224.95	1.7414E-17
1225	1.7391E-17
1225.05	1.7388E-17
1225.1	1.7464E-17
1225.15	1.7489E-17
1225.2	1.744E-17
1225.25	1.7511E-17
1225.3	1.7502E-17
1225.35	1.7495E-17
1225.4	1.7481E-17
1225.45	1.7403E-17
1225.5	1.7476E-17
1225.55	1.7549E-17
1225.6	1.7504E-17
1225.65	1.7499E-17
1225.7	1.7498E-17
1225.75	1.7539E-17
1225.8	1.7559E-17
1225.85	1.752E-17
1225.9	1.7551E-17
1225.95	1.7548E-17
1226	1.7492E-17
1226.05	1.744E-17
1226.1	1.747E-17
1226.15	1.748E-17
1226.2	1.7418E-17
1226.25	1.7388E-17
1226.3	1.7469E-17
1226.35	1.7388E-17
1226.4	1.75E-17
1226.45	1.7481E-17
1226.5	1.7504E-17
1226.55	1.7501E-17
1226.6	1.7567E-17
1226.65	1.7495E-17
1226.7	1.7487E-17
1226.75	1.7485E-17
1226.8	1.7561E-17
1226.85	1.7571E-17
1226.9	1.7492E-17
1226.95	1.7483E-17
1227	1.7478E-17
1227.05	1.7412E-17
1227.1	1.7401E-17
1227.15	1.7413E-17
1227.2	1.745E-17
1227.25	1.7352E-17
1227.3	1.7306E-17
1227.35	1.7406E-17
1227.4	1.737E-17
1227.45	1.7378E-17
1227.5	1.7424E-17
1227.55	1.746E-17
1227.6	1.7538E-17
1227.65	1.7539E-17
1227.7	1.7483E-17
1227.75	1.7452E-17
1227.8	1.7464E-17
1227.85	1.7462E-17
1227.9	1.744E-17
1227.95	1.7429E-17
1228	1.7452E-17
1228.05	1.7499E-17
1228.1	1.7481E-17
1228.15	1.7532E-17
1228.2	1.7484E-17
1228.25	1.7499E-17
1228.3	1.7491E-17
1228.35	1.7503E-17
1228.4	1.7545E-17
1228.45	1.7525E-17
1228.5	1.7489E-17
1228.55	1.7477E-17
1228.6	1.753E-17
1228.65	1.7514E-17
1228.7	1.7474E-17
1228.75	1.7488E-17
1228.8	1.7514E-17
1228.85	1.7513E-17
1228.9	1.7532E-17
1228.95	1.7487E-17
1229	1.7495E-17
1229.05	1.7549E-17
1229.1	1.7613E-17
1229.15	1.758E-17
1229.2	1.754E-17
1229.25	1.7553E-17
1229.3	1.7572E-17
1229.35	1.7533E-17
1229.4	1.7536E-17
1229.45	1.7595E-17
1229.5	1.759E-17
1229.55	1.7607E-17
1229.6	1.7644E-17
1229.65	1.764E-17
1229.7	1.7596E-17
1229.75	1.7649E-17
1229.8	1.765E-17
1229.85	1.7638E-17
1229.9	1.7695E-17
1229.95	1.7662E-17
1230	1.7602E-17
1230.05	1.7583E-17
1230.1	1.769E-17
1230.15	1.7663E-17
1230.2	1.7623E-17
1230.25	1.7619E-17
1230.3	1.7664E-17
1230.35	1.7622E-17
1230.4	1.7622E-17
1230.45	1.7652E-17
1230.5	1.7644E-17
1230.55	1.7679E-17
1230.6	1.7643E-17
1230.65	1.7607E-17
1230.7	1.7615E-17
1230.75	1.7583E-17
1230.8	1.7634E-17
1230.85	1.7652E-17
1230.9	1.7636E-17
1230.95	1.7613E-17
1231	1.7602E-17
1231.05	1.7597E-17
1231.1	1.7628E-17
1231.15	1.7677E-17
1231.2	1.7687E-17
1231.25	1.7683E-17
1231.3	1.7684E-17
1231.35	1.766E-17
1231.4	1.7641E-17
1231.45	1.763E-17
1231.5	1.7637E-17
1231.55	1.7632E-17
1231.6	1.76E-17
1231.65	1.7617E-17
1231.7	1.7647E-17
1231.75	1.7643E-17
1231.8	1.7599E-17
1231.85	1.7561E-17
1231.9	1.7652E-17
1231.95	1.7633E-17
1232	1.7641E-17
1232.05	1.7694E-17
1232.1	1.766E-17
1232.15	1.7656E-17
1232.2	1.7643E-17
1232.25	1.7635E-17
1232.3	1.7593E-17
1232.35	1.7703E-17
1232.4	1.7662E-17
1232.45	1.7642E-17
1232.5	1.7684E-17
1232.55	1.773E-17
1232.6	1.7749E-17
1232.65	1.7736E-17
1232.7	1.7713E-17
1232.75	1.7786E-17
1232.8	1.7744E-17
1232.85	1.7711E-17
1232.9	1.7746E-17
1232.95	1.7735E-17
1233	1.7653E-17
1233.05	1.7627E-17
1233.1	1.7702E-17
1233.15	1.774E-17
1233.2	1.7783E-17
1233.25	1.7895E-17
1233.3	1.7855E-17
1233.35	1.7814E-17
1233.4	1.778E-17
1233.45	1.7824E-17
1233.5	1.7779E-17
1233.55	1.7758E-17
1233.6	1.7794E-17
1233.65	1.7772E-17
1233.7	1.7801E-17
1233.75	1.7764E-17
1233.8	1.7787E-17
1233.85	1.779E-17
1233.9	1.7786E-17
1233.95	1.7841E-17
1234	1.7846E-17
1234.05	1.7846E-17
1234.1	1.7851E-17
1234.15	1.7844E-17
1234.2	1.7906E-17
1234.25	1.7932E-17
1234.3	1.7917E-17
1234.35	1.7924E-17
1234.4	1.7978E-17
1234.45	1.7931E-17
1234.5	1.788E-17
1234.55	1.7901E-17
1234.6	1.7885E-17
1234.65	1.7871E-17
1234.7	1.7847E-17
1234.75	1.7852E-17
1234.8	1.7851E-17
1234.85	1.783E-17
1234.9	1.7879E-17
1234.95	1.7866E-17
1235	1.7937E-17
1235.05	1.7918E-17
1235.1	1.7893E-17
1235.15	1.7949E-17
1235.2	1.7958E-17
1235.25	1.7978E-17
1235.3	1.7981E-17
1235.35	1.8055E-17
1235.4	1.7997E-17
1235.45	1.7941E-17
1235.5	1.7934E-17
1235.55	1.7962E-17
1235.6	1.7972E-17
1235.65	1.7913E-17
1235.7	1.7901E-17
1235.75	1.7932E-17
1235.8	1.7927E-17
1235.85	1.7958E-17
1235.9	1.799E-17
1235.95	1.7976E-17
1236	1.7921E-17
1236.05	1.7925E-17
1236.1	1.7902E-17
1236.15	1.7833E-17
1236.2	1.787E-17
1236.25	1.7911E-17
1236.3	1.7916E-17
1236.35	1.7863E-17
1236.4	1.7916E-17
1236.45	1.7911E-17
1236.5	1.7914E-17
1236.55	1.7945E-17
1236.6	1.7978E-17
1236.65	1.7933E-17
1236.7	1.7954E-17
1236.75	1.7958E-17
1236.8	1.7997E-17
1236.85	1.7998E-17
1236.9	1.8021E-17
1236.95	1.8012E-17
1237	1.7996E-17
1237.05	1.7974E-17
1237.1	1.7959E-17
1237.15	1.8007E-17
1237.2	1.801E-17
1237.25	1.7994E-17
1237.3	1.8028E-17
1237.35	1.8018E-17
1237.4	1.8036E-17
1237.45	1.8012E-17
1237.5	1.8049E-17
1237.55	1.8054E-17
1237.6	1.7962E-17
1237.65	1.8024E-17
1237.7	1.8005E-17
1237.75	1.8009E-17
1237.8	1.8071E-17
1237.85	1.8025E-17
1237.9	1.798E-17
1237.95	1.801E-17
1238	1.8001E-17
1238.05	1.8023E-17
1238.1	1.7994E-17
1238.15	1.8068E-17
1238.2	1.8071E-17
1238.25	1.801E-17
1238.3	1.8012E-17
1238.35	1.8022E-17
1238.4	1.803E-17
1238.45	1.8072E-17
1238.5	1.8055E-17
1238.55	1.8073E-17
1238.6	1.8045E-17
1238.65	1.8035E-17
1238.7	1.8041E-17
1238.75	1.8092E-17
1238.8	1.8067E-17
1238.85	1.8113E-17
1238.9	1.8103E-17
1238.95	1.8063E-17
1239	1.8067E-17
1239.05	1.804E-17
1239.1	1.8034E-17
1239.15	1.8007E-17
1239.2	1.8055E-17
1239.25	1.8058E-17
1239.3	1.8006E-17
1239.35	1.8055E-17
1239.4	1.8041E-17
1239.45	1.8026E-17
1239.5	1.7983E-17
1239.55	1.8014E-17
1239.6	1.8008E-17
1239.65	1.8026E-17
1239.7	1.8064E-17
1239.75	1.8117E-17
1239.8	1.8118E-17
1239.85	1.8108E-17
1239.9	1.808E-17
1239.95	1.8094E-17
1240	1.8043E-17
1240.05	1.8065E-17
1240.1	1.8034E-17
1240.15	1.801E-17
1240.2	1.8114E-17
1240.25	1.8087E-17
1240.3	1.8053E-17
1240.35	1.8031E-17
1240.4	1.8039E-17
1240.45	1.8072E-17
1240.5	1.8072E-17
1240.55	1.8058E-17
1240.6	1.8041E-17
1240.65	1.8078E-17
1240.7	1.8051E-17
1240.75	1.8014E-17
1240.8	1.809E-17
1240.85	1.808E-17
1240.9	1.8095E-17
1240.95	1.8134E-17
1241	1.8138E-17
1241.05	1.8126E-17
1241.1	1.8179E-17
1241.15	1.8155E-17
1241.2	1.8172E-17
1241.25	1.8159E-17
1241.3	1.8166E-17
1241.35	1.8189E-17
1241.4	1.8208E-17
1241.45	1.8212E-17
1241.5	1.8209E-17
1241.55	1.8178E-17
1241.6	1.8163E-17
1241.65	1.8185E-17
1241.7	1.8177E-17
1241.75	1.8135E-17
1241.8	1.8131E-17
1241.85	1.8135E-17
1241.9	1.8164E-17
1241.95	1.8149E-17
1242	1.813E-17
1242.05	1.8146E-17
1242.1	1.8104E-17
1242.15	1.8106E-17
1242.2	1.8126E-17
1242.25	1.8112E-17
1242.3	1.816E-17
1242.35	1.8148E-17
1242.4	1.8177E-17
1242.45	1.8187E-17
1242.5	1.8184E-17
1242.55	1.8171E-17
1242.6	1.8156E-17
1242.65	1.8132E-17
1242.7	1.8204E-17
1242.75	1.8197E-17
1242.8	1.8177E-17
1242.85	1.8183E-17
1242.9	1.8152E-17
1242.95	1.8189E-17
1243	1.8177E-17
1243.05	1.8165E-17
1243.1	1.818E-17
1243.15	1.8169E-17
1243.2	1.8165E-17
1243.25	1.8183E-17
1243.3	1.8181E-17
1243.35	1.8173E-17
1243.4	1.8184E-17
1243.45	1.8169E-17
1243.5	1.8192E-17
1243.55	1.8222E-17
1243.6	1.8288E-17
1243.65	1.827E-17
1243.7	1.8257E-17
1243.75	1.8251E-17
1243.8	1.8211E-17
1243.85	1.8242E-17
1243.9	1.8267E-17
1243.95	1.8247E-17
1244	1.8328E-17
1244.05	1.8333E-17
1244.1	1.8369E-17
1244.15	1.8358E-17
1244.2	1.8291E-17
1244.25	1.8306E-17
1244.3	1.8282E-17
1244.35	1.8289E-17
1244.4	1.8265E-17
1244.45	1.8242E-17
1244.5	1.8242E-17
1244.55	1.8244E-17
1244.6	1.8257E-17
1244.65	1.8271E-17
1244.7	1.8259E-17
1244.75	1.8272E-17
1244.8	1.828E-17
1244.85	1.8279E-17
1244.9	1.8274E-17
1244.95	1.8287E-17
1245	1.8311E-17
1245.05	1.8291E-17
1245.1	1.828E-17
1245.15	1.833E-17
1245.2	1.8367E-17
1245.25	1.833E-17
1245.3	1.8385E-17
1245.35	1.8389E-17
1245.4	1.8424E-17
1245.45	1.8377E-17
1245.5	1.8378E-17
1245.55	1.8337E-17
1245.6	1.8347E-17
1245.65	1.835E-17
1245.7	1.8347E-17
1245.75	1.8334E-17
1245.8	1.8366E-17
1245.85	1.8357E-17
1245.9	1.8327E-17
1245.95	1.8337E-17
1246	1.8328E-17
1246.05	1.8392E-17
1246.1	1.84E-17
1246.15	1.8445E-17
1246.2	1.8416E-17
1246.25	1.8405E-17
1246.3	1.8419E-17
1246.35	1.8491E-17
1246.4	1.8496E-17
1246.45	1.8452E-17
1246.5	1.839E-17
1246.55	1.8406E-17
1246.6	1.845E-17
1246.65	1.8481E-17
1246.7	1.8572E-17
1246.75	1.8499E-17
1246.8	1.8477E-17
1246.85	1.8511E-17
1246.9	1.8455E-17
1246.95	1.8464E-17
1247	1.843E-17
1247.05	1.8469E-17
1247.1	1.8512E-17
1247.15	1.8469E-17
1247.2	1.8464E-17
1247.25	1.847E-17
1247.3	1.8481E-17
1247.35	1.8486E-17
1247.4	1.8495E-17
1247.45	1.8478E-17
1247.5	1.8445E-17
1247.55	1.8411E-17
1247.6	1.8421E-17
1247.65	1.8385E-17
1247.7	1.8333E-17
1247.75	1.8327E-17
1247.8	1.8287E-17
1247.85	1.835E-17
1247.9	1.8384E-17
1247.95	1.8382E-17
1248	1.8416E-17
1248.05	1.8384E-17
1248.1	1.8458E-17
1248.15	1.8504E-17
1248.2	1.8497E-17
1248.25	1.8541E-17
1248.3	1.8541E-17
1248.35	1.8539E-17
1248.4	1.8527E-17
1248.45	1.8567E-17
1248.5	1.8595E-17
1248.55	1.8584E-17
1248.6	1.8572E-17
1248.65	1.8608E-17
1248.7	1.8544E-17
1248.75	1.8527E-17
1248.8	1.8513E-17
1248.85	1.8475E-17
1248.9	1.8451E-17
1248.95	1.8479E-17
1249	1.8483E-17
1249.05	1.8488E-17
1249.1	1.8529E-17
1249.15	1.8483E-17
1249.2	1.8479E-17
1249.25	1.8472E-17
1249.3	1.8536E-17
1249.35	1.8537E-17
1249.4	1.8518E-17
1249.45	1.8462E-17
1249.5	1.8507E-17
1249.55	1.8537E-17
1249.6	1.8453E-17
1249.65	1.8469E-17
1249.7	1.8477E-17
1249.75	1.8506E-17
1249.8	1.8512E-17
1249.85	1.8465E-17
1249.9	1.8482E-17
1249.95	1.8529E-17
1250	1.8506E-17
1250.05	1.8523E-17
1250.1	1.8527E-17
1250.15	1.8556E-17
1250.2	1.8636E-17
1250.25	1.8625E-17
1250.3	1.8596E-17
1250.35	1.8588E-17
1250.4	1.86E-17
1250.45	1.8594E-17
1250.5	1.8568E-17
1250.55	1.8593E-17
1250.6	1.8628E-17
1250.65	1.8619E-17
1250.7	1.8622E-17
1250.75	1.8623E-17
1250.8	1.8636E-17
1250.85	1.8651E-17
1250.9	1.8651E-17
1250.95	1.8637E-17
1251	1.8632E-17
1251.05	1.8631E-17
1251.1	1.8641E-17
1251.15	1.8652E-17
1251.2	1.8685E-17
1251.25	1.8723E-17
1251.3	1.8732E-17
1251.35	1.8722E-17
1251.4	1.8712E-17
1251.45	1.8722E-17
1251.5	1.8682E-17
1251.55	1.8628E-17
1251.6	1.8669E-17
1251.65	1.8592E-17
1251.7	1.8546E-17
1251.75	1.8559E-17
1251.8	1.8537E-17
1251.85	1.8555E-17
1251.9	1.8557E-17
1251.95	1.8542E-17
1252	1.857E-17
1252.05	1.8616E-17
1252.1	1.8608E-17
1252.15	1.8647E-17
1252.2	1.8628E-17
1252.25	1.8665E-17
1252.3	1.866E-17
1252.35	1.8668E-17
1252.4	1.868E-17
1252.45	1.8648E-17
1252.5	1.8636E-17
1252.55	1.8583E-17
1252.6	1.8586E-17
1252.65	1.865E-17
1252.7	1.8614E-17
1252.75	1.8634E-17
1252.8	1.8614E-17
1252.85	1.8629E-17
1252.9	1.8736E-17
1252.95	1.8722E-17
1253	1.8734E-17
1253.05	1.8717E-17
1253.1	1.8722E-17
1253.15	1.8738E-17
1253.2	1.8681E-17
1253.25	1.8662E-17
1253.3	1.8659E-17
1253.35	1.8652E-17
1253.4	1.8622E-17
1253.45	1.8568E-17
1253.5	1.8649E-17
1253.55	1.864E-17
1253.6	1.8629E-17
1253.65	1.8666E-17
1253.7	1.8662E-17
1253.75	1.8641E-17
1253.8	1.8606E-17
1253.85	1.8579E-17
1253.9	1.8659E-17
1253.95	1.8613E-17
1254	1.8578E-17
1254.05	1.8614E-17
1254.1	1.8664E-17
1254.15	1.8627E-17
1254.2	1.8661E-17
1254.25	1.865E-17
1254.3	1.8695E-17
1254.35	1.8649E-17
1254.4	1.864E-17
1254.45	1.8674E-17
1254.5	1.8618E-17
1254.55	1.8654E-17
1254.6	1.8631E-17
1254.65	1.8658E-17
1254.7	1.8639E-17
1254.75	1.8638E-17
1254.8	1.8692E-17
1254.85	1.8673E-17
1254.9	1.8688E-17
1254.95	1.8738E-17
1255	1.8748E-17
1255.05	1.8781E-17
1255.1	1.8775E-17
1255.15	1.8781E-17
1255.2	1.8802E-17
1255.25	1.8779E-17
1255.3	1.8815E-17
1255.35	1.8861E-17
1255.4	1.8826E-17
1255.45	1.884E-17
1255.5	1.8848E-17
1255.55	1.8846E-17
1255.6	1.8867E-17
1255.65	1.8851E-17
1255.7	1.8876E-17
1255.75	1.8923E-17
1255.8	1.8901E-17
1255.85	1.8882E-17
1255.9	1.8817E-17
1255.95	1.8861E-17
1256	1.8845E-17
1256.05	1.8805E-17
1256.1	1.8787E-17
1256.15	1.8799E-17
1256.2	1.8766E-17
1256.25	1.8817E-17
1256.3	1.882E-17
1256.35	1.8864E-17
1256.4	1.888E-17
1256.45	1.8839E-17
1256.5	1.8878E-17
1256.55	1.8847E-17
1256.6	1.8814E-17
1256.65	1.8899E-17
1256.7	1.8894E-17
1256.75	1.8942E-17
1256.8	1.894E-17
1256.85	1.8884E-17
1256.9	1.8907E-17
1256.95	1.8865E-17
1257	1.8851E-17
1257.05	1.8885E-17
1257.1	1.8928E-17
1257.15	1.8932E-17
1257.2	1.8903E-17
1257.25	1.8887E-17
1257.3	1.8867E-17
1257.35	1.881E-17
1257.4	1.8817E-17
1257.45	1.8866E-17
1257.5	1.8844E-17
1257.55	1.8843E-17
1257.6	1.8821E-17
1257.65	1.893E-17
1257.7	1.8906E-17
1257.75	1.8883E-17
1257.8	1.8964E-17
1257.85	1.893E-17
1257.9	1.8898E-17
1257.95	1.8898E-17
1258	1.8914E-17
1258.05	1.8958E-17
1258.1	1.8945E-17
1258.15	1.8953E-17
1258.2	1.8947E-17
1258.25	1.8912E-17
1258.3	1.893E-17
1258.35	1.8913E-17
1258.4	1.8858E-17
1258.45	1.8894E-17
1258.5	1.8848E-17
1258.55	1.8849E-17
1258.6	1.8865E-17
1258.65	1.8855E-17
1258.7	1.8874E-17
1258.75	1.8847E-17
1258.8	1.8817E-17
1258.85	1.8851E-17
1258.9	1.8815E-17
1258.95	1.8861E-17
1259	1.8866E-17
1259.05	1.8828E-17
1259.1	1.8865E-17
1259.15	1.8846E-17
1259.2	1.8909E-17
1259.25	1.8857E-17
1259.3	1.8898E-17
1259.35	1.8885E-17
1259.4	1.8862E-17
1259.45	1.8865E-17
1259.5	1.8898E-17
1259.55	1.8887E-17
1259.6	1.893E-17
1259.65	1.8907E-17
1259.7	1.8891E-17
1259.75	1.8962E-17
1259.8	1.8938E-17
1259.85	1.8964E-17
1259.9	1.901E-17
1259.95	1.8969E-17
1260	1.9005E-17
1260.05	1.8967E-17
1260.1	1.9028E-17
1260.15	1.9031E-17
1260.2	1.8996E-17
1260.25	1.9008E-17
1260.3	1.9008E-17
1260.35	1.9056E-17
1260.4	1.8993E-17
1260.45	1.8949E-17
1260.5	1.8963E-17
1260.55	1.8994E-17
1260.6	1.8986E-17
1260.65	1.9025E-17
1260.7	1.903E-17
1260.75	1.9062E-17
1260.8	1.9021E-17
1260.85	1.8952E-17
1260.9	1.9017E-17
1260.95	1.9005E-17
1261	1.8967E-17
1261.05	1.9013E-17
1261.1	1.8968E-17
1261.15	1.9029E-17
1261.2	1.8949E-17
1261.25	1.9009E-17
1261.3	1.8961E-17
1261.35	1.894E-17
1261.4	1.9006E-17
1261.45	1.8998E-17
1261.5	1.899E-17
1261.55	1.895E-17
1261.6	1.8904E-17
1261.65	1.8932E-17
1261.7	1.8888E-17
1261.75	1.8888E-17
1261.8	1.892E-17
1261.85	1.8939E-17
1261.9	1.8956E-17
1261.95	1.9025E-17
1262	1.9038E-17
1262.05	1.9028E-17
1262.1	1.8989E-17
1262.15	1.8952E-17
1262.2	1.8989E-17
1262.25	1.8981E-17
1262.3	1.9023E-17
1262.35	1.9042E-17
1262.4	1.9051E-17
1262.45	1.907E-17
1262.5	1.9017E-17
1262.55	1.9039E-17
1262.6	1.9012E-17
1262.65	1.9045E-17
1262.7	1.9032E-17
1262.75	1.8971E-17
1262.8	1.8996E-17
1262.85	1.9026E-17
1262.9	1.8965E-17
1262.95	1.9027E-17
1263	1.8995E-17
1263.05	1.9013E-17
1263.1	1.9048E-17
1263.15	1.9049E-17
1263.2	1.9046E-17
1263.25	1.9042E-17
1263.3	1.9019E-17
1263.35	1.9029E-17
1263.4	1.8993E-17
1263.45	1.9012E-17
1263.5	1.9045E-17
1263.55	1.8977E-17
1263.6	1.9008E-17
1263.65	1.8964E-17
1263.7	1.8999E-17
1263.75	1.8959E-17
1263.8	1.8944E-17
1263.85	1.9013E-17
1263.9	1.8979E-17
1263.95	1.9003E-17
1264	1.8964E-17
1264.05	1.8974E-17
1264.1	1.9011E-17
1264.15	1.9014E-17
1264.2	1.9016E-17
1264.25	1.9001E-17
1264.3	1.8984E-17
1264.35	1.8995E-17
1264.4	1.9038E-17
1264.45	1.9018E-17
1264.5	1.9059E-17
1264.55	1.9076E-17
1264.6	1.9084E-17
1264.65	1.9094E-17
1264.7	1.9106E-17
1264.75	1.9106E-17
1264.8	1.9047E-17
1264.85	1.9057E-17
1264.9	1.9088E-17
1264.95	1.906E-17
1265	1.9032E-17
1265.05	1.9053E-17
1265.1	1.9032E-17
1265.15	1.9036E-17
1265.2	1.8979E-17
1265.25	1.8995E-17
1265.3	1.902E-17
1265.35	1.9047E-17
1265.4	1.9053E-17
1265.45	1.9103E-17
1265.5	1.9062E-17
1265.55	1.9049E-17
1265.6	1.9044E-17
1265.65	1.9031E-17
1265.7	1.8978E-17
1265.75	1.8946E-17
1265.8	1.8969E-17
1265.85	1.8896E-17
1265.9	1.8879E-17
1265.95	1.8911E-17
1266	1.891E-17
1266.05	1.8932E-17
1266.1	1.8932E-17
1266.15	1.8921E-17
1266.2	1.8931E-17
1266.25	1.8951E-17
1266.3	1.8998E-17
1266.35	1.8952E-17
1266.4	1.8897E-17
1266.45	1.8914E-17
1266.5	1.8899E-17
1266.55	1.8908E-17
1266.6	1.8913E-17
1266.65	1.8853E-17
1266.7	1.8907E-17
1266.75	1.8895E-17
1266.8	1.8939E-17
1266.85	1.8951E-17
1266.9	1.8977E-17
1266.95	1.9001E-17
1267	1.8984E-17
1267.05	1.8976E-17
1267.1	1.8971E-17
1267.15	1.8968E-17
1267.2	1.9056E-17
1267.25	1.901E-17
1267.3	1.8985E-17
1267.35	1.8986E-17
1267.4	1.8983E-17
1267.45	1.8978E-17
1267.5	1.8983E-17
1267.55	1.8998E-17
1267.6	1.9042E-17
1267.65	1.9005E-17
1267.7	1.899E-17
1267.75	1.9006E-17
1267.8	1.8989E-17
1267.85	1.8969E-17
1267.9	1.899E-17
1267.95	1.8964E-17
1268	1.8997E-17
1268.05	1.9029E-17
1268.1	1.8996E-17
1268.15	1.8995E-17
1268.2	1.8968E-17
1268.25	1.9012E-17
1268.3	1.8958E-17
1268.35	1.8947E-17
1268.4	1.8934E-17
1268.45	1.8959E-17
1268.5	1.8962E-17
1268.55	1.8961E-17
1268.6	1.8905E-17
1268.65	1.8892E-17
1268.7	1.8848E-17
1268.75	1.8878E-17
1268.8	1.8879E-17
1268.85	1.8897E-17
1268.9	1.8896E-17
1268.95	1.8895E-17
1269	1.8928E-17
1269.05	1.8953E-17
1269.1	1.9022E-17
1269.15	1.9025E-17
1269.2	1.9E-17
1269.25	1.9006E-17
1269.3	1.8965E-17
1269.35	1.8877E-17
1269.4	1.8914E-17
1269.45	1.8982E-17
1269.5	1.8933E-17
1269.55	1.8965E-17
1269.6	1.8985E-17
1269.65	1.8996E-17
1269.7	1.8947E-17
1269.75	1.8946E-17
1269.8	1.9008E-17
1269.85	1.9E-17
1269.9	1.8945E-17
1269.95	1.8953E-17
1270	1.8978E-17
1270.05	1.9042E-17
1270.1	1.8997E-17
1270.15	1.8966E-17
1270.2	1.9024E-17
1270.25	1.9037E-17
1270.3	1.9083E-17
1270.35	1.9075E-17
1270.4	1.9068E-17
1270.45	1.906E-17
1270.5	1.9014E-17
1270.55	1.9048E-17
1270.6	1.9043E-17
1270.65	1.902E-17
1270.7	1.9061E-17
1270.75	1.9057E-17
1270.8	1.9028E-17
1270.85	1.9058E-17
1270.9	1.911E-17
1270.95	1.9101E-17
1271	1.9061E-17
1271.05	1.9061E-17
1271.1	1.9101E-17
1271.15	1.9104E-17
1271.2	1.9107E-17
1271.25	1.9121E-17
1271.3	1.9141E-17
1271.35	1.9161E-17
1271.4	1.9111E-17
1271.45	1.9108E-17
1271.5	1.9091E-17
1271.55	1.905E-17
1271.6	1.9051E-17
1271.65	1.9062E-17
1271.7	1.9039E-17
1271.75	1.8997E-17
1271.8	1.8955E-17
1271.85	1.8996E-17
1271.9	1.8984E-17
1271.95	1.8942E-17
1272	1.8924E-17
1272.05	1.8892E-17
1272.1	1.8926E-17
1272.15	1.8952E-17
1272.2	1.8967E-17
1272.25	1.9023E-17
1272.3	1.9026E-17
1272.35	1.9011E-17
1272.4	1.9052E-17
1272.45	1.9017E-17
1272.5	1.9067E-17
1272.55	1.9024E-17
1272.6	1.9037E-17
1272.65	1.8995E-17
1272.7	1.8993E-17
1272.75	1.8964E-17
1272.8	1.8967E-17
1272.85	1.8963E-17
1272.9	1.8948E-17
1272.95	1.8975E-17
1273	1.9002E-17
1273.05	1.9003E-17
1273.1	1.8982E-17
1273.15	1.8999E-17
1273.2	1.9011E-17
1273.25	1.8999E-17
1273.3	1.9018E-17
1273.35	1.9012E-17
1273.4	1.9004E-17
1273.45	1.9034E-17
1273.5	1.9023E-17
1273.55	1.9055E-17
1273.6	1.9024E-17
1273.65	1.9086E-17
1273.7	1.9093E-17
1273.75	1.9092E-17
1273.8	1.9076E-17
1273.85	1.9029E-17
1273.9	1.9014E-17
1273.95	1.9041E-17
1274	1.9018E-17
1274.05	1.8973E-17
1274.1	1.8982E-17
1274.15	1.8981E-17
1274.2	1.899E-17
1274.25	1.8995E-17
1274.3	1.9034E-17
1274.35	1.8978E-17
1274.4	1.8939E-17
1274.45	1.892E-17
1274.5	1.8925E-17
1274.55	1.8914E-17
1274.6	1.8925E-17
1274.65	1.8912E-17
1274.7	1.8988E-17
1274.75	1.9006E-17
1274.8	1.9018E-17
1274.85	1.9024E-17
1274.9	1.9014E-17
1274.95	1.9E-17
1275	1.8985E-17
1275.05	1.899E-17
1275.1	1.892E-17
1275.15	1.8945E-17
1275.2	1.899E-17
1275.25	1.9011E-17
1275.3	1.8926E-17
1275.35	1.8979E-17
1275.4	1.8955E-17
1275.45	1.8937E-17
1275.5	1.8971E-17
1275.55	1.8883E-17
1275.6	1.8904E-17
1275.65	1.8907E-17
1275.7	1.8869E-17
1275.75	1.8877E-17
1275.8	1.8859E-17
1275.85	1.8862E-17
1275.9	1.8839E-17
1275.95	1.8842E-17
1276	1.8892E-17
1276.05	1.8853E-17
1276.1	1.8895E-17
1276.15	1.8958E-17
1276.2	1.8938E-17
1276.25	1.895E-17
1276.3	1.8928E-17
1276.35	1.8947E-17
1276.4	1.8973E-17
1276.45	1.8982E-17
1276.5	1.8942E-17
1276.55	1.8949E-17
1276.6	1.8913E-17
1276.65	1.8872E-17
1276.7	1.8883E-17
1276.75	1.8918E-17
1276.8	1.886E-17
1276.85	1.8862E-17
1276.9	1.8882E-17
1276.95	1.8879E-17
1277	1.8918E-17
1277.05	1.8906E-17
1277.1	1.8874E-17
1277.15	1.8894E-17
1277.2	1.8907E-17
1277.25	1.8878E-17
1277.3	1.8897E-17
1277.35	1.8899E-17
1277.4	1.8898E-17
1277.45	1.8924E-17
1277.5	1.8935E-17
1277.55	1.8944E-17
1277.6	1.8913E-17
1277.65	1.8932E-17
1277.7	1.8934E-17
1277.75	1.8917E-17
1277.8	1.8892E-17
1277.85	1.8916E-17
1277.9	1.8938E-17
1277.95	1.8929E-17
1278	1.8899E-17
1278.05	1.8905E-17
1278.1	1.8949E-17
1278.15	1.8925E-17
1278.2	1.8899E-17
1278.25	1.8885E-17
1278.3	1.8886E-17
1278.35	1.8827E-17
1278.4	1.8877E-17
1278.45	1.8847E-17
1278.5	1.8806E-17
1278.55	1.8776E-17
1278.6	1.8791E-17
1278.65	1.8756E-17
1278.7	1.8754E-17
1278.75	1.8755E-17
1278.8	1.8798E-17
1278.85	1.8781E-17
1278.9	1.8788E-17
1278.95	1.8827E-17
1279	1.8851E-17
1279.05	1.8809E-17
1279.1	1.882E-17
1279.15	1.8861E-17
1279.2	1.8804E-17
1279.25	1.8807E-17
1279.3	1.879E-17
1279.35	1.8802E-17
1279.4	1.879E-17
1279.45	1.8775E-17
1279.5	1.874E-17
1279.55	1.8752E-17
1279.6	1.8764E-17
1279.65	1.8793E-17
1279.7	1.882E-17
1279.75	1.883E-17
1279.8	1.8833E-17
1279.85	1.8858E-17
1279.9	1.8815E-17
1279.95	1.88E-17
1280	1.8769E-17
1280.05	1.8714E-17
1280.1	1.871E-17
1280.15	1.877E-17
1280.2	1.872E-17
1280.25	1.8734E-17
1280.3	1.8771E-17
1280.35	1.8706E-17
1280.4	1.8657E-17
1280.45	1.8681E-17
1280.5	1.8689E-17
1280.55	1.8687E-17
1280.6	1.8661E-17
1280.65	1.8674E-17
1280.7	1.8746E-17
1280.75	1.8682E-17
1280.8	1.8673E-17
1280.85	1.869E-17
1280.9	1.8684E-17
1280.95	1.8708E-17
1281	1.8679E-17
1281.05	1.8735E-17
1281.1	1.8712E-17
1281.15	1.871E-17
1281.2	1.869E-17
1281.25	1.8707E-17
1281.3	1.8685E-17
1281.35	1.8654E-17
1281.4	1.8664E-17
1281.45	1.8639E-17
1281.5	1.8647E-17
1281.55	1.865E-17
1281.6	1.8637E-17
1281.65	1.8667E-17
1281.7	1.8714E-17
1281.75	1.8723E-17
1281.8	1.8727E-17
1281.85	1.8717E-17
1281.9	1.8709E-17
1281.95	1.8675E-17
1282	1.863E-17
1282.05	1.8631E-17
1282.1	1.8648E-17
1282.15	1.8683E-17
1282.2	1.8719E-17
1282.25	1.8709E-17
1282.3	1.8694E-17
1282.35	1.8645E-17
1282.4	1.8627E-17
1282.45	1.8652E-17
1282.5	1.8646E-17
1282.55	1.8635E-17
1282.6	1.8686E-17
1282.65	1.8647E-17
1282.7	1.8642E-17
1282.75	1.8612E-17
1282.8	1.8608E-17
1282.85	1.8626E-17
1282.9	1.862E-17
1282.95	1.8611E-17
1283	1.8531E-17
1283.05	1.855E-17
1283.1	1.8586E-17
1283.15	1.8553E-17
1283.2	1.8601E-17
1283.25	1.854E-17
1283.3	1.8539E-17
1283.35	1.8566E-17
1283.4	1.855E-17
1283.45	1.8519E-17
1283.5	1.8527E-17
1283.55	1.8517E-17
1283.6	1.8451E-17
1283.65	1.8435E-17
1283.7	1.8529E-17
1283.75	1.8534E-17
1283.8	1.8513E-17
1283.85	1.8495E-17
1283.9	1.8471E-17
1283.95	1.8495E-17
1284	1.8528E-17
1284.05	1.8517E-17
1284.1	1.8513E-17
1284.15	1.8519E-17
1284.2	1.8519E-17
1284.25	1.8555E-17
1284.3	1.8566E-17
1284.35	1.859E-17
1284.4	1.8626E-17
1284.45	1.858E-17
1284.5	1.8611E-17
1284.55	1.8586E-17
1284.6	1.8574E-17
1284.65	1.858E-17
1284.7	1.8573E-17
1284.75	1.8556E-17
1284.8	1.8513E-17
1284.85	1.8498E-17
1284.9	1.8495E-17
1284.95	1.8442E-17
1285	1.851E-17
1285.05	1.8452E-17
1285.1	1.8411E-17
1285.15	1.8392E-17
1285.2	1.8464E-17
1285.25	1.8464E-17
1285.3	1.8441E-17
1285.35	1.8438E-17
1285.4	1.8473E-17
1285.45	1.8487E-17
1285.5	1.8466E-17
1285.55	1.8515E-17
1285.6	1.8489E-17
1285.65	1.8461E-17
1285.7	1.8445E-17
1285.75	1.8413E-17
1285.8	1.8464E-17
1285.85	1.8433E-17
1285.9	1.8419E-17
1285.95	1.8419E-17
1286	1.8376E-17
1286.05	1.8399E-17
1286.1	1.8406E-17
1286.15	1.8406E-17
1286.2	1.8422E-17
1286.25	1.8425E-17
1286.3	1.8456E-17
1286.35	1.838E-17
1286.4	1.8372E-17
1286.45	1.8402E-17
1286.5	1.8391E-17
1286.55	1.8383E-17
1286.6	1.8409E-17
1286.65	1.8405E-17
1286.7	1.8367E-17
1286.75	1.8367E-17
1286.8	1.837E-17
1286.85	1.8368E-17
1286.9	1.8341E-17
1286.95	1.8295E-17
1287	1.8345E-17
1287.05	1.833E-17
1287.1	1.8416E-17
1287.15	1.8411E-17
1287.2	1.8375E-17
1287.25	1.8397E-17
1287.3	1.8402E-17
1287.35	1.8414E-17
1287.4	1.8362E-17
1287.45	1.8362E-17
1287.5	1.835E-17
1287.55	1.8374E-17
1287.6	1.8318E-17
1287.65	1.8322E-17
1287.7	1.8361E-17
1287.75	1.834E-17
1287.8	1.8301E-17
1287.85	1.8314E-17
1287.9	1.8335E-17
1287.95	1.8337E-17
1288	1.8322E-17
1288.05	1.8314E-17
1288.1	1.833E-17
1288.15	1.8342E-17
1288.2	1.8374E-17
1288.25	1.8355E-17
1288.3	1.8311E-17
1288.35	1.8319E-17
1288.4	1.8301E-17
1288.45	1.83E-17
1288.5	1.8359E-17
1288.55	1.8371E-17
1288.6	1.8312E-17
1288.65	1.8283E-17
1288.7	1.8281E-17
1288.75	1.8329E-17
1288.8	1.8319E-17
1288.85	1.8319E-17
1288.9	1.8297E-17
1288.95	1.8304E-17
1289	1.8285E-17
1289.05	1.8299E-17
1289.1	1.8309E-17
1289.15	1.8297E-17
1289.2	1.8261E-17
1289.25	1.8244E-17
1289.3	1.8261E-17
1289.35	1.8259E-17
1289.4	1.8249E-17
1289.45	1.8219E-17
1289.5	1.8223E-17
1289.55	1.8257E-17
1289.6	1.8253E-17
1289.65	1.8247E-17
1289.7	1.8249E-17
1289.75	1.8278E-17
1289.8	1.826E-17
1289.85	1.8236E-17
1289.9	1.8235E-17
1289.95	1.8218E-17
1290	1.8222E-17
1290.05	1.8248E-17
1290.1	1.8233E-17
1290.15	1.8232E-17
1290.2	1.8235E-17
1290.25	1.8191E-17
1290.3	1.8175E-17
1290.35	1.8195E-17
1290.4	1.8178E-17
1290.45	1.8206E-17
1290.5	1.8213E-17
1290.55	1.8214E-17
1290.6	1.8229E-17
1290.65	1.8241E-17
1290.7	1.82E-17
1290.75	1.8171E-17
1290.8	1.8172E-17
1290.85	1.8173E-17
1290.9	1.8104E-17
1290.95	1.8119E-17
1291	1.8124E-17
1291.05	1.8102E-17
1291.1	1.8118E-17
1291.15	1.8126E-17
1291.2	1.8113E-17
1291.25	1.808E-17
1291.3	1.8047E-17
1291.35	1.81E-17
1291.4	1.8121E-17
1291.45	1.8069E-17
1291.5	1.806E-17
1291.55	1.8023E-17
1291.6	1.8039E-17
1291.65	1.7972E-17
1291.7	1.7944E-17
1291.75	1.7961E-17
1291.8	1.7956E-17
1291.85	1.8009E-17
1291.9	1.7995E-17
1291.95	1.7997E-17
1292	1.7993E-17
1292.05	1.7971E-17
1292.1	1.7969E-17
1292.15	1.7942E-17
1292.2	1.7919E-17
1292.25	1.7933E-17
1292.3	1.7874E-17
1292.35	1.7894E-17
1292.4	1.7929E-17
1292.45	1.7947E-17
1292.5	1.7949E-17
1292.55	1.7973E-17
1292.6	1.7888E-17
1292.65	1.7883E-17
1292.7	1.7956E-17
1292.75	1.8013E-17
1292.8	1.7966E-17
1292.85	1.7941E-17
1292.9	1.7968E-17
1292.95	1.7918E-17
1293	1.7886E-17
1293.05	1.7862E-17
1293.1	1.7847E-17
1293.15	1.7841E-17
1293.2	1.7809E-17
1293.25	1.7811E-17
1293.3	1.782E-17
1293.35	1.7809E-17
1293.4	1.7786E-17
1293.45	1.7805E-17
1293.5	1.7785E-17
1293.55	1.7803E-17
1293.6	1.7793E-17
1293.65	1.7795E-17
1293.7	1.777E-17
1293.75	1.777E-17
1293.8	1.7706E-17
1293.85	1.7682E-17
1293.9	1.7723E-17
1293.95	1.7719E-17
1294	1.771E-17
1294.05	1.7737E-17
1294.1	1.7729E-17
1294.15	1.7776E-17
1294.2	1.7772E-17
1294.25	1.7717E-17
1294.3	1.7751E-17
1294.35	1.7781E-17
1294.4	1.7772E-17
1294.45	1.7763E-17
1294.5	1.7743E-17
1294.55	1.7747E-17
1294.6	1.7735E-17
1294.65	1.7722E-17
1294.7	1.7713E-17
1294.75	1.7737E-17
1294.8	1.7692E-17
1294.85	1.7719E-17
1294.9	1.7732E-17
1294.95	1.7692E-17
1295	1.7698E-17
1295.05	1.7689E-17
1295.1	1.7706E-17
1295.15	1.7671E-17
1295.2	1.7659E-17
1295.25	1.7668E-17
1295.3	1.7675E-17
1295.35	1.7663E-17
1295.4	1.7605E-17
1295.45	1.761E-17
1295.5	1.7598E-17
1295.55	1.7623E-17
1295.6	1.7609E-17
1295.65	1.761E-17
1295.7	1.7604E-17
1295.75	1.7637E-17
1295.8	1.7596E-17
1295.85	1.759E-17
1295.9	1.7577E-17
1295.95	1.7594E-17
1296	1.7591E-17
1296.05	1.7584E-17
1296.1	1.7603E-17
1296.15	1.7592E-17
1296.2	1.7586E-17
1296.25	1.7624E-17
1296.3	1.76E-17
1296.35	1.7561E-17
1296.4	1.7565E-17
1296.45	1.7566E-17
1296.5	1.756E-17
1296.55	1.7505E-17
1296.6	1.753E-17
1296.65	1.7508E-17
1296.7	1.7488E-17
1296.75	1.7479E-17
1296.8	1.7479E-17
1296.85	1.7484E-17
1296.9	1.7468E-17
1296.95	1.7465E-17
1297	1.7455E-17
1297.05	1.7454E-17
1297.1	1.7398E-17
1297.15	1.7373E-17
1297.2	1.7432E-17
1297.25	1.7485E-17
1297.3	1.747E-17
1297.35	1.7471E-17
1297.4	1.748E-17
1297.45	1.748E-17
1297.5	1.745E-17
1297.55	1.741E-17
1297.6	1.7418E-17
1297.65	1.7479E-17
1297.7	1.7469E-17
1297.75	1.7434E-17
1297.8	1.7401E-17
1297.85	1.7395E-17
1297.9	1.7406E-17
1297.95	1.7433E-17
1298	1.7388E-17
1298.05	1.7388E-17
1298.1	1.735E-17
1298.15	1.738E-17
1298.2	1.7387E-17
1298.25	1.7391E-17
1298.3	1.7349E-17
1298.35	1.7299E-17
1298.4	1.7323E-17
1298.45	1.7316E-17
1298.5	1.7288E-17
1298.55	1.7304E-17
1298.6	1.727E-17
1298.65	1.7256E-17
1298.7	1.7213E-17
1298.75	1.715E-17
1298.8	1.7176E-17
1298.85	1.72E-17
1298.9	1.724E-17
1298.95	1.7245E-17
1299	1.725E-17
1299.05	1.7305E-17
1299.1	1.7284E-17
1299.15	1.7254E-17
1299.2	1.7247E-17
1299.25	1.7254E-17
1299.3	1.7236E-17
1299.35	1.7228E-17
1299.4	1.7243E-17
1299.45	1.7183E-17
1299.5	1.7168E-17
1299.55	1.7119E-17
1299.6	1.7131E-17
1299.65	1.712E-17
1299.7	1.7073E-17
1299.75	1.7086E-17
1299.8	1.7078E-17
1299.85	1.7063E-17
1299.9	1.7055E-17
1299.95	1.7014E-17
1300	1.6988E-17
1300.05	1.6994E-17
1300.1	1.7008E-17
1300.15	1.7006E-17
1300.2	1.6978E-17
1300.25	1.7014E-17
1300.3	1.7045E-17
1300.35	1.7025E-17
1300.4	1.7047E-17
1300.45	1.6989E-17
1300.5	1.703E-17
1300.55	1.7006E-17
1300.6	1.6973E-17
1300.65	1.7002E-17
1300.7	1.6977E-17
1300.75	1.6971E-17
1300.8	1.6958E-17
1300.85	1.6942E-17
1300.9	1.6901E-17
1300.95	1.6904E-17
1301	1.6902E-17
1301.05	1.6887E-17
1301.1	1.6925E-17
1301.15	1.697E-17
1301.2	1.6966E-17
1301.25	1.6958E-17
1301.3	1.6942E-17
1301.35	1.6914E-17
1301.4	1.6937E-17
1301.45	1.6935E-17
1301.5	1.6908E-17
1301.55	1.69E-17
1301.6	1.6886E-17
1301.65	1.6896E-17
1301.7	1.6932E-17
1301.75	1.69E-17
1301.8	1.689E-17
1301.85	1.687E-17
1301.9	1.6875E-17
1301.95	1.6842E-17
1302	1.6825E-17
1302.05	1.6881E-17
1302.1	1.6831E-17
1302.15	1.6836E-17
1302.2	1.6846E-17
1302.25	1.6831E-17
1302.3	1.6848E-17
1302.35	1.6868E-17
1302.4	1.6905E-17
1302.45	1.6875E-17
1302.5	1.6879E-17
1302.55	1.6821E-17
1302.6	1.677E-17
1302.65	1.6754E-17
1302.7	1.6761E-17
1302.75	1.6787E-17
1302.8	1.6751E-17
1302.85	1.6745E-17
1302.9	1.672E-17
1302.95	1.6685E-17
1303	1.6626E-17
1303.05	1.6589E-17
1303.1	1.659E-17
1303.15	1.6589E-17
1303.2	1.6641E-17
1303.25	1.6642E-17
1303.3	1.6606E-17
1303.35	1.6643E-17
1303.4	1.6623E-17
1303.45	1.6663E-17
1303.5	1.6631E-17
1303.55	1.6584E-17
1303.6	1.6585E-17
1303.65	1.6604E-17
1303.7	1.6578E-17
1303.75	1.6592E-17
1303.8	1.6556E-17
1303.85	1.6549E-17
1303.9	1.6553E-17
1303.95	1.6543E-17
1304	1.6519E-17
1304.05	1.6507E-17
1304.1	1.6548E-17
1304.15	1.651E-17
1304.2	1.6468E-17
1304.25	1.6471E-17
1304.3	1.6458E-17
1304.35	1.645E-17
1304.4	1.6422E-17
1304.45	1.6393E-17
1304.5	1.639E-17
1304.55	1.634E-17
1304.6	1.6312E-17
1304.65	1.6356E-17
1304.7	1.6369E-17
1304.75	1.6357E-17
1304.8	1.6347E-17
1304.85	1.6364E-17
1304.9	1.6377E-17
1304.95	1.6328E-17
1305	1.6349E-17
1305.05	1.6342E-17
1305.1	1.6311E-17
1305.15	1.6377E-17
1305.2	1.6352E-17
1305.25	1.6358E-17
1305.3	1.6362E-17
1305.35	1.6356E-17
1305.4	1.634E-17
1305.45	1.6279E-17
1305.5	1.624E-17
1305.55	1.6236E-17
1305.6	1.6215E-17
1305.65	1.6209E-17
1305.7	1.6185E-17
1305.75	1.6217E-17
1305.8	1.6176E-17
1305.85	1.6159E-17
1305.9	1.611E-17
1305.95	1.6129E-17
1306	1.6084E-17
1306.05	1.6085E-17
1306.1	1.6143E-17
1306.15	1.6108E-17
1306.2	1.6136E-17
1306.25	1.6108E-17
1306.3	1.611E-17
1306.35	1.6118E-17
1306.4	1.6158E-17
1306.45	1.6126E-17
1306.5	1.61E-17
1306.55	1.6158E-17
1306.6	1.6137E-17
1306.65	1.6118E-17
1306.7	1.6124E-17
1306.75	1.6108E-17
1306.8	1.6119E-17
1306.85	1.6101E-17
1306.9	1.6072E-17
1306.95	1.6102E-17
1307	1.6119E-17
1307.05	1.6102E-17
1307.1	1.6095E-17
1307.15	1.6117E-17
1307.2	1.6116E-17
1307.25	1.6119E-17
1307.3	1.6115E-17
1307.35	1.6111E-17
1307.4	1.6101E-17
1307.45	1.6075E-17
1307.5	1.608E-17
1307.55	1.6067E-17
1307.6	1.6049E-17
1307.65	1.6014E-17
1307.7	1.5974E-17
1307.75	1.5964E-17
1307.8	1.596E-17
1307.85	1.5966E-17
1307.9	1.5968E-17
1307.95	1.5942E-17
1308	1.5945E-17
1308.05	1.5927E-17
1308.1	1.5949E-17
1308.15	1.5926E-17
1308.2	1.5914E-17
1308.25	1.5899E-17
1308.3	1.5897E-17
1308.35	1.5899E-17
1308.4	1.5908E-17
1308.45	1.5883E-17
1308.5	1.5916E-17
1308.55	1.5884E-17
1308.6	1.5832E-17
1308.65	1.5826E-17
1308.7	1.5836E-17
1308.75	1.584E-17
1308.8	1.5836E-17
1308.85	1.5858E-17
1308.9	1.5853E-17
1308.95	1.5799E-17
1309	1.581E-17
1309.05	1.5783E-17
1309.1	1.5794E-17
1309.15	1.5773E-17
1309.2	1.5772E-17
1309.25	1.5761E-17
1309.3	1.5781E-17
1309.35	1.5727E-17
1309.4	1.5738E-17
1309.45	1.5719E-17
1309.5	1.5686E-17
1309.55	1.5708E-17
1309.6	1.5674E-17
1309.65	1.5682E-17
1309.7	1.5664E-17
1309.75	1.5661E-17
1309.8	1.5654E-17
1309.85	1.5652E-17
1309.9	1.5699E-17
1309.95	1.5723E-17
1310	1.5722E-17
1310.05	1.573E-17
1310.1	1.5693E-17
1310.15	1.5709E-17
1310.2	1.5704E-17
1310.25	1.5712E-17
1310.3	1.569E-17
1310.35	1.5655E-17
1310.4	1.5614E-17
1310.45	1.5662E-17
1310.5	1.5655E-17
1310.55	1.5604E-17
1310.6	1.5606E-17
1310.65	1.5571E-17
1310.7	1.5577E-17
1310.75	1.5556E-17
1310.8	1.5552E-17
1310.85	1.5558E-17
1310.9	1.5543E-17
1310.95	1.5554E-17
1311	1.5546E-17
1311.05	1.5524E-17
1311.1	1.5545E-17
1311.15	1.5495E-17
1311.2	1.5503E-17
1311.25	1.5475E-17
1311.3	1.5489E-17
1311.35	1.5496E-17
1311.4	1.5416E-17
1311.45	1.5409E-17
1311.5	1.5387E-17
1311.55	1.5346E-17
1311.6	1.5367E-17
1311.65	1.5356E-17
1311.7	1.5308E-17
1311.75	1.5289E-17
1311.8	1.5249E-17
1311.85	1.5263E-17
1311.9	1.5257E-17
1311.95	1.5309E-17
1312	1.5324E-17
1312.05	1.5289E-17
1312.1	1.5237E-17
1312.15	1.5211E-17
1312.2	1.5243E-17
1312.25	1.5235E-17
1312.3	1.5213E-17
1312.35	1.5224E-17
1312.4	1.522E-17
1312.45	1.5185E-17
1312.5	1.52E-17
1312.55	1.5192E-17
1312.6	1.5168E-17
1312.65	1.5179E-17
1312.7	1.5183E-17
1312.75	1.5186E-17
1312.8	1.5173E-17
1312.85	1.5134E-17
1312.9	1.5165E-17
1312.95	1.5132E-17
1313	1.5178E-17
1313.05	1.519E-17
1313.1	1.5137E-17
1313.15	1.5106E-17
1313.2	1.5146E-17
1313.25	1.5168E-17
1313.3	1.5134E-17
1313.35	1.5086E-17
1313.4	1.5089E-17
1313.45	1.5085E-17
1313.5	1.5036E-17
1313.55	1.5031E-17
1313.6	1.5036E-17
1313.65	1.5057E-17
1313.7	1.5054E-17
1313.75	1.5034E-17
1313.8	1.5046E-17
1313.85	1.5008E-17
1313.9	1.4948E-17
1313.95	1.4939E-17
1314	1.4984E-17
1314.05	1.4966E-17
1314.1	1.4944E-17
1314.15	1.4952E-17
1314.2	1.4941E-17
1314.25	1.4965E-17
1314.3	1.4967E-17
1314.35	1.4938E-17
1314.4	1.4928E-17
1314.45	1.4953E-17
1314.5	1.4954E-17
1314.55	1.4954E-17
1314.6	1.4938E-17
1314.65	1.4923E-17
1314.7	1.4917E-17
1314.75	1.4881E-17
1314.8	1.4878E-17
1314.85	1.488E-17
1314.9	1.4855E-17
1314.95	1.4822E-17
1315	1.4816E-17
1315.05	1.4824E-17
1315.1	1.4812E-17
1315.15	1.4774E-17
1315.2	1.475E-17
1315.25	1.4727E-17
1315.3	1.4686E-17
1315.35	1.4723E-17
1315.4	1.4687E-17
1315.45	1.4688E-17
1315.5	1.4689E-17
1315.55	1.4696E-17
1315.6	1.4687E-17
1315.65	1.4696E-17
1315.7	1.4714E-17
1315.75	1.4694E-17
1315.8	1.4652E-17
1315.85	1.4668E-17
1315.9	1.4593E-17
1315.95	1.4573E-17
1316	1.4555E-17
1316.05	1.458E-17
1316.1	1.4546E-17
1316.15	1.4539E-17
1316.2	1.4541E-17
1316.25	1.4536E-17
1316.3	1.4523E-17
1316.35	1.4559E-17
1316.4	1.4572E-17
1316.45	1.4565E-17
1316.5	1.4558E-17
1316.55	1.4585E-17
1316.6	1.4586E-17
1316.65	1.4534E-17
1316.7	1.4497E-17
1316.75	1.4514E-17
1316.8	1.4501E-17
1316.85	1.4463E-17
1316.9	1.4441E-17
1316.95	1.4423E-17
1317	1.4419E-17
1317.05	1.4428E-17
1317.1	1.4396E-17
1317.15	1.4371E-17
1317.2	1.4361E-17
1317.25	1.4364E-17
1317.3	1.4364E-17
1317.35	1.4336E-17
1317.4	1.4322E-17
1317.45	1.4278E-17
1317.5	1.4257E-17
1317.55	1.4277E-17
1317.6	1.427E-17
1317.65	1.4261E-17
1317.7	1.4243E-17
1317.75	1.422E-17
1317.8	1.4225E-17
1317.85	1.4203E-17
1317.9	1.417E-17
1317.95	1.4215E-17
1318	1.4205E-17
1318.05	1.4192E-17
1318.1	1.4189E-17
1318.15	1.4203E-17
1318.2	1.419E-17
1318.25	1.4135E-17
1318.3	1.4085E-17
1318.35	1.4126E-17
1318.4	1.4103E-17
1318.45	1.4084E-17
1318.5	1.4097E-17
1318.55	1.4058E-17
1318.6	1.4065E-17
1318.65	1.4074E-17
1318.7	1.4064E-17
1318.75	1.4035E-17
1318.8	1.4064E-17
1318.85	1.4059E-17
1318.9	1.4034E-17
1318.95	1.4013E-17
1319	1.4016E-17
1319.05	1.4012E-17
1319.1	1.3974E-17
1319.15	1.3987E-17
1319.2	1.3994E-17
1319.25	1.4015E-17
1319.3	1.3996E-17
1319.35	1.3999E-17
1319.4	1.3976E-17
1319.45	1.3926E-17
1319.5	1.3915E-17
1319.55	1.3943E-17
1319.6	1.3923E-17
1319.65	1.3931E-17
1319.7	1.3935E-17
1319.75	1.3888E-17
1319.8	1.387E-17
1319.85	1.3877E-17
1319.9	1.3871E-17
1319.95	1.3858E-17
1320	1.3867E-17
1320.05	1.3824E-17
1320.1	1.3838E-17
1320.15	1.3812E-17
1320.2	1.3787E-17
1320.25	1.3796E-17
1320.3	1.38E-17
1320.35	1.3785E-17
1320.4	1.3782E-17
1320.45	1.3774E-17
1320.5	1.3764E-17
1320.55	1.3756E-17
1320.6	1.3765E-17
1320.65	1.3784E-17
1320.7	1.3723E-17
1320.75	1.372E-17
1320.8	1.3673E-17
1320.85	1.3628E-17
1320.9	1.3618E-17
1320.95	1.3624E-17
1321	1.3603E-17
1321.05	1.3585E-17
1321.1	1.3578E-17
1321.15	1.3579E-17
1321.2	1.3519E-17
1321.25	1.3487E-17
1321.3	1.351E-17
1321.35	1.3524E-17
1321.4	1.353E-17
1321.45	1.3519E-17
1321.5	1.3542E-17
1321.55	1.3543E-17
1321.6	1.3517E-17
1321.65	1.3531E-17
1321.7	1.3526E-17
1321.75	1.3472E-17
1321.8	1.3438E-17
1321.85	1.344E-17
1321.9	1.3394E-17
1321.95	1.3418E-17
1322	1.3408E-17
1322.05	1.3393E-17
1322.1	1.3388E-17
1322.15	1.3409E-17
1322.2	1.3402E-17
1322.25	1.3387E-17
1322.3	1.3372E-17
1322.35	1.3396E-17
1322.4	1.3359E-17
1322.45	1.335E-17
1322.5	1.3356E-17
1322.55	1.3362E-17
1322.6	1.3335E-17
1322.65	1.3279E-17
1322.7	1.3291E-17
1322.75	1.3248E-17
1322.8	1.3232E-17
1322.85	1.3214E-17
1322.9	1.3204E-17
1322.95	1.3189E-17
1323	1.3202E-17
1323.05	1.3209E-17
1323.1	1.3194E-17
1323.15	1.3202E-17
1323.2	1.3205E-17
1323.25	1.3161E-17
1323.3	1.3121E-17
1323.35	1.3106E-17
1323.4	1.3116E-17
1323.45	1.3096E-17
1323.5	1.3112E-17
1323.55	1.3125E-17
1323.6	1.3104E-17
1323.65	1.3087E-17
1323.7	1.3082E-17
1323.75	1.3129E-17
1323.8	1.3097E-17
1323.85	1.3075E-17
1323.9	1.3075E-17
1323.95	1.307E-17
1324	1.31E-17
1324.05	1.3115E-17
1324.1	1.3097E-17
1324.15	1.3072E-17
1324.2	1.3015E-17
1324.25	1.3018E-17
1324.3	1.3017E-17
1324.35	1.3032E-17
1324.4	1.3034E-17
1324.45	1.3014E-17
1324.5	1.2992E-17
1324.55	1.2955E-17
1324.6	1.2956E-17
1324.65	1.2936E-17
1324.7	1.2897E-17
1324.75	1.2906E-17
1324.8	1.2912E-17
1324.85	1.2886E-17
1324.9	1.288E-17
1324.95	1.284E-17
1325	1.2858E-17
1325.05	1.2862E-17
1325.1	1.2827E-17
1325.15	1.2825E-17
1325.2	1.2793E-17
1325.25	1.2767E-17
1325.3	1.2783E-17
1325.35	1.2775E-17
1325.4	1.2748E-17
1325.45	1.274E-17
1325.5	1.2766E-17
1325.55	1.2735E-17
1325.6	1.2738E-17
1325.65	1.2731E-17
1325.7	1.2695E-17
1325.75	1.2665E-17
1325.8	1.2661E-17
1325.85	1.2669E-17
1325.9	1.2636E-17
1325.95	1.259E-17
1326	1.2594E-17
1326.05	1.2591E-17
1326.1	1.255E-17
1326.15	1.2551E-17
1326.2	1.2554E-17
1326.25	1.253E-17
1326.3	1.2527E-17
1326.35	1.2513E-17
1326.4	1.252E-17
1326.45	1.2511E-17
1326.5	1.2495E-17
1326.55	1.2502E-17
1326.6	1.2481E-17
1326.65	1.2491E-17
1326.7	1.2516E-17
1326.75	1.2493E-17
1326.8	1.2486E-17
1326.85	1.249E-17
1326.9	1.2496E-17
1326.95	1.2489E-17
1327	1.2483E-17
1327.05	1.2472E-17
1327.1	1.2464E-17
1327.15	1.246E-17
1327.2	1.2463E-17
1327.25	1.2436E-17
1327.3	1.2398E-17
1327.35	1.2376E-17
1327.4	1.235E-17
1327.45	1.2339E-17
1327.5	1.2286E-17
1327.55	1.227E-17
1327.6	1.2255E-17
1327.65	1.2211E-17
1327.7	1.2235E-17
1327.75	1.2238E-17
1327.8	1.2217E-17
1327.85	1.2223E-17
1327.9	1.2246E-17
1327.95	1.2246E-17
1328	1.2198E-17
1328.05	1.2157E-17
1328.1	1.2176E-17
1328.15	1.2167E-17
1328.2	1.2135E-17
1328.25	1.2147E-17
1328.3	1.215E-17
1328.35	1.2135E-17
1328.4	1.2094E-17
1328.45	1.2108E-17
1328.5	1.2118E-17
1328.55	1.2066E-17
1328.6	1.2036E-17
1328.65	1.2029E-17
1328.7	1.2038E-17
1328.75	1.2034E-17
1328.8	1.1993E-17
1328.85	1.1973E-17
1328.9	1.1988E-17
1328.95	1.1986E-17
1329	1.2006E-17
1329.05	1.1985E-17
1329.1	1.1988E-17
1329.15	1.2003E-17
1329.2	1.1965E-17
1329.25	1.1972E-17
1329.3	1.1975E-17
1329.35	1.1953E-17
1329.4	1.1915E-17
1329.45	1.19E-17
1329.5	1.1876E-17
1329.55	1.1863E-17
1329.6	1.1868E-17
1329.65	1.1815E-17
1329.7	1.1788E-17
1329.75	1.1753E-17
1329.8	1.1774E-17
1329.85	1.1745E-17
1329.9	1.1727E-17
1329.95	1.1731E-17
1330	1.173E-17
1330.05	1.1735E-17
1330.1	1.169E-17
1330.15	1.1686E-17
1330.2	1.1703E-17
1330.25	1.1709E-17
1330.3	1.1687E-17
1330.35	1.1675E-17
1330.4	1.1699E-17
1330.45	1.1689E-17
1330.5	1.166E-17
1330.55	1.1677E-17
1330.6	1.1654E-17
1330.65	1.1616E-17
1330.7	1.1606E-17
1330.75	1.1565E-17
1330.8	1.1571E-17
1330.85	1.1522E-17
1330.9	1.1462E-17
1330.95	1.1459E-17
1331	1.1464E-17
1331.05	1.1473E-17
1331.1	1.1487E-17
1331.15	1.149E-17
1331.2	1.1525E-17
1331.25	1.1508E-17
1331.3	1.1515E-17
1331.35	1.1513E-17
1331.4	1.1489E-17
1331.45	1.1511E-17
1331.5	1.1473E-17
1331.55	1.1435E-17
1331.6	1.142E-17
1331.65	1.1412E-17
1331.7	1.1368E-17
1331.75	1.133E-17
1331.8	1.1295E-17
1331.85	1.1303E-17
1331.9	1.1301E-17
1331.95	1.1305E-17
1332	1.1302E-17
1332.05	1.1283E-17
1332.1	1.13E-17
1332.15	1.1282E-17
1332.2	1.1257E-17
1332.25	1.1267E-17
1332.3	1.1272E-17
1332.35	1.1241E-17
1332.4	1.124E-17
1332.45	1.1248E-17
1332.5	1.1243E-17
1332.55	1.1205E-17
1332.6	1.1206E-17
1332.65	1.1224E-17
1332.7	1.1203E-17
1332.75	1.1174E-17
1332.8	1.1129E-17
1332.85	1.1105E-17
1332.9	1.1084E-17
1332.95	1.1056E-17
1333	1.1082E-17
1333.05	1.1066E-17
1333.1	1.104E-17
1333.15	1.1041E-17
1333.2	1.104E-17
1333.25	1.1031E-17
1333.3	1.099E-17
1333.35	1.1003E-17
1333.4	1.1002E-17
1333.45	1.0973E-17
1333.5	1.0972E-17
1333.55	1.0951E-17
1333.6	1.0919E-17
1333.65	1.0916E-17
1333.7	1.0906E-17
1333.75	1.0914E-17
1333.8	1.0924E-17
1333.85	1.0891E-17
1333.9	1.0908E-17
1333.95	1.0914E-17
1334	1.0892E-17
1334.05	1.0902E-17
1334.1	1.0881E-17
1334.15	1.087E-17
1334.2	1.0893E-17
1334.25	1.086E-17
1334.3	1.0858E-17
1334.35	1.0867E-17
1334.4	1.0859E-17
1334.45	1.0806E-17
1334.5	1.0768E-17
1334.55	1.0786E-17
1334.6	1.0764E-17
1334.65	1.0782E-17
1334.7	1.0778E-17
1334.75	1.0785E-17
1334.8	1.0774E-17
1334.85	1.0757E-17
1334.9	1.0734E-17
1334.95	1.0741E-17
1335	1.0703E-17
1335.05	1.0683E-17
1335.1	1.0646E-17
1335.15	1.0636E-17
1335.2	1.06E-17
1335.25	1.0593E-17
1335.3	1.0562E-17
1335.35	1.0516E-17
1335.4	1.0507E-17
1335.45	1.0523E-17
1335.5	1.0508E-17
1335.55	1.0481E-17
1335.6	1.0489E-17
1335.65	1.0506E-17
1335.7	1.0493E-17
1335.75	1.0445E-17
1335.8	1.0448E-17
1335.85	1.0435E-17
1335.9	1.0421E-17
1335.95	1.0425E-17
1336	1.0415E-17
1336.05	1.0418E-17
1336.1	1.0401E-17
1336.15	1.0398E-17
1336.2	1.039E-17
1336.25	1.0397E-17
1336.3	1.0385E-17
1336.35	1.0412E-17
1336.4	1.0415E-17
1336.45	1.0357E-17
1336.5	1.0329E-17
1336.55	1.0305E-17
1336.6	1.0307E-17
1336.65	1.0314E-17
1336.7	1.0295E-17
1336.75	1.0259E-17
1336.8	1.0252E-17
1336.85	1.0243E-17
1336.9	1.0243E-17
1336.95	1.0222E-17
1337	1.0237E-17
1337.05	1.0227E-17
1337.1	1.0211E-17
1337.15	1.02E-17
1337.2	1.0166E-17
1337.25	1.0154E-17
1337.3	1.0133E-17
1337.35	1.0113E-17
1337.4	1.0119E-17
1337.45	1.0092E-17
1337.5	1.0073E-17
1337.55	1.0094E-17
1337.6	1.005E-17
1337.65	1.0057E-17
1337.7	1.006E-17
1337.75	1.0064E-17
1337.8	1.0043E-17
1337.85	1.0023E-17
1337.9	1.004E-17
1337.95	1.0015E-17
1338	9.9933E-18
1338.05	1.0008E-17
1338.1	9.9957E-18
1338.15	9.9625E-18
1338.2	9.9459E-18
1338.25	9.9545E-18
1338.3	9.9194E-18
1338.35	9.8893E-18
1338.4	9.8727E-18
1338.45	9.8811E-18
1338.5	9.8641E-18
1338.55	9.8668E-18
1338.6	9.8753E-18
1338.65	9.8216E-18
1338.7	9.8163E-18
1338.75	9.7891E-18
1338.8	9.7832E-18
1338.85	9.7726E-18
1338.9	9.7468E-18
1338.95	9.7584E-18
1339	9.7454E-18
1339.05	9.7247E-18
1339.1	9.726E-18
1339.15	9.7122E-18
1339.2	9.7028E-18
1339.25	9.7119E-18
1339.3	9.6936E-18
1339.35	9.6985E-18
1339.4	9.6758E-18
1339.45	9.6783E-18
1339.5	9.6726E-18
1339.55	9.659E-18
1339.6	9.6277E-18
1339.65	9.6137E-18
1339.7	9.6103E-18
1339.75	9.6251E-18
1339.8	9.6273E-18
1339.85	9.6111E-18
1339.9	9.5949E-18
1339.95	9.5918E-18
1340	9.5798E-18
1340.05	9.5596E-18
1340.1	9.5816E-18
1340.15	9.5871E-18
1340.2	9.5802E-18
1340.25	9.5668E-18
1340.3	9.5404E-18
1340.35	9.529E-18
1340.4	9.4679E-18
1340.45	9.4312E-18
1340.5	9.4244E-18
1340.55	9.399E-18
1340.6	9.3955E-18
1340.65	9.3736E-18
1340.7	9.3595E-18
1340.75	9.3565E-18
1340.8	9.319E-18
1340.85	9.2929E-18
1340.9	9.322E-18
1340.95	9.334E-18
1341	9.3015E-18
1341.05	9.3023E-18
1341.1	9.2693E-18
1341.15	9.2558E-18
1341.2	9.2527E-18
1341.25	9.219E-18
1341.3	9.1882E-18
1341.35	9.1847E-18
1341.4	9.1737E-18
1341.45	9.1819E-18
1341.5	9.1801E-18
1341.55	9.2157E-18
1341.6	9.1953E-18
1341.65	9.1794E-18
1341.7	9.1223E-18
1341.75	9.1223E-18
1341.8	9.1515E-18
1341.85	9.1359E-18
1341.9	9.1328E-18
1341.95	9.1459E-18
1342	9.129E-18
1342.05	9.0954E-18
1342.1	9.0667E-18
1342.15	9.0446E-18
1342.2	9.0094E-18
1342.25	8.9902E-18
1342.3	8.9912E-18
1342.35	8.9682E-18
1342.4	8.9617E-18
1342.45	8.9583E-18
1342.5	8.949E-18
1342.55	8.9336E-18
1342.6	8.9524E-18
1342.65	8.9165E-18
1342.7	8.8849E-18
1342.75	8.8571E-18
1342.8	8.877E-18
1342.85	8.881E-18
1342.9	8.89E-18
1342.95	8.8946E-18
1343	8.8725E-18
1343.05	8.8803E-18
1343.1	8.862E-18
1343.15	8.8246E-18
1343.2	8.8066E-18
1343.25	8.7932E-18
1343.3	8.8152E-18
1343.35	8.7925E-18
1343.4	8.7988E-18
1343.45	8.8183E-18
1343.5	8.7767E-18
1343.55	8.7447E-18
1343.6	8.7345E-18
1343.65	8.7445E-18
1343.7	8.7064E-18
1343.75	8.683E-18
1343.8	8.6743E-18
1343.85	8.692E-18
1343.9	8.6451E-18
1343.95	8.6436E-18
1344	8.6368E-18
1344.05	8.6337E-18
1344.1	8.6368E-18
1344.15	8.6268E-18
1344.2	8.6201E-18
1344.25	8.6418E-18
1344.3	8.6361E-18
1344.35	8.6172E-18
1344.4	8.585E-18
1344.45	8.5962E-18
1344.5	8.5953E-18
1344.55	8.5566E-18
1344.6	8.5531E-18
1344.65	8.5254E-18
1344.7	8.5082E-18
1344.75	8.5286E-18
1344.8	8.4893E-18
1344.85	8.4566E-18
1344.9	8.4522E-18
1344.95	8.4568E-18
1345	8.4505E-18
1345.05	8.4474E-18
1345.1	8.426E-18
1345.15	8.4586E-18
1345.2	8.4266E-18
1345.25	8.4072E-18
1345.3	8.4011E-18
1345.35	8.3997E-18
1345.4	8.3723E-18
1345.45	8.3359E-18
1345.5	8.3364E-18
1345.55	8.3366E-18
1345.6	8.3305E-18
1345.65	8.2921E-18
1345.7	8.307E-18
1345.75	8.2932E-18
1345.8	8.284E-18
1345.85	8.2572E-18
1345.9	8.2372E-18
1345.95	8.2257E-18
1346	8.2085E-18
1346.05	8.1984E-18
1346.1	8.1649E-18
1346.15	8.1459E-18
1346.2	8.1242E-18
1346.25	8.1387E-18
1346.3	8.1486E-18
1346.35	8.1363E-18
1346.4	8.1191E-18
1346.45	8.0983E-18
1346.5	8.0739E-18
1346.55	8.0498E-18
1346.6	8.0622E-18
1346.65	8.0747E-18
1346.7	8.0568E-18
1346.75	8.0517E-18
1346.8	8.0655E-18
1346.85	8.0465E-18
1346.9	8.033E-18
1346.95	8.0245E-18
1347	8.0011E-18
1347.05	7.9935E-18
1347.1	7.9733E-18
1347.15	7.9596E-18
1347.2	7.9602E-18
1347.25	7.954E-18
1347.3	7.9325E-18
1347.35	7.9333E-18
1347.4	7.9205E-18
1347.45	7.8967E-18
1347.5	7.8896E-18
1347.55	7.8942E-18
1347.6	7.8993E-18
1347.65	7.8994E-18
1347.7	7.8886E-18
1347.75	7.8979E-18
1347.8	7.8736E-18
1347.85	7.895E-18
1347.9	7.8839E-18
1347.95	7.8598E-18
1348	7.8429E-18
1348.05	7.8124E-18
1348.1	7.7851E-18
1348.15	7.7681E-18
1348.2	7.7519E-18
1348.25	7.7267E-18
1348.3	7.6993E-18
1348.35	7.6924E-18
1348.4	7.6872E-18
1348.45	7.6758E-18
1348.5	7.6564E-18
1348.55	7.6575E-18
1348.6	7.669E-18
1348.65	7.6439E-18
1348.7	7.6363E-18
1348.75	7.6284E-18
1348.8	7.6113E-18
1348.85	7.6076E-18
1348.9	7.6038E-18
1348.95	7.5885E-18
1349	7.5987E-18
1349.05	7.6064E-18
1349.1	7.6101E-18
1349.15	7.5911E-18
1349.2	7.5595E-18
1349.25	7.5507E-18
1349.3	7.5038E-18
1349.35	7.4972E-18
1349.4	7.4582E-18
1349.45	7.4483E-18
1349.5	7.4612E-18
1349.55	7.4715E-18
1349.6	7.4789E-18
1349.65	7.4609E-18
1349.7	7.4303E-18
1349.75	7.4038E-18
1349.8	7.4208E-18
1349.85	7.4105E-18
1349.9	7.3717E-18
1349.95	7.3693E-18
1350	7.3655E-18
1350.05	7.3684E-18
1350.1	7.3574E-18
1350.15	7.3644E-18
1350.2	7.3361E-18
1350.25	7.3337E-18
1350.3	7.3354E-18
1350.35	7.2999E-18
1350.4	7.2793E-18
1350.45	7.2737E-18
1350.5	7.254E-18
1350.55	7.2259E-18
1350.6	7.2218E-18
1350.65	7.2202E-18
1350.7	7.2233E-18
1350.75	7.2047E-18
1350.8	7.205E-18
1350.85	7.2125E-18
1350.9	7.1906E-18
1350.95	7.1901E-18
1351	7.1622E-18
1351.05	7.1743E-18
1351.1	7.1186E-18
1351.15	7.1127E-18
1351.2	7.0912E-18
1351.25	7.0771E-18
1351.3	7.0917E-18
1351.35	7.0878E-18
1351.4	7.0775E-18
1351.45	7.0325E-18
1351.5	7.0361E-18
1351.55	7.0261E-18
1351.6	7.0323E-18
1351.65	7.0231E-18
1351.7	7.0091E-18
1351.75	6.9931E-18
1351.8	6.9868E-18
1351.85	6.9967E-18
1351.9	6.9828E-18
1351.95	6.966E-18
1352	6.9478E-18
1352.05	6.9441E-18
1352.1	6.9292E-18
1352.15	6.9194E-18
1352.2	6.9096E-18
1352.25	6.8724E-18
1352.3	6.8514E-18
1352.35	6.8195E-18
1352.4	6.8148E-18
1352.45	6.8119E-18
1352.5	6.805E-18
1352.55	6.7999E-18
1352.6	6.7823E-18
1352.65	6.7765E-18
1352.7	6.7475E-18
1352.75	6.7742E-18
1352.8	6.7767E-18
1352.85	6.7504E-18
1352.9	6.7256E-18
1352.95	6.7351E-18
1353	6.7126E-18
1353.05	6.6925E-18
1353.1	6.7037E-18
1353.15	6.7105E-18
1353.2	6.7145E-18
1353.25	6.7261E-18
1353.3	6.7029E-18
1353.35	6.6876E-18
1353.4	6.6742E-18
1353.45	6.6628E-18
1353.5	6.637E-18
1353.55	6.6067E-18
1353.6	6.594E-18
1353.65	6.5798E-18
1353.7	6.5492E-18
1353.75	6.5377E-18
1353.8	6.5249E-18
1353.85	6.5154E-18
1353.9	6.5027E-18
1353.95	6.5035E-18
1354	6.5027E-18
1354.05	6.5187E-18
1354.1	6.499E-18
1354.15	6.4917E-18
1354.2	6.4896E-18
1354.25	6.4591E-18
1354.3	6.4607E-18
1354.35	6.4596E-18
1354.4	6.4675E-18
1354.45	6.4089E-18
1354.5	6.4055E-18
1354.55	6.3462E-18
1354.6	6.3383E-18
1354.65	6.3457E-18
1354.7	6.3303E-18
1354.75	6.3336E-18
1354.8	6.3299E-18
1354.85	6.3102E-18
1354.9	6.3062E-18
1354.95	6.2694E-18
1355	6.27E-18
1355.05	6.2516E-18
1355.1	6.245E-18
1355.15	6.2307E-18
1355.2	6.2358E-18
1355.25	6.2104E-18
1355.3	6.1941E-18
1355.35	6.1843E-18
1355.4	6.1911E-18
1355.45	6.183E-18
1355.5	6.1801E-18
1355.55	6.1612E-18
1355.6	6.1629E-18
1355.65	6.1401E-18
1355.7	6.1256E-18
1355.75	6.0988E-18
1355.8	6.0898E-18
1355.85	6.094E-18
1355.9	6.0839E-18
1355.95	6.0746E-18
1356	6.0359E-18
1356.05	6.0214E-18
1356.1	6.0487E-18
1356.15	6.0456E-18
1356.2	6.0143E-18
1356.25	6.0171E-18
1356.3	6.005E-18
1356.35	5.992E-18
1356.4	5.9918E-18
1356.45	6.0076E-18
1356.5	6.0009E-18
1356.55	5.9611E-18
1356.6	5.962E-18
1356.65	5.9508E-18
1356.7	5.9456E-18
1356.75	5.9386E-18
1356.8	5.9124E-18
1356.85	5.9127E-18
1356.9	5.9193E-18
1356.95	5.8987E-18
1357	5.8928E-18
1357.05	5.8439E-18
1357.1	5.8511E-18
1357.15	5.8538E-18
1357.2	5.8364E-18
1357.25	5.8695E-18
1357.3	5.8367E-18
1357.35	5.8163E-18
1357.4	5.8022E-18
1357.45	5.82E-18
1357.5	5.8312E-18
1357.55	5.8015E-18
1357.6	5.7691E-18
1357.65	5.782E-18
1357.7	5.8039E-18
1357.75	5.7871E-18
1357.8	5.7582E-18
1357.85	5.751E-18
1357.9	5.7428E-18
1357.95	5.6848E-18
1358	5.6926E-18
1358.05	5.6749E-18
1358.1	5.6552E-18
1358.15	5.667E-18
1358.2	5.65E-18
1358.25	5.629E-18
1358.3	5.5951E-18
1358.35	5.5999E-18
1358.4	5.5861E-18
1358.45	5.5672E-18
1358.5	5.5455E-18
1358.55	5.5328E-18
1358.6	5.5186E-18
1358.65	5.5163E-18
1358.7	5.5163E-18
1358.75	5.5039E-18
1358.8	5.4811E-18
1358.85	5.4739E-18
1358.9	5.5029E-18
1358.95	5.4872E-18
1359	5.4729E-18
1359.05	5.4755E-18
1359.1	5.469E-18
1359.15	5.4792E-18
1359.2	5.471E-18
1359.25	5.4467E-18
1359.3	5.4157E-18
1359.35	5.3955E-18
1359.4	5.3853E-18
1359.45	5.3794E-18
1359.5	5.4049E-18
1359.55	5.4047E-18
1359.6	5.4031E-18
1359.65	5.3779E-18
1359.7	5.3594E-18
1359.75	5.3387E-18
1359.8	5.3257E-18
1359.85	5.3121E-18
1359.9	5.3287E-18
1359.95	5.3324E-18
1360	5.3304E-18
1360.05	5.3016E-18
1360.1	5.3128E-18
1360.15	5.2958E-18
1360.2	5.2816E-18
1360.25	5.2401E-18
1360.3	5.2477E-18
1360.35	5.2482E-18
1360.4	5.2746E-18
1360.45	5.2796E-18
1360.5	5.2448E-18
1360.55	5.203E-18
1360.6	5.1921E-18
1360.65	5.2016E-18
1360.7	5.1634E-18
1360.75	5.1629E-18
1360.8	5.18E-18
1360.85	5.1648E-18
1360.9	5.1343E-18
1360.95	5.1346E-18
1361	5.1289E-18
1361.05	5.1285E-18
1361.1	5.1272E-18
1361.15	5.1449E-18
1361.2	5.1168E-18
1361.25	5.0826E-18
1361.3	5.0803E-18
1361.35	5.0923E-18
1361.4	5.0637E-18
1361.45	5.0427E-18
1361.5	5.0287E-18
1361.55	5.0087E-18
1361.6	5.006E-18
1361.65	5.0001E-18
1361.7	4.9769E-18
1361.75	5.0012E-18
1361.8	4.9824E-18
1361.85	4.9414E-18
1361.9	4.9199E-18
1361.95	4.9299E-18
1362	4.9268E-18
1362.05	4.9263E-18
1362.1	4.9392E-18
1362.15	4.9147E-18
1362.2	4.8831E-18
1362.25	4.8752E-18
1362.3	4.874E-18
1362.35	4.8446E-18
1362.4	4.8251E-18
1362.45	4.8352E-18
1362.5	4.8383E-18
1362.55	4.8267E-18
1362.6	4.8247E-18
1362.65	4.8339E-18
1362.7	4.805E-18
1362.75	4.7903E-18
1362.8	4.7689E-18
1362.85	4.7604E-18
1362.9	4.7565E-18
1362.95	4.7457E-18
1363	4.743E-18
1363.05	4.7112E-18
1363.1	4.7106E-18
1363.15	4.7229E-18
1363.2	4.7284E-18
1363.25	4.6861E-18
1363.3	4.6936E-18
1363.35	4.6887E-18
1363.4	4.6636E-18
1363.45	4.6714E-18
1363.5	4.6201E-18
1363.55	4.6311E-18
1363.6	4.6663E-18
1363.65	4.6912E-18
1363.7	4.6762E-18
1363.75	4.6656E-18
1363.8	4.6535E-18
1363.85	4.6527E-18
1363.9	4.6245E-18
1363.95	4.5997E-18
1364	4.6264E-18
1364.05	4.6168E-18
1364.1	4.5935E-18
1364.15	4.585E-18
1364.2	4.5877E-18
1364.25	4.5969E-18
1364.3	4.5931E-18
1364.35	4.5791E-18
1364.4	4.5703E-18
1364.45	4.5553E-18
1364.5	4.5559E-18
1364.55	4.578E-18
1364.6	4.5476E-18
1364.65	4.5312E-18
1364.7	4.5118E-18
1364.75	4.5218E-18
1364.8	4.4756E-18
1364.85	4.4752E-18
1364.9	4.4566E-18
1364.95	4.4428E-18
1365	4.4439E-18
1365.05	4.4209E-18
1365.1	4.4232E-18
1365.15	4.4016E-18
1365.2	4.3572E-18
1365.25	4.3501E-18
1365.3	4.359E-18
1365.35	4.3434E-18
1365.4	4.353E-18
1365.45	4.3369E-18
1365.5	4.3486E-18
1365.55	4.307E-18
1365.6	4.3129E-18
1365.65	4.3234E-18
1365.7	4.2933E-18
1365.75	4.2708E-18
1365.8	4.2737E-18
1365.85	4.2432E-18
1365.9	4.2533E-18
1365.95	4.23E-18
1366	4.229E-18
1366.05	4.2327E-18
1366.1	4.2033E-18
1366.15	4.2045E-18
1366.2	4.1995E-18
1366.25	4.1937E-18
1366.3	4.1751E-18
1366.35	4.1699E-18
1366.4	4.1934E-18
1366.45	4.1694E-18
1366.5	4.1643E-18
1366.55	4.1685E-18
1366.6	4.1485E-18
1366.65	4.118E-18
1366.7	4.1338E-18
1366.75	4.1355E-18
1366.8	4.1096E-18
1366.85	4.0811E-18
1366.9	4.0645E-18
1366.95	4.0656E-18
1367	4.0405E-18
1367.05	4.0599E-18
1367.1	4.0706E-18
1367.15	4.0696E-18
1367.2	4.0606E-18
1367.25	4.0504E-18
1367.3	4.0351E-18
1367.35	4.0408E-18
1367.4	4.0365E-18
1367.45	4.0297E-18
1367.5	4.0206E-18
1367.55	4.0192E-18
1367.6	4.0158E-18
1367.65	4.0314E-18
1367.7	4.0166E-18
1367.75	3.9796E-18
1367.8	3.966E-18
1367.85	3.9494E-18
1367.9	3.9402E-18
1367.95	3.9338E-18
1368	3.9161E-18
1368.05	3.9216E-18
1368.1	3.9116E-18
1368.15	3.9064E-18
1368.2	3.8957E-18
1368.25	3.8837E-18
1368.3	3.8457E-18
1368.35	3.8526E-18
1368.4	3.8585E-18
1368.45	3.8691E-18
1368.5	3.8489E-18
1368.55	3.8289E-18
1368.6	3.8151E-18
1368.65	3.7907E-18
1368.7	3.7839E-18
1368.75	3.7972E-18
1368.8	3.7792E-18
1368.85	3.7585E-18
1368.9	3.7787E-18
1368.95	3.7787E-18
1369	3.7833E-18
1369.05	3.786E-18
1369.1	3.747E-18
1369.15	3.7211E-18
1369.2	3.7173E-18
1369.25	3.7255E-18
1369.3	3.7028E-18
1369.35	3.6954E-18
1369.4	3.6948E-18
1369.45	3.7044E-18
1369.5	3.7216E-18
1369.55	3.7126E-18
1369.6	3.6851E-18
1369.65	3.686E-18
1369.7	3.6836E-18
1369.75	3.6712E-18
1369.8	3.666E-18
1369.85	3.6674E-18
1369.9	3.6564E-18
1369.95	3.6478E-18
1370	3.6426E-18
1370.05	3.6256E-18
1370.1	3.6234E-18
1370.15	3.6113E-18
1370.2	3.6133E-18
1370.25	3.622E-18
1370.3	3.6069E-18
1370.35	3.5842E-18
1370.4	3.5787E-18
1370.45	3.5603E-18
1370.5	3.5597E-18
1370.55	3.5422E-18
1370.6	3.521E-18
1370.65	3.5067E-18
1370.7	3.493E-18
1370.75	3.4631E-18
1370.8	3.4731E-18
1370.85	3.4611E-18
1370.9	3.4525E-18
1370.95	3.4482E-18
1371	3.4545E-18
1371.05	3.4655E-18
1371.1	3.4562E-18
1371.15	3.4611E-18
1371.2	3.4311E-18
1371.25	3.4257E-18
1371.3	3.4233E-18
1371.35	3.4068E-18
1371.4	3.4129E-18
1371.45	3.4144E-18
1371.5	3.4166E-18
1371.55	3.4157E-18
1371.6	3.4407E-18
1371.65	3.4159E-18
1371.7	3.4239E-18
1371.75	3.4106E-18
1371.8	3.3847E-18
1371.85	3.3725E-18
1371.9	3.3434E-18
1371.95	3.3427E-18
1372	3.3424E-18
1372.05	3.3417E-18
1372.1	3.3693E-18
1372.15	3.3639E-18
1372.2	3.3408E-18
1372.25	3.3249E-18
1372.3	3.3201E-18
1372.35	3.3195E-18
1372.4	3.2848E-18
1372.45	3.2521E-18
1372.5	3.2774E-18
1372.55	3.2662E-18
1372.6	3.2915E-18
1372.65	3.2882E-18
1372.7	3.2845E-18
1372.75	3.2806E-18
1372.8	3.2706E-18
1372.85	3.2746E-18
1372.9	3.2603E-18
1372.95	3.2234E-18
1373	3.2124E-18
1373.05	3.1966E-18
1373.1	3.1489E-18
1373.15	3.1591E-18
1373.2	3.1326E-18
1373.25	3.1147E-18
1373.3	3.116E-18
1373.35	3.1151E-18
1373.4	3.1092E-18
1373.45	3.1088E-18
1373.5	3.0912E-18
1373.55	3.0586E-18
1373.6	3.0686E-18
1373.65	3.0793E-18
1373.7	3.0805E-18
1373.75	3.0877E-18
1373.8	3.0738E-18
1373.85	3.0663E-18
1373.9	3.081E-18
1373.95	3.0618E-18
1374	3.0627E-18
1374.05	3.0362E-18
1374.1	2.9937E-18
1374.15	2.9972E-18
1374.2	3.0013E-18
1374.25	2.9749E-18
1374.3	2.9809E-18
1374.35	2.9696E-18
1374.4	2.9847E-18
1374.45	2.9573E-18
1374.5	2.9664E-18
1374.55	2.9907E-18
1374.6	2.9845E-18
1374.65	2.9707E-18
1374.7	2.9383E-18
1374.75	2.943E-18
1374.8	2.9374E-18
1374.85	2.9215E-18
1374.9	2.9327E-18
1374.95	2.9317E-18
1375	2.9104E-18
1375.05	2.9131E-18
1375.1	2.9157E-18
1375.15	2.925E-18
1375.2	2.912E-18
1375.25	2.8997E-18
1375.3	2.891E-18
1375.35	2.8615E-18
1375.4	2.8498E-18
1375.45	2.8717E-18
1375.5	2.8501E-18
1375.55	2.8429E-18
1375.6	2.8344E-18
1375.65	2.8222E-18
1375.7	2.8275E-18
1375.75	2.8097E-18
1375.8	2.8121E-18
1375.85	2.809E-18
1375.9	2.795E-18
1375.95	2.7711E-18
1376	2.7414E-18
1376.05	2.7504E-18
1376.1	2.7269E-18
1376.15	2.7352E-18
1376.2	2.7498E-18
1376.25	2.7297E-18
1376.3	2.739E-18
1376.35	2.7075E-18
1376.4	2.7459E-18
1376.45	2.7384E-18
1376.5	2.77E-18
1376.55	2.748E-18
1376.6	2.7455E-18
1376.65	2.7166E-18
1376.7	2.735E-18
1376.75	2.6993E-18
1376.8	2.6835E-18
1376.85	2.6766E-18
1376.9	2.6657E-18
1376.95	2.6429E-18
1377	2.6293E-18
1377.05	2.6386E-18
1377.1	2.6544E-18
1377.15	2.6602E-18
1377.2	2.6356E-18
1377.25	2.6137E-18
1377.3	2.6168E-18
1377.35	2.6175E-18
1377.4	2.5832E-18
1377.45	2.5799E-18
1377.5	2.582E-18
1377.55	2.5579E-18
1377.6	2.5607E-18
1377.65	2.5489E-18
1377.7	2.5301E-18
1377.7	2.518E-18
1377.75	2.5149E-18
1377.8	2.509E-18
1377.85	2.5009E-18
1377.9	2.4939E-18
1377.95	2.4879E-18
1378	2.4794E-18
1378.05	2.4683E-18
1378.1	2.4636E-18
1378.15	2.4503E-18
1378.2	2.4446E-18
1378.25	2.4476E-18
1378.3	2.4439E-18
1378.35	2.4287E-18
1378.4	2.4308E-18
1378.45	2.417E-18
1378.5	2.4091E-18
1378.55	2.4071E-18
1378.6	2.4042E-18
1378.65	2.4016E-18
1378.7	2.3922E-18
1378.75	2.3926E-18
1378.8	2.3851E-18
1378.85	2.3815E-18
1378.9	2.3783E-18
1378.95	2.3712E-18
1379	2.3683E-18
1379.05	2.3642E-18
1379.1	2.359E-18
1379.15	2.3625E-18
1379.2	2.3567E-18
1379.25	2.3496E-18
1379.3	2.3446E-18
1379.35	2.3298E-18
1379.4	2.3139E-18
1379.45	2.3011E-18
1379.5	2.2918E-18
1379.55	2.2913E-18
1379.6	2.2776E-18
1379.65	2.2688E-18
1379.7	2.2701E-18
1379.75	2.2649E-18
1379.8	2.2582E-18
1379.85	2.2514E-18
1379.9	2.2497E-18
1379.95	2.2472E-18
1380	2.2468E-18
1380.05	2.2417E-18
1380.1	2.2361E-18
1380.15	2.2317E-18
1380.2	2.2233E-18
1380.25	2.2191E-18
1380.3	2.2129E-18
1380.35	2.2067E-18
1380.4	2.2125E-18
1380.45	2.2061E-18
1380.5	2.2027E-18
1380.55	2.1994E-18
1380.6	2.1912E-18
1380.65	2.1852E-18
1380.7	2.1771E-18
1380.75	2.173E-18
1380.8	2.1702E-18
1380.85	2.1656E-18
1380.9	2.1577E-18
1380.95	2.1596E-18
1381	2.1452E-18
1381.05	2.1434E-18
1381.1	2.1319E-18
1381.15	2.1337E-18
1381.2	2.1356E-18
1381.25	2.1098E-18
1381.3	2.1118E-18
1381.35	2.0994E-18
1381.4	2.0913E-18
1381.45	2.0906E-18
1381.5	2.077E-18
1381.55	2.0811E-18
1381.6	2.0806E-18
1381.65	2.0741E-18
1381.7	2.0637E-18
1381.75	2.0514E-18
1381.8	2.0475E-18
1381.85	2.0395E-18
1381.9	2.0437E-18
1381.95	2.0381E-18
1382	2.0253E-18
1382.05	2.0254E-18
1382.1	2.0176E-18
1382.15	2.0011E-18
1382.2	1.998E-18
1382.25	1.9936E-18
1382.3	1.9873E-18
1382.35	1.9852E-18
1382.4	1.9803E-18
1382.45	1.9722E-18
1382.5	1.9666E-18
1382.55	1.9648E-18
1382.6	1.9575E-18
1382.65	1.9572E-18
1382.7	1.9559E-18
1382.75	1.9552E-18
1382.8	1.9514E-18
1382.85	1.9532E-18
1382.9	1.9453E-18
1382.95	1.9375E-18
1383	1.931E-18
1383.05	1.9293E-18
1383.1	1.92E-18
1383.15	1.9246E-18
1383.2	1.9144E-18
1383.25	1.9122E-18
1383.3	1.9127E-18
1383.35	1.8952E-18
1383.4	1.8852E-18
1383.45	1.8849E-18
1383.5	1.8775E-18
1383.55	1.8731E-18
1383.6	1.8726E-18
1383.65	1.8575E-18
1383.7	1.8557E-18
1383.75	1.8447E-18
1383.8	1.8417E-18
1383.85	1.8387E-18
1383.9	1.8344E-18
1383.95	1.829E-18
1384	1.8263E-18
1384.05	1.8215E-18
1384.1	1.8157E-18
1384.15	1.8089E-18
1384.2	1.8029E-18
1384.25	1.7959E-18
1384.3	1.7929E-18
1384.35	1.7917E-18
1384.4	1.7872E-18
1384.45	1.7854E-18
1384.5	1.7786E-18
1384.55	1.7763E-18
1384.6	1.7746E-18
1384.65	1.7716E-18
1384.7	1.769E-18
1384.75	1.7616E-18
1384.8	1.7518E-18
1384.85	1.7553E-18
1384.9	1.7531E-18
1384.95	1.7482E-18
1385	1.7437E-18
1385.05	1.7366E-18
1385.1	1.7311E-18
1385.15	1.7294E-18
1385.2	1.7284E-18
1385.25	1.7114E-18
1385.3	1.7084E-18
1385.35	1.7025E-18
1385.4	1.693E-18
1385.45	1.6932E-18
1385.5	1.6828E-18
1385.55	1.6765E-18
1385.6	1.6714E-18
1385.65	1.6683E-18
1385.7	1.669E-18
1385.75	1.6701E-18
1385.8	1.6654E-18
1385.85	1.6595E-18
1385.9	1.6541E-18
1385.95	1.6445E-18
1386	1.6407E-18
1386.05	1.6376E-18
1386.1	1.629E-18
1386.15	1.6273E-18
1386.2	1.6344E-18
1386.25	1.6305E-18
1386.3	1.6283E-18
1386.35	1.6275E-18
1386.4	1.6229E-18
1386.45	1.6153E-18
1386.5	1.6157E-18
1386.55	1.6077E-18
1386.6	1.6072E-18
1386.65	1.6007E-18
1386.7	1.5938E-18
1386.75	1.5957E-18
1386.8	1.5928E-18
1386.85	1.5906E-18
1386.9	1.5826E-18
1386.95	1.5841E-18
1387	1.5768E-18
1387.05	1.5675E-18
1387.1	1.5637E-18
1387.15	1.5622E-18
1387.2	1.5559E-18
1387.25	1.5522E-18
1387.3	1.5508E-18
1387.35	1.549E-18
1387.4	1.542E-18
1387.45	1.531E-18
1387.5	1.5301E-18
1387.55	1.528E-18
1387.6	1.5255E-18
1387.65	1.5165E-18
1387.7	1.5121E-18
1387.75	1.5067E-18
1387.8	1.5048E-18
1387.85	1.5033E-18
1387.9	1.4969E-18
1387.95	1.492E-18
1388	1.4859E-18
1388.05	1.4818E-18
1388.1	1.4777E-18
1388.15	1.4746E-18
1388.2	1.4724E-18
1388.25	1.467E-18
1388.3	1.46E-18
1388.35	1.4559E-18
1388.4	1.447E-18
1388.45	1.4453E-18
1388.5	1.4524E-18
1388.55	1.4459E-18
1388.6	1.4375E-18
1388.65	1.4284E-18
1388.7	1.4256E-18
1388.75	1.4263E-18
1388.8	1.4173E-18
1388.85	1.4133E-18
1388.9	1.4041E-18
1388.95	1.4004E-18
1389	1.398E-18
1389.05	1.3962E-18
1389.1	1.3983E-18
1389.15	1.403E-18
1389.2	1.3927E-18
1389.25	1.3937E-18
1389.3	1.396E-18
1389.35	1.3887E-18
1389.4	1.3871E-18
1389.45	1.3791E-18
1389.5	1.3721E-18
1389.55	1.3633E-18
1389.6	1.3611E-18
1389.65	1.3577E-18
1389.7	1.3533E-18
1389.75	1.3556E-18
1389.8	1.3482E-18
1389.85	1.3457E-18
1389.9	1.3439E-18
1389.95	1.3356E-18
1390	1.3371E-18
1390.05	1.3319E-18
1390.1	1.3289E-18
1390.15	1.3273E-18
1390.2	1.3127E-18
1390.25	1.3119E-18
1390.3	1.3085E-18
1390.35	1.307E-18
1390.4	1.305E-18
1390.45	1.2977E-18
1390.5	1.2905E-18
1390.55	1.2801E-18
1390.6	1.2795E-18
1390.65	1.2755E-18
1390.7	1.2737E-18
1390.75	1.2725E-18
1390.8	1.2698E-18
1390.85	1.2679E-18
1390.9	1.2613E-18
1390.95	1.2586E-18
1391	1.2518E-18
1391.05	1.2502E-18
1391.1	1.2446E-18
1391.15	1.2435E-18
1391.2	1.2456E-18
1391.25	1.2362E-18
1391.3	1.2287E-18
1391.35	1.2263E-18
1391.4	1.2205E-18
1391.45	1.2128E-18
1391.5	1.2139E-18
1391.55	1.2086E-18
1391.6	1.2102E-18
1391.65	1.2119E-18
1391.7	1.2034E-18
1391.75	1.2055E-18
1391.8	1.2018E-18
1391.85	1.1981E-18
1391.9	1.2031E-18
1391.95	1.1955E-18
1392	1.1934E-18
1392.05	1.1925E-18
1392.1	1.1871E-18
1392.15	1.18E-18
1392.2	1.1722E-18
1392.25	1.1796E-18
1392.3	1.1703E-18
1392.35	1.1665E-18
1392.4	1.1664E-18
1392.45	1.1592E-18
1392.5	1.1567E-18
1392.55	1.1556E-18
1392.6	1.1489E-18
1392.65	1.1474E-18
1392.7	1.1418E-18
1392.75	1.1327E-18
1392.8	1.1335E-18
1392.85	1.1275E-18
1392.9	1.1224E-18
1392.95	1.1269E-18
1393	1.1181E-18
1393.05	1.1145E-18
1393.1	1.1227E-18
1393.15	1.1193E-18
1393.2	1.117E-18
1393.25	1.1167E-18
1393.3	1.1073E-18
1393.35	1.0953E-18
1393.4	1.1018E-18
1393.45	1.0982E-18
1393.5	1.0938E-18
1393.55	1.0907E-18
1393.6	1.0877E-18
1393.65	1.0865E-18
1393.7	1.0854E-18
1393.75	1.074E-18
1393.8	1.0676E-18
1393.85	1.0681E-18
1393.9	1.0652E-18
1393.95	1.0661E-18
1394	1.0654E-18
1394.05	1.0615E-18
1394.1	1.0647E-18
1394.15	1.0618E-18
1394.2	1.0579E-18
1394.25	1.0509E-18
1394.3	1.0427E-18
1394.35	1.0343E-18
1394.4	1.0254E-18
1394.45	1.0237E-18
1394.5	1.013E-18
1394.55	1.0123E-18
1394.6	1.0115E-18
1394.65	1.0058E-18
1394.7	1.0068E-18
1394.75	1.0081E-18
1394.8	9.9864E-19
1394.85	9.967E-19
1394.9	9.9246E-19
1394.95	9.848E-19
1395	9.8999E-19
1395.05	9.8703E-19
1395.1	9.7924E-19
1395.15	9.7741E-19
1395.2	9.6845E-19
1395.25	9.6646E-19
1395.3	9.7074E-19
1395.35	9.7149E-19
1395.4	9.6105E-19
1395.45	9.6127E-19
1395.5	9.5789E-19
1395.55	9.4786E-19
1395.6	9.4947E-19
1395.65	9.4917E-19
1395.7	9.4272E-19
1395.7	9.42E-19
1395.75	9.3838E-19
1395.8	9.3313E-19
1395.85	9.2879E-19
1395.9	9.2701E-19
1395.95	9.2565E-19
1396	9.1964E-19
1396.05	9.1895E-19
1396.1	9.17E-19
1396.15	9.1333E-19
1396.2	9.115E-19
1396.25	9.1037E-19
1396.3	9.0725E-19
1396.35	9.0747E-19
1396.4	9.0407E-19
1396.45	9.0096E-19
1396.5	8.9879E-19
1396.55	8.9067E-19
1396.6	8.9038E-19
1396.65	8.8507E-19
1396.7	8.8312E-19
1396.75	8.8038E-19
1396.8	8.815E-19
1396.85	8.7873E-19
1396.9	8.738E-19
1396.95	8.7344E-19
1397	8.7334E-19
1397.05	8.6795E-19
1397.1	8.6425E-19
1397.15	8.5908E-19
1397.2	8.5724E-19
1397.25	8.5492E-19
1397.3	8.5516E-19
1397.35	8.517E-19
1397.4	8.4581E-19
1397.45	8.4328E-19
1397.5	8.452E-19
1397.55	8.3923E-19
1397.6	8.393E-19
1397.65	8.4041E-19
1397.7	8.3432E-19
1397.75	8.3406E-19
1397.8	8.3131E-19
1397.85	8.3302E-19
1397.9	8.2684E-19
1397.95	8.2498E-19
1398	8.2189E-19
1398.05	8.1667E-19
1398.1	8.135E-19
1398.15	8.1216E-19
1398.2	8.0765E-19
1398.25	8.0581E-19
1398.3	8.0122E-19
1398.35	8.0079E-19
1398.4	8.0374E-19
1398.45	7.9897E-19
1398.5	7.9638E-19
1398.55	7.9225E-19
1398.6	7.9114E-19
1398.65	7.8868E-19
1398.7	7.8708E-19
1398.75	7.8507E-19
1398.8	7.7722E-19
1398.85	7.7547E-19
1398.9	7.7404E-19
1398.95	7.6896E-19
1399	7.6604E-19
1399	7.4878E-19
1399.05	7.4996E-19
1399.1	7.4242E-19
1399.15	7.358E-19
1399.2	7.3484E-19
1399.25	7.3428E-19
1399.3	7.3245E-19
1399.35	7.2936E-19
1399.4	7.318E-19
1399.45	7.2656E-19
1399.5	7.2281E-19
1399.55	7.2307E-19
1399.6	7.2063E-19
1399.65	7.1523E-19
1399.7	7.1115E-19
1399.75	7.0739E-19
1399.8	7.0734E-19
1399.85	7.0512E-19
1399.9	7.0253E-19
1399.95	6.9952E-19
1400	6.8902E-19
1400.05	6.8544E-19
1400.1	6.8406E-19
1400.15	6.7992E-19
1400.2	6.8029E-19
1400.25	6.8095E-19
1400.3	6.8194E-19
1400.35	6.7454E-19
1400.4	6.72E-19
1400.45	6.6935E-19
1400.5	6.6886E-19
1400.55	6.6631E-19
1400.6	6.6502E-19
1400.65	6.6874E-19
1400.7	6.652E-19
1400.75	6.6472E-19
1400.8	6.6614E-19
1400.85	6.6699E-19
1400.9	6.6095E-19
1400.95	6.5384E-19
1401	6.5298E-19
1401.05	6.5313E-19
1401.1	6.4947E-19
1401.15	6.4264E-19
1401.2	6.4113E-19
1401.25	6.3845E-19
1401.3	6.4025E-19
1401.35	6.3534E-19
1401.4	6.3766E-19
1401.45	6.3537E-19
1401.5	6.3182E-19
1401.55	6.2743E-19
1401.6	6.2262E-19
1401.65	6.2272E-19
1401.7	6.2217E-19
1401.75	6.1976E-19
1401.8	6.1684E-19
1401.85	6.1985E-19
1401.9	6.1848E-19
1401.95	6.1518E-19
1402	6.1222E-19
1402.05	6.1013E-19
1402.1	6.1272E-19
1402.15	6.0811E-19
1402.2	6.0161E-19
1402.25	5.9743E-19
1402.3	5.9416E-19
1402.35	5.9427E-19
1402.4	5.9321E-19
1402.45	5.9151E-19
1402.5	5.8704E-19
1402.55	5.8705E-19
1402.6	5.8986E-19
1402.65	5.9099E-19
1402.7	5.9385E-19
1402.75	5.9276E-19
1402.8	5.8606E-19
1402.85	5.8207E-19
1402.9	5.789E-19
1402.95	5.8038E-19
1403	5.7561E-19
1403.05	5.7258E-19
1403.1	5.7128E-19
1403.15	5.6456E-19
1403.2	5.654E-19
1403.25	5.6333E-19
1403.3	5.6107E-19
1403.35	5.5924E-19
1403.4	5.5803E-19
1403.45	5.5544E-19
1403.5	5.5335E-19
1403.55	5.4815E-19
1403.6	5.4732E-19
1403.65	5.4442E-19
1403.7	5.4012E-19
1403.75	5.4114E-19
1403.8	5.4012E-19
1403.85	5.4054E-19
1403.9	5.3954E-19
1403.95	5.3513E-19
1404	5.3675E-19
1404.05	5.3587E-19
1404.1	5.3556E-19
1404.15	5.3617E-19
1404.2	5.3344E-19
1404.25	5.3484E-19
1404.3	5.3188E-19
1404.35	5.2885E-19
1404.4	5.2769E-19
1404.45	5.2403E-19
1404.5	5.1906E-19
1404.55	5.192E-19
1404.6	5.1527E-19
1404.65	5.1189E-19
1404.7	5.1267E-19
1404.75	5.1141E-19
1404.8	5.1033E-19
1404.85	5.0691E-19
1404.9	5.0727E-19
1404.95	5.0966E-19
1405	5.0586E-19
1405.05	5.0068E-19
1405.1	4.9641E-19
1405.15	4.9586E-19
1405.2	4.9338E-19
1405.25	4.9196E-19
1405.3	4.9015E-19
1405.35	4.921E-19
1405.4	4.9221E-19
1405.45	4.8958E-19
1405.5	4.8646E-19
1405.55	4.8535E-19
1405.6	4.8294E-19
1405.65	4.815E-19
1405.7	4.7838E-19
1405.75	4.7576E-19
1405.8	4.7418E-19
1405.85	4.7292E-19
1405.9	4.7054E-19
1405.95	4.7203E-19
1406	4.7008E-19
1406.05	4.7068E-19
1406.1	4.6788E-19
1406.15	4.6799E-19
1406.2	4.6496E-19
1406.25	4.6838E-19
1406.3	4.6375E-19
1406.35	4.6216E-19
1406.4	4.6001E-19
1406.45	4.596E-19
1406.5	4.5827E-19
1406.55	4.5536E-19
1406.6	4.5387E-19
1406.65	4.5E-19
1406.7	4.4889E-19
1406.75	4.4969E-19
1406.8	4.487E-19
1406.85	4.4635E-19
1406.9	4.4462E-19
1406.95	4.4421E-19
1407	4.4264E-19
1407.05	4.4157E-19
1407.1	4.3933E-19
1407.15	4.3856E-19
1407.2	4.3488E-19
1407.25	4.3266E-19
1407.3	4.3045E-19
1407.35	4.3047E-19
1407.4	4.2861E-19
1407.45	4.2503E-19
1407.5	4.2365E-19
1407.55	4.2045E-19
1407.6	4.1873E-19
1407.65	4.1832E-19
1407.7	4.1659E-19
1407.75	4.1469E-19
1407.8	4.123E-19
1407.85	4.1505E-19
1407.9	4.1193E-19
1407.95	4.1051E-19
1408	4.1122E-19
1408.05	4.0947E-19
1408.1	4.0744E-19
1408.15	4.0546E-19
1408.2	4.0638E-19
1408.25	4.0536E-19
1408.3	4.0128E-19
1408.35	3.9933E-19
1408.4	3.9735E-19
1408.45	3.945E-19
1408.5	3.9273E-19
1408.55	3.9348E-19
1408.6	3.9081E-19
1408.65	3.9092E-19
1408.7	3.8765E-19
1408.75	3.8806E-19
1408.8	3.8874E-19
1408.85	3.8666E-19
1408.9	3.8488E-19
1408.95	3.8203E-19
1409	3.816E-19
1409.05	3.7993E-19
1409.1	3.7736E-19
1409.15	3.7538E-19
1409.2	3.7371E-19
1409.25	3.7087E-19
1409.3	3.6951E-19
1409.35	3.6965E-19
1409.4	3.6957E-19
1409.45	3.6627E-19
1409.5	3.6311E-19
1409.55	3.6151E-19
1409.6	3.6049E-19
1409.65	3.5991E-19
1409.7	3.5945E-19
1409.75	3.5761E-19
1409.8	3.5598E-19
1409.85	3.5336E-19
1409.9	3.5311E-19
1409.95	3.5234E-19
1410	3.5273E-19
1410.05	3.5206E-19
1410.1	3.4837E-19
1410.15	3.4448E-19
1410.2	3.4213E-19
1410.25	3.4342E-19
1410.3	3.4234E-19
1410.35	3.4141E-19
1410.4	3.394E-19
1410.45	3.3924E-19
1410.5	3.3777E-19
1410.55	3.3689E-19
1410.6	3.353E-19
1410.65	3.3489E-19
1410.7	3.3412E-19
1410.75	3.305E-19
1410.8	3.3316E-19
1410.85	3.309E-19
1410.9	3.2647E-19
1410.95	3.2611E-19
1411	3.2492E-19
1411.05	3.2374E-19
1411.1	3.2203E-19
1411.15	3.2087E-19
1411.2	3.2087E-19
1411.25	3.1722E-19
1411.3	3.1609E-19
1411.35	3.1717E-19
1411.4	3.1693E-19
1411.45	3.1716E-19
1411.5	3.158E-19
1411.55	3.1532E-19
1411.6	3.1666E-19
1411.65	3.1536E-19
1411.7	3.1511E-19
1411.75	3.1299E-19
1411.8	3.1236E-19
1411.85	3.1176E-19
1411.9	3.1079E-19
1411.95	3.0775E-19
1412	3.0699E-19
1412.05	3.0237E-19
1412.1	3.0066E-19
1412.15	3.0123E-19
1412.2	3.0084E-19
1412.25	3.0066E-19
1412.3	2.9838E-19
1412.35	2.9782E-19
1412.4	2.965E-19
1412.45	2.9501E-19
1412.5	2.9601E-19
1412.55	2.9485E-19
1412.6	2.9234E-19
1412.65	2.9182E-19
1412.7	2.9163E-19
1412.75	2.8973E-19
1412.8	2.9065E-19
1412.85	2.8984E-19
1412.9	2.9072E-19
1412.95	2.8951E-19
1413	2.8801E-19
1413.05	2.8669E-19
1413.1	2.8509E-19
1413.15	2.8453E-19
1413.2	2.82E-19
1413.25	2.7898E-19
1413.3	2.7961E-19
1413.35	2.8064E-19
1413.4	2.8046E-19
1413.45	2.7964E-19
1413.5	2.7859E-19
1413.55	2.7875E-19
1413.6	2.7853E-19
1413.65	2.7499E-19
1413.7	2.7509E-19
1413.75	2.7473E-19
1413.8	2.733E-19
1413.85	2.7191E-19
1413.9	2.7053E-19
1413.95	2.7009E-19
1414	2.6898E-19
1414.05	2.6836E-19
1414.1	2.6582E-19
1414.15	2.6644E-19
1414.2	2.6495E-19
1414.25	2.6394E-19
1414.3	2.6121E-19
1414.35	2.5906E-19
1414.4	2.5666E-19
1414.45	2.5746E-19
1414.5	2.5609E-19
1414.55	2.5517E-19
1414.6	2.5507E-19
1414.65	2.5369E-19
1414.7	2.5191E-19
1414.75	2.4884E-19
1414.8	2.4907E-19
1414.85	2.4816E-19
1414.9	2.4999E-19
1414.95	2.4824E-19
1415	2.4721E-19
1415.05	2.4794E-19
1415.1	2.4623E-19
1415.15	2.4415E-19
1415.2	2.4109E-19
1415.25	2.4235E-19
1415.3	2.4115E-19
1415.35	2.3997E-19
1415.4	2.3752E-19
1415.45	2.36E-19
1415.5	2.3744E-19
1415.55	2.3773E-19
1415.6	2.3607E-19
1415.65	2.3235E-19
1415.7	2.3376E-19
1415.75	2.3324E-19
1415.8	2.308E-19
1415.85	2.3006E-19
1415.9	2.3035E-19
1415.95	2.3072E-19
1416	2.3015E-19
1416.05	2.2913E-19
1416.1	2.2945E-19
1416.15	2.2905E-19
1416.2	2.2846E-19
1416.25	2.2762E-19
1416.3	2.2559E-19
1416.35	2.2422E-19
1416.4	2.2304E-19
1416.45	2.2009E-19
1416.5	2.2009E-19
1416.55	2.1839E-19
1416.6	2.1699E-19
1416.65	2.1665E-19
1416.7	2.1528E-19
1416.75	2.1629E-19
1416.8	2.1591E-19
1416.85	2.1847E-19
1416.9	2.1746E-19
1416.95	2.145E-19
1417	2.1258E-19
1417.05	2.1226E-19
1417.1	2.1053E-19
1417.15	2.1149E-19
1417.2	2.1109E-19
1417.25	2.0906E-19
1417.3	2.0956E-19
1417.35	2.0942E-19
1417.4	2.0756E-19
1417.45	2.0828E-19
1417.5	2.0597E-19
1417.55	2.0658E-19
1417.6	2.0581E-19
1417.65	2.0616E-19
1417.7	2.0474E-19
1417.75	2.0225E-19
1417.8	2.025E-19
1417.85	2.0217E-19
1417.9	2.0116E-19
1417.95	2.0341E-19
1418	2.032E-19
1418.05	2.0195E-19
1418.1	2.031E-19
1418.15	2.0231E-19
1418.2	2.01E-19
1418.25	2.0115E-19
1418.3	2.0165E-19
1418.35	1.9948E-19
1418.4	2.0043E-19
1418.45	2.0165E-19
1418.5	2.0052E-19
1418.55	2.0026E-19
1418.6	1.9922E-19
1418.65	1.9811E-19
1418.7	1.9515E-19
1418.75	1.9497E-19
1418.8	1.957E-19
1418.85	1.9355E-19
1418.9	1.924E-19
1418.95	1.905E-19
1419	1.901E-19
1419.05	1.8843E-19
1419.1	1.8885E-19
1419.15	1.8671E-19
1419.2	1.8608E-19
1419.25	1.8493E-19
1419.3	1.8546E-19
1419.35	1.8393E-19
1419.4	1.8322E-19
1419.45	1.8227E-19
1419.5	1.8041E-19
1419.55	1.803E-19
1419.6	1.808E-19
1419.65	1.8054E-19
1419.7	1.7752E-19
1419.75	1.7675E-19
1419.8	1.7558E-19
1419.85	1.7448E-19
1419.9	1.748E-19
1419.95	1.7344E-19
1420	1.7398E-19
1420.05	1.7378E-19
1420.1	1.745E-19
1420.15	1.7514E-19
1420.2	1.7471E-19
1420.25	1.7282E-19
1420.3	1.7147E-19
1420.35	1.7213E-19
1420.4	1.7145E-19
1420.45	1.6908E-19
1420.5	1.6919E-19
1420.55	1.6943E-19
1420.6	1.6931E-19
1420.65	1.6955E-19
1420.7	1.6793E-19
1420.75	1.6861E-19
1420.8	1.6617E-19
1420.85	1.6475E-19
1420.9	1.6346E-19
1420.95	1.6299E-19
1421	1.6087E-19
1421.05	1.6006E-19
1421.1	1.6073E-19
1421.15	1.5939E-19
1421.2	1.6E-19
1421.25	1.5963E-19
1421.3	1.6122E-19
1421.35	1.604E-19
1421.4	1.5895E-19
1421.45	1.5897E-19
1421.5	1.5671E-19
1421.55	1.5626E-19
1421.6	1.5666E-19
1421.65	1.5459E-19
1421.7	1.5532E-19
1421.75	1.5532E-19
1421.8	1.5573E-19
1421.85	1.5618E-19
1421.9	1.5449E-19
1421.95	1.5529E-19
1422	1.5406E-19
1422.05	1.5325E-19
1422.1	1.5063E-19
1422.15	1.5095E-19
1422.2	1.5153E-19
1422.25	1.5121E-19
1422.3	1.503E-19
1422.35	1.5089E-19
1422.4	1.5214E-19
1422.45	1.5104E-19
1422.5	1.4875E-19
1422.55	1.4642E-19
1422.6	1.4719E-19
1422.65	1.4735E-19
1422.7	1.4733E-19
1422.75	1.4547E-19
1422.8	1.4598E-19
1422.85	1.4816E-19
1422.9	1.4847E-19
1422.95	1.4586E-19
1423	1.4562E-19
1423.05	1.4414E-19
1423.1	1.4251E-19
1423.15	1.406E-19
1423.2	1.3946E-19
1423.25	1.407E-19
1423.3	1.3962E-19
1423.35	1.3709E-19
1423.4	1.3705E-19
1423.45	1.3765E-19
1423.5	1.3852E-19
1423.55	1.3811E-19
1423.6	1.3974E-19
1423.65	1.3914E-19
1423.7	1.3994E-19
1423.75	1.3954E-19
1423.8	1.3874E-19
1423.85	1.3721E-19
1423.9	1.3634E-19
1423.95	1.3641E-19
1424	1.3456E-19
1424.05	1.3409E-19
1424.1	1.3296E-19
1424.15	1.3284E-19
1424.2	1.3151E-19
1424.25	1.3091E-19
1424.3	1.3251E-19
1424.35	1.3095E-19
1424.4	1.31E-19
1424.45	1.2854E-19
1424.5	1.2816E-19
1424.55	1.2816E-19
1424.6	1.29E-19
1424.65	1.2712E-19
1424.7	1.2875E-19
1424.75	1.2916E-19
1424.8	1.2983E-19
1424.85	1.2892E-19
1424.9	1.2856E-19
1424.95	1.2752E-19
1425	1.2659E-19
1425.05	1.2409E-19
1425.1	1.2194E-19
1425.15	1.2044E-19
1425.2	1.2021E-19
1425.25	1.1931E-19
1425.3	1.1809E-19
1425.35	1.1855E-19
1425.4	1.1869E-19
1425.45	1.1896E-19
1425.5	1.1761E-19
1425.55	1.1731E-19
1425.6	1.1994E-19
1425.65	1.1813E-19
1425.7	1.1726E-19
1425.75	1.1716E-19
1425.8	1.1569E-19
1425.85	1.1536E-19
1425.9	1.147E-19
1425.95	1.1463E-19
1426	1.1373E-19
