1196	1.7675E-17
1196.05	1.7747E-17
1196.1	1.7758E-17
1196.15	1.7846E-17
1196.2	1.772E-17
1196.25	1.7757E-17
1196.3	1.7766E-17
1196.35	1.7721E-17
1196.4	1.7719E-17
1196.45	1.7693E-17
1196.5	1.7658E-17
1196.55	1.7674E-17
1196.6	1.7618E-17
1196.65	1.7682E-17
1196.7	1.7653E-17
1196.75	1.7623E-17
1196.8	1.7619E-17
1196.85	1.7613E-17
1196.9	1.7593E-17
1196.95	1.762E-17
1197	1.7636E-17
1197.05	1.7661E-17
1197.1	1.7673E-17
1197.15	1.764E-17
1197.2	1.7697E-17
1197.25	1.7677E-17
1197.3	1.7769E-17
1197.35	1.783E-17
1197.4	1.7777E-17
1197.45	1.7708E-17
1197.5	1.7738E-17
1197.55	1.7659E-17
1197.6	1.7604E-17
1197.65	1.7642E-17
1197.7	1.7758E-17
1197.75	1.7777E-17
1197.8	1.775E-17
1197.85	1.7718E-17
1197.9	1.7716E-17
1197.95	1.772E-17
1198	1.7667E-17
1198.05	1.7596E-17
1198.1	1.7585E-17
1198.15	1.7624E-17
1198.2	1.766E-17
1198.25	1.7654E-17
1198.3	1.7678E-17
1198.35	1.7789E-17
1198.4	1.7754E-17
1198.45	1.7769E-17
1198.5	1.7792E-17
1198.55	1.7751E-17
1198.6	1.7689E-17
1198.65	1.7695E-17
1198.7	1.7699E-17
1198.75	1.7789E-17
1198.8	1.7808E-17
1198.85	1.7719E-17
1198.9	1.7692E-17
1198.95	1.776E-17
1199	1.7769E-17
1199.05	1.7714E-17
1199.1	1.7701E-17
1199.15	1.7768E-17
1199.2	1.771E-17
1199.25	1.7702E-17
1199.3	1.7659E-17
1199.35	1.7645E-17
1199.4	1.756E-17
1199.45	1.7618E-17
1199.5	1.7633E-17
1199.55	1.7636E-17
1199.6	1.7667E-17
1199.65	1.7788E-17
1199.7	1.7788E-17
1199.75	1.7757E-17
1199.8	1.7707E-17
1199.85	1.7773E-17
1199.9	1.7785E-17
1199.95	1.7753E-17
1200	1.7693E-17
1200.05	1.7649E-17
1200.1	1.7655E-17
1200.15	1.7603E-17
1200.2	1.7524E-17
1200.25	1.755E-17
1200.3	1.7529E-17
1200.35	1.7503E-17
1200.4	1.7541E-17
1200.45	1.7569E-17
1200.5	1.7582E-17
1200.55	1.7655E-17
1200.6	1.7685E-17
1200.65	1.7656E-17
1200.7	1.7701E-17
1200.75	1.7715E-17
1200.8	1.7635E-17
1200.85	1.7597E-17
1200.9	1.7688E-17
1200.95	1.7724E-17
1201	1.76E-17
1201.05	1.7574E-17
1201.1	1.7583E-17
1201.15	1.7689E-17
1201.2	1.7733E-17
1201.25	1.7726E-17
1201.3	1.781E-17
1201.35	1.7853E-17
1201.4	1.7911E-17
1201.45	1.781E-17
1201.5	1.7807E-17
1201.55	1.7723E-17
1201.6	1.7728E-17
1201.65	1.7731E-17
1201.7	1.7762E-17
1201.75	1.7703E-17
1201.8	1.7759E-17
1201.85	1.7791E-17
1201.9	1.7609E-17
1201.95	1.7674E-17
1202	1.7716E-17
1202.05	1.7702E-17
1202.1	1.7661E-17
1202.15	1.774E-17
1202.2	1.7761E-17
1202.25	1.7797E-17
1202.3	1.7834E-17
1202.35	1.7788E-17
1202.4	1.775E-17
1202.45	1.7756E-17
1202.5	1.7695E-17
1202.55	1.7698E-17
1202.6	1.7683E-17
1202.65	1.7705E-17
1202.7	1.7668E-17
1202.75	1.7659E-17
1202.8	1.7595E-17
1202.85	1.7631E-17
1202.9	1.7685E-17
1202.95	1.7601E-17
1203	1.7562E-17
1203.05	1.7591E-17
1203.1	1.7648E-17
1203.15	1.7683E-17
1203.2	1.7602E-17
1203.25	1.7621E-17
1203.3	1.7706E-17
1203.35	1.7662E-17
1203.4	1.7606E-17
1203.45	1.764E-17
1203.5	1.7684E-17
1203.55	1.7735E-17
1203.6	1.7688E-17
1203.65	1.7734E-17
1203.7	1.7801E-17
1203.75	1.782E-17
1203.8	1.7768E-17
1203.85	1.773E-17
1203.9	1.7628E-17
1203.95	1.7707E-17
1204	1.7713E-17
1204.05	1.7606E-17
1204.1	1.7655E-17
1204.15	1.7636E-17
1204.2	1.7653E-17
1204.25	1.7589E-17
1204.3	1.755E-17
1204.35	1.7601E-17
1204.4	1.7669E-17
1204.45	1.7631E-17
1204.5	1.7601E-17
1204.55	1.7543E-17
1204.6	1.7667E-17
1204.65	1.7701E-17
1204.7	1.7675E-17
1204.75	1.7599E-17
1204.8	1.7673E-17
1204.85	1.7765E-17
1204.9	1.7757E-17
1204.95	1.7678E-17
1205	1.7671E-17
1205.05	1.7649E-17
1205.1	1.7684E-17
1205.15	1.7656E-17
1205.2	1.7656E-17
1205.25	1.7699E-17
1205.3	1.7645E-17
1205.35	1.7598E-17
1205.4	1.7581E-17
1205.45	1.7594E-17
1205.5	1.7632E-17
1205.55	1.7665E-17
1205.6	1.7656E-17
1205.65	1.778E-17
1205.7	1.7773E-17
1205.75	1.7746E-17
1205.8	1.7698E-17
1205.85	1.7794E-17
1205.9	1.7903E-17
1205.95	1.7806E-17
1206	1.7739E-17
1206.05	1.7768E-17
1206.1	1.7742E-17
1206.15	1.7746E-17
1206.2	1.7774E-17
1206.25	1.7754E-17
1206.3	1.7746E-17
1206.35	1.7743E-17
1206.4	1.7762E-17
1206.45	1.7681E-17
1206.5	1.765E-17
1206.55	1.7689E-17
1206.6	1.7627E-17
1206.65	1.7602E-17
1206.7	1.7525E-17
1206.75	1.7611E-17
1206.8	1.7678E-17
1206.85	1.7622E-17
1206.9	1.7585E-17
1206.95	1.7638E-17
1207	1.7656E-17
1207.05	1.7674E-17
1207.1	1.7614E-17
1207.15	1.7627E-17
1207.2	1.774E-17
1207.25	1.776E-17
1207.3	1.7671E-17
1207.35	1.7667E-17
1207.4	1.7796E-17
1207.45	1.7788E-17
1207.5	1.7629E-17
1207.55	1.7601E-17
1207.6	1.7607E-17
1207.65	1.768E-17
1207.7	1.7658E-17
1207.75	1.7604E-17
1207.8	1.7622E-17
1207.85	1.7645E-17
1207.9	1.7565E-17
1207.95	1.7559E-17
1208	1.7653E-17
1208.05	1.7685E-17
1208.1	1.7621E-17
1208.15	1.7591E-17
1208.2	1.7591E-17
1208.25	1.7576E-17
1208.3	1.7626E-17
1208.35	1.7537E-17
1208.4	1.756E-17
1208.45	1.7573E-17
1208.5	1.7617E-17
1208.55	1.762E-17
1208.6	1.7563E-17
1208.65	1.7548E-17
1208.7	1.7677E-17
1208.75	1.7626E-17
1208.8	1.7519E-17
1208.85	1.7578E-17
1208.9	1.7621E-17
1208.95	1.7606E-17
1209	1.7443E-17
1209.05	1.7412E-17
1209.1	1.7461E-17
1209.15	1.7396E-17
1209.2	1.7426E-17
1209.25	1.7366E-17
1209.3	1.7434E-17
1209.35	1.749E-17
1209.4	1.7499E-17
1209.45	1.7418E-17
1209.5	1.7446E-17
1209.55	1.7387E-17
1209.6	1.743E-17
1209.65	1.744E-17
1209.7	1.7384E-17
1209.75	1.7425E-17
1209.8	1.7491E-17
1209.85	1.7432E-17
1209.9	1.7381E-17
1209.95	1.7328E-17
1210	1.7402E-17
1210.05	1.7394E-17
1210.1	1.7336E-17
1210.15	1.7385E-17
1210.2	1.7376E-17
1210.25	1.7323E-17
1210.3	1.7347E-17
1210.35	1.7215E-17
1210.4	1.7193E-17
1210.45	1.7227E-17
1210.5	1.7161E-17
1210.55	1.7114E-17
1210.6	1.7118E-17
1210.65	1.721E-17
1210.7	1.7261E-17
1210.75	1.7181E-17
1210.8	1.7141E-17
1210.85	1.7228E-17
1210.9	1.7291E-17
1210.95	1.7248E-17
1211	1.7246E-17
1211.05	1.733E-17
1211.1	1.7385E-17
1211.15	1.7291E-17
1211.2	1.7208E-17
1211.25	1.7198E-17
1211.3	1.723E-17
1211.35	1.7215E-17
1211.4	1.7155E-17
1211.45	1.7125E-17
1211.5	1.7183E-17
1211.55	1.7135E-17
1211.6	1.7085E-17
1211.65	1.7021E-17
1211.7	1.7044E-17
1211.75	1.7101E-17
1211.8	1.7058E-17
1211.85	1.6962E-17
1211.9	1.7034E-17
1211.95	1.7045E-17
1212	1.7079E-17
1212.05	1.7047E-17
1212.1	1.7064E-17
1212.15	1.7019E-17
1212.2	1.7018E-17
1212.25	1.7044E-17
1212.3	1.7004E-17
1212.35	1.7055E-17
1212.4	1.7118E-17
1212.45	1.7158E-17
1212.5	1.7038E-17
1212.55	1.7051E-17
1212.6	1.7128E-17
1212.65	1.7184E-17
1212.7	1.7073E-17
1212.75	1.7168E-17
1212.8	1.719E-17
1212.85	1.7213E-17
1212.9	1.715E-17
1212.95	1.7122E-17
1213	1.714E-17
1213.05	1.711E-17
1213.1	1.709E-17
1213.15	1.7103E-17
1213.2	1.7158E-17
1213.25	1.7149E-17
1213.3	1.7097E-17
1213.35	1.7067E-17
1213.4	1.7056E-17
1213.45	1.7081E-17
1213.5	1.7141E-17
1213.55	1.711E-17
1213.6	1.7128E-17
1213.65	1.7271E-17
1213.7	1.73E-17
1213.75	1.7291E-17
1213.8	1.7235E-17
1213.85	1.7256E-17
1213.9	1.7207E-17
1213.95	1.7159E-17
1214	1.7086E-17
1214.05	1.7009E-17
1214.1	1.7054E-17
1214.15	1.7125E-17
1214.2	1.7084E-17
1214.25	1.7048E-17
1214.3	1.7019E-17
1214.35	1.7057E-17
1214.4	1.7047E-17
1214.45	1.6971E-17
1214.5	1.7002E-17
1214.55	1.701E-17
1214.6	1.6963E-17
1214.65	1.6901E-17
1214.7	1.6883E-17
1214.75	1.6938E-17
1214.8	1.6939E-17
1214.85	1.6862E-17
1214.9	1.6867E-17
1214.95	1.691E-17
1215	1.6917E-17
1215.05	1.6924E-17
1215.1	1.6952E-17
1215.15	1.6939E-17
1215.2	1.699E-17
1215.25	1.7012E-17
1215.3	1.6946E-17
1215.35	1.6893E-17
1215.4	1.6922E-17
1215.45	1.6953E-17
1215.5	1.6951E-17
1215.55	1.6946E-17
1215.6	1.6946E-17
1215.65	1.6981E-17
1215.7	1.6965E-17
1215.75	1.6912E-17
1215.8	1.695E-17
1215.85	1.6992E-17
1215.9	1.6985E-17
1215.95	1.6993E-17
1216	1.7059E-17
1216.05	1.7046E-17
1216.1	1.7054E-17
1216.15	1.7032E-17
1216.2	1.6965E-17
1216.25	1.6984E-17
1216.3	1.6966E-17
1216.35	1.6941E-17
1216.4	1.6916E-17
1216.45	1.6857E-17
1216.5	1.6874E-17
1216.55	1.6913E-17
1216.6	1.6816E-17
1216.65	1.6809E-17
1216.7	1.689E-17
1216.75	1.686E-17
1216.8	1.6832E-17
1216.85	1.6818E-17
1216.9	1.6856E-17
1216.95	1.6877E-17
1217	1.6787E-17
1217.05	1.6785E-17
1217.1	1.6865E-17
1217.15	1.694E-17
1217.2	1.6944E-17
1217.25	1.6864E-17
1217.3	1.6859E-17
1217.35	1.6868E-17
1217.4	1.686E-17
1217.45	1.6802E-17
1217.5	1.6753E-17
1217.55	1.6814E-17
1217.6	1.6924E-17
1217.65	1.692E-17
1217.7	1.6975E-17
1217.75	1.7056E-17
1217.8	1.7109E-17
1217.85	1.7022E-17
1217.9	1.6943E-17
1217.95	1.6973E-17
1218	1.7017E-17
1218.05	1.7025E-17
1218.1	1.7E-17
1218.15	1.7044E-17
1218.2	1.6986E-17
1218.25	1.6982E-17
1218.3	1.6997E-17
1218.35	1.6927E-17
1218.4	1.6969E-17
1218.45	1.6929E-17
1218.5	1.6928E-17
1218.55	1.6976E-17
1218.6	1.6908E-17
1218.65	1.6984E-17
1218.7	1.6982E-17
1218.75	1.6946E-17
1218.8	1.7043E-17
1218.85	1.7069E-17
1218.9	1.7009E-17
1218.95	1.7022E-17
1219	1.7075E-17
1219.05	1.7095E-17
1219.1	1.7073E-17
1219.15	1.7027E-17
1219.2	1.7004E-17
1219.25	1.6983E-17
1219.3	1.6988E-17
1219.35	1.7005E-17
1219.4	1.6925E-17
1219.45	1.7018E-17
1219.5	1.7012E-17
1219.55	1.7048E-17
1219.6	1.7065E-17
1219.65	1.704E-17
1219.7	1.7069E-17
1219.75	1.7151E-17
1219.8	1.7122E-17
1219.85	1.7061E-17
1219.9	1.7005E-17
1219.95	1.7045E-17
1220	1.7069E-17
1220.05	1.705E-17
1220.1	1.7097E-17
1220.15	1.7111E-17
1220.2	1.6991E-17
1220.25	1.697E-17
1220.3	1.705E-17
1220.35	1.7104E-17
1220.4	1.7092E-17
1220.45	1.7058E-17
1220.5	1.703E-17
1220.55	1.7116E-17
1220.6	1.7003E-17
1220.65	1.6999E-17
1220.7	1.7006E-17
1220.75	1.7074E-17
1220.8	1.7124E-17
1220.85	1.7147E-17
1220.9	1.7134E-17
1220.95	1.7088E-17
1221	1.7091E-17
1221.05	1.7142E-17
1221.1	1.7202E-17
1221.15	1.7167E-17
1221.2	1.7152E-17
1221.25	1.7197E-17
1221.3	1.7182E-17
1221.35	1.71E-17
1221.4	1.7094E-17
1221.45	1.7155E-17
1221.5	1.708E-17
1221.55	1.7033E-17
1221.6	1.7064E-17
1221.65	1.7129E-17
1221.7	1.7182E-17
1221.75	1.7118E-17
1221.8	1.7096E-17
1221.85	1.7144E-17
1221.9	1.7141E-17
1221.95	1.716E-17
1222	1.7102E-17
1222.05	1.7023E-17
1222.1	1.7053E-17
1222.15	1.7107E-17
1222.2	1.7051E-17
1222.25	1.7073E-17
1222.3	1.7113E-17
1222.35	1.7177E-17
1222.4	1.7136E-17
1222.45	1.7067E-17
1222.5	1.7196E-17
1222.55	1.7239E-17
1222.6	1.7212E-17
1222.65	1.7157E-17
1222.7	1.7179E-17
1222.75	1.7208E-17
1222.8	1.7147E-17
1222.85	1.7114E-17
1222.9	1.7144E-17
1222.95	1.7125E-17
1223	1.717E-17
1223.05	1.7226E-17
1223.1	1.7141E-17
1223.15	1.7104E-17
1223.2	1.7139E-17
1223.25	1.7114E-17
1223.3	1.7125E-17
1223.35	1.7118E-17
1223.4	1.7189E-17
1223.45	1.7232E-17
1223.5	1.7156E-17
1223.55	1.7196E-17
1223.6	1.7274E-17
1223.65	1.7288E-17
1223.7	1.7249E-17
1223.75	1.7139E-17
1223.8	1.7175E-17
1223.85	1.7201E-17
1223.9	1.7124E-17
1223.95	1.7171E-17
1224	1.7191E-17
1224.05	1.7158E-17
1224.1	1.7211E-17
1224.15	1.7229E-17
1224.2	1.7216E-17
1224.25	1.7224E-17
1224.3	1.7225E-17
1224.35	1.7182E-17
1224.4	1.711E-17
1224.45	1.7114E-17
1224.5	1.7136E-17
1224.55	1.7049E-17
1224.6	1.7072E-17
1224.65	1.7068E-17
1224.7	1.7041E-17
1224.75	1.7027E-17
1224.8	1.6969E-17
1224.85	1.6936E-17
1224.9	1.7098E-17
1224.95	1.7055E-17
1225	1.6985E-17
1225.05	1.6987E-17
1225.1	1.699E-17
1225.15	1.7048E-17
1225.2	1.6996E-17
1225.25	1.6907E-17
1225.3	1.6937E-17
1225.35	1.6959E-17
1225.4	1.7003E-17
1225.45	1.7042E-17
1225.5	1.7019E-17
1225.55	1.706E-17
1225.6	1.7109E-17
1225.65	1.7067E-17
1225.7	1.7029E-17
1225.75	1.7041E-17
1225.8	1.702E-17
1225.85	1.7023E-17
1225.9	1.6956E-17
1225.95	1.7009E-17
1226	1.7074E-17
1226.05	1.7044E-17
1226.1	1.7E-17
1226.15	1.699E-17
1226.2	1.701E-17
1226.25	1.7051E-17
1226.3	1.7094E-17
1226.35	1.7058E-17
1226.4	1.7063E-17
1226.45	1.7081E-17
1226.5	1.705E-17
1226.55	1.7011E-17
1226.6	1.7016E-17
1226.65	1.705E-17
1226.7	1.7008E-17
1226.75	1.701E-17
1226.8	1.7021E-17
1226.85	1.7067E-17
1226.9	1.7093E-17
1226.95	1.6999E-17
1227	1.7031E-17
1227.05	1.7033E-17
1227.1	1.7061E-17
1227.15	1.7056E-17
1227.2	1.7043E-17
1227.25	1.7091E-17
1227.3	1.71E-17
1227.35	1.7095E-17
1227.4	1.7043E-17
1227.45	1.7034E-17
1227.5	1.6975E-17
1227.55	1.699E-17
1227.6	1.6977E-17
1227.65	1.6925E-17
1227.7	1.701E-17
1227.75	1.6984E-17
1227.8	1.6999E-17
1227.85	1.6918E-17
1227.9	1.6991E-17
1227.95	1.7006E-17
1228	1.6945E-17
1228.05	1.6916E-17
1228.1	1.6952E-17
1228.15	1.704E-17
1228.2	1.7043E-17
1228.25	1.7035E-17
1228.3	1.709E-17
1228.35	1.7137E-17
1228.4	1.7123E-17
1228.45	1.7083E-17
1228.5	1.7055E-17
1228.55	1.7067E-17
1228.6	1.7091E-17
1228.65	1.7094E-17
1228.7	1.7074E-17
1228.75	1.6974E-17
1228.8	1.7021E-17
1228.85	1.7069E-17
1228.9	1.7008E-17
1228.95	1.7002E-17
1229	1.7063E-17
1229.05	1.7055E-17
1229.1	1.7E-17
1229.15	1.6983E-17
1229.2	1.6949E-17
1229.25	1.6972E-17
1229.3	1.7006E-17
1229.35	1.695E-17
1229.4	1.6988E-17
1229.45	1.7039E-17
1229.5	1.7029E-17
1229.55	1.6999E-17
1229.6	1.7036E-17
1229.65	1.7079E-17
1229.7	1.709E-17
1229.75	1.7115E-17
1229.8	1.7082E-17
1229.85	1.7107E-17
1229.9	1.717E-17
1229.95	1.7168E-17
1230	1.7148E-17
1230.05	1.715E-17
1230.1	1.7132E-17
1230.15	1.711E-17
1230.2	1.7125E-17
1230.25	1.7151E-17
1230.3	1.7229E-17
1230.35	1.7245E-17
1230.4	1.7233E-17
1230.45	1.7185E-17
1230.5	1.7219E-17
1230.55	1.7208E-17
1230.6	1.7173E-17
1230.65	1.7149E-17
1230.7	1.7219E-17
1230.75	1.7225E-17
1230.8	1.7149E-17
1230.85	1.7188E-17
1230.9	1.7146E-17
1230.95	1.7176E-17
1231	1.7183E-17
1231.05	1.7136E-17
1231.1	1.7095E-17
1231.15	1.7122E-17
1231.2	1.7116E-17
1231.25	1.7131E-17
1231.3	1.7133E-17
1231.35	1.7127E-17
1231.4	1.7157E-17
1231.45	1.7174E-17
1231.5	1.7163E-17
1231.55	1.7101E-17
1231.6	1.7141E-17
1231.65	1.7214E-17
1231.7	1.7159E-17
1231.75	1.7177E-17
1231.8	1.7242E-17
1231.85	1.726E-17
1231.9	1.7235E-17
1231.95	1.7189E-17
1232	1.7179E-17
1232.05	1.7236E-17
1232.1	1.7236E-17
1232.15	1.7191E-17
1232.2	1.7164E-17
1232.25	1.7163E-17
1232.3	1.7185E-17
1232.35	1.7145E-17
1232.4	1.7133E-17
1232.45	1.7151E-17
1232.5	1.7123E-17
1232.55	1.7083E-17
1232.6	1.705E-17
1232.65	1.71E-17
1232.7	1.7096E-17
1232.75	1.7034E-17
1232.8	1.7034E-17
1232.85	1.7105E-17
1232.9	1.7121E-17
1232.95	1.7118E-17
1233	1.7081E-17
1233.05	1.7136E-17
1233.1	1.7171E-17
1233.15	1.72E-17
1233.2	1.716E-17
1233.25	1.7183E-17
1233.3	1.7199E-17
1233.35	1.7207E-17
1233.4	1.7218E-17
1233.45	1.7174E-17
1233.5	1.7191E-17
1233.55	1.7221E-17
1233.6	1.7231E-17
1233.65	1.7167E-17
1233.7	1.7206E-17
1233.75	1.7265E-17
1233.8	1.7313E-17
1233.85	1.7276E-17
1233.9	1.7214E-17
1233.95	1.7284E-17
1234	1.7331E-17
1234.05	1.7341E-17
1234.1	1.7316E-17
1234.15	1.7317E-17
1234.2	1.7335E-17
1234.25	1.7319E-17
1234.3	1.7328E-17
1234.35	1.7274E-17
1234.4	1.7313E-17
1234.45	1.7319E-17
1234.5	1.7251E-17
1234.55	1.7268E-17
1234.6	1.7249E-17
1234.65	1.7292E-17
1234.7	1.7261E-17
1234.75	1.7226E-17
1234.8	1.7287E-17
1234.85	1.7308E-17
1234.9	1.7308E-17
1234.95	1.7279E-17
1235	1.7296E-17
1235.05	1.7338E-17
1235.1	1.7347E-17
1235.15	1.7349E-17
1235.2	1.7326E-17
1235.25	1.7365E-17
1235.3	1.7415E-17
1235.35	1.7398E-17
1235.4	1.7381E-17
1235.45	1.7376E-17
1235.5	1.7399E-17
1235.55	1.7427E-17
1235.6	1.7405E-17
1235.65	1.7352E-17
1235.7	1.7415E-17
1235.75	1.7398E-17
1235.8	1.7363E-17
1235.85	1.7331E-17
1235.9	1.7335E-17
1235.95	1.7317E-17
1236	1.7372E-17
1236.05	1.7302E-17
1236.1	1.7326E-17
1236.15	1.7392E-17
1236.2	1.7368E-17
1236.25	1.7372E-17
1236.3	1.7389E-17
1236.35	1.7437E-17
1236.4	1.7475E-17
1236.45	1.7436E-17
1236.5	1.7435E-17
1236.55	1.741E-17
1236.6	1.7398E-17
1236.65	1.7395E-17
1236.7	1.7355E-17
1236.75	1.7431E-17
1236.8	1.7531E-17
1236.85	1.7487E-17
1236.9	1.7463E-17
1236.95	1.7476E-17
1237	1.7487E-17
1237.05	1.7499E-17
1237.1	1.7476E-17
1237.15	1.7463E-17
1237.2	1.7452E-17
1237.25	1.7417E-17
1237.3	1.7442E-17
1237.35	1.7418E-17
1237.4	1.7461E-17
1237.45	1.7541E-17
1237.5	1.7475E-17
1237.55	1.7401E-17
1237.6	1.746E-17
1237.65	1.7447E-17
1237.7	1.7401E-17
1237.75	1.7388E-17
1237.8	1.7393E-17
1237.85	1.7427E-17
1237.9	1.7411E-17
1237.95	1.7345E-17
1238	1.7284E-17
1238.05	1.727E-17
1238.1	1.7313E-17
1238.15	1.7297E-17
1238.2	1.7311E-17
1238.25	1.7332E-17
1238.3	1.732E-17
1238.35	1.7305E-17
1238.4	1.7359E-17
1238.45	1.7429E-17
1238.5	1.7429E-17
1238.55	1.7428E-17
1238.6	1.7393E-17
1238.65	1.7431E-17
1238.7	1.7449E-17
1238.75	1.7448E-17
1238.8	1.7378E-17
1238.85	1.7339E-17
1238.9	1.7352E-17
1238.95	1.732E-17
1239	1.731E-17
1239.05	1.735E-17
1239.1	1.7287E-17
1239.15	1.7321E-17
1239.2	1.7353E-17
1239.25	1.7319E-17
1239.3	1.7348E-17
1239.35	1.7398E-17
1239.4	1.7432E-17
1239.45	1.7444E-17
1239.5	1.7478E-17
1239.55	1.7511E-17
1239.6	1.7499E-17
1239.65	1.7422E-17
1239.7	1.7421E-17
1239.75	1.747E-17
1239.8	1.745E-17
1239.85	1.7461E-17
1239.9	1.7424E-17
1239.95	1.7467E-17
1240	1.7503E-17
1240.05	1.7484E-17
1240.1	1.7522E-17
1240.15	1.7455E-17
1240.2	1.7482E-17
1240.25	1.7523E-17
1240.3	1.749E-17
1240.35	1.7499E-17
1240.4	1.7505E-17
1240.45	1.7519E-17
1240.5	1.752E-17
1240.55	1.7425E-17
1240.6	1.7429E-17
1240.65	1.747E-17
1240.7	1.7445E-17
1240.75	1.7397E-17
1240.8	1.7383E-17
1240.85	1.7418E-17
1240.9	1.7483E-17
1240.95	1.7442E-17
1241	1.7478E-17
1241.05	1.7487E-17
1241.1	1.749E-17
1241.15	1.7511E-17
1241.2	1.7486E-17
1241.25	1.7488E-17
1241.3	1.746E-17
1241.35	1.7464E-17
1241.4	1.7443E-17
1241.45	1.7421E-17
1241.5	1.7437E-17
1241.55	1.7491E-17
1241.6	1.7479E-17
1241.65	1.747E-17
1241.7	1.7476E-17
1241.75	1.7459E-17
1241.8	1.7441E-17
1241.85	1.7442E-17
1241.9	1.7434E-17
1241.95	1.7491E-17
1242	1.7519E-17
1242.05	1.7544E-17
1242.1	1.7541E-17
1242.15	1.7553E-17
1242.2	1.7625E-17
1242.25	1.7626E-17
1242.3	1.7604E-17
1242.35	1.7671E-17
1242.4	1.7614E-17
1242.45	1.7643E-17
1242.5	1.7632E-17
1242.55	1.7622E-17
1242.6	1.768E-17
1242.65	1.768E-17
1242.7	1.7639E-17
1242.75	1.7581E-17
1242.8	1.7566E-17
1242.85	1.7615E-17
1242.9	1.7608E-17
1242.95	1.759E-17
1243	1.7604E-17
1243.05	1.7609E-17
1243.1	1.7649E-17
1243.15	1.7622E-17
1243.2	1.7646E-17
1243.25	1.7702E-17
1243.3	1.7665E-17
1243.35	1.7622E-17
1243.4	1.7612E-17
1243.45	1.7601E-17
1243.5	1.763E-17
1243.55	1.7608E-17
1243.6	1.7608E-17
1243.65	1.7639E-17
1243.7	1.7647E-17
1243.75	1.7618E-17
1243.8	1.7677E-17
1243.85	1.7689E-17
1243.9	1.7708E-17
1243.95	1.7779E-17
1244	1.773E-17
1244.05	1.7774E-17
1244.1	1.7743E-17
1244.15	1.7772E-17
1244.2	1.7723E-17
1244.25	1.7667E-17
1244.3	1.7681E-17
1244.35	1.7678E-17
1244.4	1.7664E-17
1244.45	1.7613E-17
1244.5	1.758E-17
1244.55	1.7607E-17
1244.6	1.7589E-17
1244.65	1.7547E-17
1244.7	1.7574E-17
1244.75	1.7589E-17
1244.8	1.7579E-17
1244.85	1.7617E-17
1244.9	1.7612E-17
1244.95	1.7595E-17
1245	1.7629E-17
1245.05	1.7567E-17
1245.1	1.7591E-17
1245.15	1.7602E-17
1245.2	1.7603E-17
1245.25	1.7636E-17
1245.3	1.762E-17
1245.35	1.7637E-17
1245.4	1.7666E-17
1245.45	1.7719E-17
1245.5	1.774E-17
1245.55	1.7721E-17
1245.6	1.7783E-17
1245.65	1.7811E-17
1245.7	1.7765E-17
1245.75	1.7777E-17
1245.8	1.7771E-17
1245.85	1.7782E-17
1245.9	1.7796E-17
1245.95	1.7727E-17
1246	1.7797E-17
1246.05	1.7826E-17
1246.1	1.7787E-17
1246.15	1.7747E-17
1246.2	1.775E-17
1246.25	1.776E-17
1246.3	1.774E-17
1246.35	1.7717E-17
1246.4	1.769E-17
1246.45	1.7725E-17
1246.5	1.7758E-17
1246.55	1.7725E-17
1246.6	1.7708E-17
1246.65	1.7631E-17
1246.7	1.77E-17
1246.75	1.77E-17
1246.8	1.7715E-17
1246.85	1.7684E-17
1246.9	1.7771E-17
1246.95	1.7849E-17
1247	1.7837E-17
1247.05	1.7822E-17
1247.1	1.7849E-17
1247.15	1.7835E-17
1247.2	1.7821E-17
1247.25	1.7808E-17
1247.3	1.7821E-17
1247.35	1.7839E-17
1247.4	1.7818E-17
1247.45	1.7786E-17
1247.5	1.7803E-17
1247.55	1.7828E-17
1247.6	1.7794E-17
1247.65	1.7783E-17
1247.7	1.7787E-17
1247.75	1.7774E-17
1247.8	1.7783E-17
1247.85	1.7789E-17
1247.9	1.7783E-17
1247.95	1.7754E-17
1248	1.7808E-17
1248.05	1.7792E-17
1248.1	1.7805E-17
1248.15	1.7914E-17
1248.2	1.7911E-17
1248.25	1.7862E-17
1248.3	1.7881E-17
1248.35	1.7883E-17
1248.4	1.7904E-17
1248.45	1.7936E-17
1248.5	1.7928E-17
1248.55	1.7922E-17
1248.6	1.7953E-17
1248.65	1.7965E-17
1248.7	1.7877E-17
1248.75	1.7816E-17
1248.8	1.7833E-17
1248.85	1.7926E-17
1248.9	1.7958E-17
1248.95	1.7947E-17
1249	1.7961E-17
1249.05	1.7955E-17
1249.1	1.7924E-17
1249.15	1.7885E-17
1249.2	1.7883E-17
1249.25	1.7885E-17
1249.3	1.7907E-17
1249.35	1.7892E-17
1249.4	1.7882E-17
1249.45	1.7866E-17
1249.5	1.7855E-17
1249.55	1.788E-17
1249.6	1.7886E-17
1249.65	1.787E-17
1249.7	1.7931E-17
1249.75	1.7887E-17
1249.8	1.7892E-17
1249.85	1.7919E-17
1249.9	1.797E-17
1249.95	1.7975E-17
1250	1.7975E-17
1250.05	1.7973E-17
1250.1	1.8E-17
1250.15	1.7991E-17
1250.2	1.7954E-17
1250.25	1.8033E-17
1250.3	1.7996E-17
1250.35	1.8007E-17
1250.4	1.8003E-17
1250.45	1.795E-17
1250.5	1.7966E-17
1250.55	1.8004E-17
1250.6	1.8009E-17
1250.65	1.7998E-17
1250.7	1.8026E-17
1250.75	1.807E-17
1250.8	1.8101E-17
1250.85	1.8068E-17
1250.9	1.8047E-17
1250.95	1.8067E-17
1251	1.8064E-17
1251.05	1.8113E-17
1251.1	1.8073E-17
1251.15	1.8052E-17
1251.2	1.8056E-17
1251.25	1.8069E-17
1251.3	1.8024E-17
1251.35	1.7986E-17
1251.4	1.7959E-17
1251.45	1.7951E-17
1251.5	1.7977E-17
1251.55	1.8012E-17
1251.6	1.7966E-17
1251.65	1.8008E-17
1251.7	1.7986E-17
1251.75	1.7982E-17
1251.8	1.7998E-17
1251.85	1.8017E-17
1251.9	1.8007E-17
1251.95	1.8017E-17
1252	1.8007E-17
1252.05	1.8035E-17
1252.1	1.8075E-17
1252.15	1.804E-17
1252.2	1.7984E-17
1252.25	1.8022E-17
1252.3	1.8063E-17
1252.35	1.8133E-17
1252.4	1.8125E-17
1252.45	1.8133E-17
1252.5	1.8115E-17
1252.55	1.8126E-17
1252.6	1.8107E-17
1252.65	1.809E-17
1252.7	1.8107E-17
1252.75	1.8169E-17
1252.8	1.807E-17
1252.85	1.8071E-17
1252.9	1.8114E-17
1252.95	1.8099E-17
1253	1.8113E-17
1253.05	1.8014E-17
1253.1	1.7967E-17
1253.15	1.8044E-17
1253.2	1.8075E-17
1253.25	1.8048E-17
1253.3	1.8109E-17
1253.35	1.8138E-17
1253.4	1.8167E-17
1253.45	1.8143E-17
1253.5	1.8173E-17
1253.55	1.8151E-17
1253.6	1.8164E-17
1253.65	1.8187E-17
1253.7	1.8169E-17
1253.75	1.8116E-17
1253.8	1.8191E-17
1253.85	1.8205E-17
1253.9	1.8136E-17
1253.95	1.8163E-17
1254	1.818E-17
1254.05	1.8147E-17
1254.1	1.8168E-17
1254.15	1.8175E-17
1254.2	1.8186E-17
1254.25	1.8163E-17
1254.3	1.8166E-17
1254.35	1.8175E-17
1254.4	1.8129E-17
1254.45	1.8157E-17
1254.5	1.8129E-17
1254.55	1.8141E-17
1254.6	1.8149E-17
1254.65	1.8124E-17
1254.7	1.8228E-17
1254.75	1.8206E-17
1254.8	1.8133E-17
1254.85	1.8147E-17
1254.9	1.8179E-17
1254.95	1.8125E-17
1255	1.8133E-17
1255.05	1.8173E-17
1255.1	1.8197E-17
1255.15	1.8216E-17
1255.2	1.8182E-17
1255.25	1.8212E-17
1255.3	1.8217E-17
1255.35	1.8241E-17
1255.4	1.8241E-17
1255.45	1.8268E-17
1255.5	1.825E-17
1255.55	1.8328E-17
1255.6	1.8268E-17
1255.65	1.8269E-17
1255.7	1.8264E-17
1255.75	1.824E-17
1255.8	1.8266E-17
1255.85	1.8215E-17
1255.9	1.8238E-17
1255.95	1.8275E-17
1256	1.825E-17
1256.05	1.825E-17
1256.1	1.8243E-17
1256.15	1.8231E-17
1256.2	1.8261E-17
1256.25	1.821E-17
1256.3	1.8175E-17
1256.35	1.8229E-17
1256.4	1.8226E-17
1256.45	1.8239E-17
1256.5	1.8203E-17
1256.55	1.8207E-17
1256.6	1.8272E-17
1256.65	1.8265E-17
1256.7	1.8169E-17
1256.75	1.8124E-17
1256.8	1.8073E-17
1256.85	1.8131E-17
1256.9	1.8139E-17
1256.95	1.8201E-17
1257	1.8241E-17
1257.05	1.826E-17
1257.1	1.8322E-17
1257.15	1.8275E-17
1257.2	1.8223E-17
1257.25	1.8269E-17
1257.3	1.8249E-17
1257.35	1.8204E-17
1257.4	1.8214E-17
1257.45	1.8233E-17
1257.5	1.8241E-17
1257.55	1.8229E-17
1257.6	1.8205E-17
1257.65	1.8286E-17
1257.7	1.8271E-17
1257.75	1.8254E-17
1257.8	1.8225E-17
1257.85	1.8167E-17
1257.9	1.8244E-17
1257.95	1.8288E-17
1258	1.8247E-17
1258.05	1.8239E-17
1258.1	1.8202E-17
1258.15	1.8228E-17
1258.2	1.8253E-17
1258.25	1.8217E-17
1258.3	1.8221E-17
1258.35	1.8296E-17
1258.4	1.8301E-17
1258.45	1.8253E-17
1258.5	1.822E-17
1258.55	1.8242E-17
1258.6	1.8226E-17
1258.65	1.8176E-17
1258.7	1.8184E-17
1258.75	1.8197E-17
1258.8	1.8187E-17
1258.85	1.8189E-17
1258.9	1.8188E-17
1258.95	1.8225E-17
1259	1.8284E-17
1259.05	1.8274E-17
1259.1	1.835E-17
1259.15	1.8345E-17
1259.2	1.8309E-17
1259.25	1.8306E-17
1259.3	1.8298E-17
1259.35	1.8286E-17
1259.4	1.8278E-17
1259.45	1.8239E-17
1259.5	1.8246E-17
1259.55	1.8259E-17
1259.6	1.8242E-17
1259.65	1.83E-17
1259.7	1.8261E-17
1259.75	1.8327E-17
1259.8	1.8342E-17
1259.85	1.8351E-17
1259.9	1.8361E-17
1259.95	1.8336E-17
1260	1.8318E-17
1260.05	1.837E-17
1260.1	1.8378E-17
1260.15	1.8412E-17
1260.2	1.8358E-17
1260.25	1.839E-17
1260.3	1.8424E-17
1260.35	1.8425E-17
1260.4	1.8366E-17
1260.45	1.8414E-17
1260.5	1.8422E-17
1260.55	1.8392E-17
1260.6	1.8323E-17
1260.65	1.8306E-17
1260.7	1.8329E-17
1260.75	1.8306E-17
1260.8	1.825E-17
1260.85	1.8277E-17
1260.9	1.8327E-17
1260.95	1.838E-17
1261	1.8324E-17
1261.05	1.8323E-17
1261.1	1.8402E-17
1261.15	1.8383E-17
1261.2	1.8419E-17
1261.25	1.8496E-17
1261.3	1.8459E-17
1261.35	1.8422E-17
1261.4	1.841E-17
1261.45	1.8447E-17
1261.5	1.8404E-17
1261.55	1.8383E-17
1261.6	1.8383E-17
1261.65	1.8382E-17
1261.7	1.8346E-17
1261.75	1.8384E-17
1261.8	1.8342E-17
1261.85	1.8347E-17
1261.9	1.8345E-17
1261.95	1.8327E-17
1262	1.8354E-17
1262.05	1.8355E-17
1262.1	1.8346E-17
1262.15	1.8355E-17
1262.2	1.8349E-17
1262.25	1.8387E-17
1262.3	1.8371E-17
1262.35	1.8351E-17
1262.4	1.8372E-17
1262.45	1.8392E-17
1262.5	1.8389E-17
1262.55	1.8346E-17
1262.6	1.8289E-17
1262.65	1.8342E-17
1262.7	1.8328E-17
1262.75	1.8301E-17
1262.8	1.8303E-17
1262.85	1.8283E-17
1262.9	1.8296E-17
1262.95	1.8295E-17
1263	1.8266E-17
1263.05	1.8368E-17
1263.1	1.843E-17
1263.15	1.8391E-17
1263.2	1.8393E-17
1263.25	1.8388E-17
1263.3	1.8401E-17
1263.35	1.8388E-17
1263.4	1.8334E-17
1263.45	1.8381E-17
1263.5	1.8314E-17
1263.55	1.8347E-17
1263.6	1.8359E-17
1263.65	1.8317E-17
1263.7	1.8285E-17
1263.75	1.8281E-17
1263.8	1.8298E-17
1263.85	1.8357E-17
1263.9	1.8324E-17
1263.95	1.8326E-17
1264	1.8378E-17
1264.05	1.8406E-17
1264.1	1.8334E-17
1264.15	1.8295E-17
1264.2	1.8337E-17
1264.25	1.832E-17
1264.3	1.8267E-17
1264.35	1.8231E-17
1264.4	1.8278E-17
1264.45	1.8294E-17
1264.5	1.8311E-17
1264.55	1.8305E-17
1264.6	1.8341E-17
1264.65	1.8398E-17
1264.7	1.8412E-17
1264.75	1.8444E-17
1264.8	1.846E-17
1264.85	1.8435E-17
1264.9	1.8478E-17
1264.95	1.8424E-17
1265	1.8359E-17
1265.05	1.8393E-17
1265.1	1.8355E-17
1265.15	1.8334E-17
1265.2	1.8344E-17
1265.25	1.833E-17
1265.3	1.8349E-17
1265.35	1.8286E-17
1265.4	1.8265E-17
1265.45	1.8264E-17
1265.5	1.821E-17
1265.55	1.8262E-17
1265.6	1.8282E-17
1265.65	1.8318E-17
1265.7	1.8288E-17
1265.75	1.8313E-17
1265.8	1.8304E-17
1265.85	1.8333E-17
1265.9	1.8346E-17
1265.95	1.8327E-17
1266	1.8381E-17
1266.05	1.8374E-17
1266.1	1.8361E-17
1266.15	1.8346E-17
1266.2	1.8383E-17
1266.25	1.8394E-17
1266.3	1.8411E-17
1266.35	1.842E-17
1266.4	1.8435E-17
1266.45	1.8394E-17
1266.5	1.8398E-17
1266.55	1.8386E-17
1266.6	1.8358E-17
1266.65	1.8366E-17
1266.7	1.834E-17
1266.75	1.8367E-17
1266.8	1.84E-17
1266.85	1.8429E-17
1266.9	1.8414E-17
1266.95	1.837E-17
1267	1.8387E-17
1267.05	1.8403E-17
1267.1	1.8346E-17
1267.15	1.8392E-17
1267.2	1.8375E-17
1267.25	1.8374E-17
1267.3	1.8438E-17
1267.35	1.8413E-17
1267.4	1.8385E-17
1267.45	1.8413E-17
1267.5	1.8379E-17
1267.55	1.8388E-17
1267.6	1.8319E-17
1267.65	1.8352E-17
1267.7	1.8413E-17
1267.75	1.8382E-17
1267.8	1.8359E-17
1267.85	1.8353E-17
1267.9	1.8327E-17
1267.95	1.8358E-17
1268	1.8327E-17
1268.05	1.8291E-17
1268.1	1.8318E-17
1268.15	1.8305E-17
1268.2	1.8342E-17
1268.25	1.8298E-17
1268.3	1.8346E-17
1268.35	1.8379E-17
1268.4	1.8363E-17
1268.45	1.8361E-17
1268.5	1.8424E-17
1268.55	1.8404E-17
1268.6	1.8417E-17
1268.65	1.84E-17
1268.7	1.8398E-17
1268.75	1.8411E-17
1268.8	1.8411E-17
1268.85	1.8368E-17
1268.9	1.8374E-17
1268.95	1.8372E-17
1269	1.8421E-17
1269.05	1.8383E-17
1269.1	1.834E-17
1269.15	1.8381E-17
1269.2	1.8388E-17
1269.25	1.841E-17
1269.3	1.84E-17
1269.35	1.8338E-17
1269.4	1.8353E-17
1269.45	1.8382E-17
1269.5	1.8353E-17
1269.55	1.8314E-17
1269.6	1.8354E-17
1269.65	1.838E-17
1269.7	1.8356E-17
1269.75	1.8331E-17
1269.8	1.8344E-17
1269.85	1.8347E-17
1269.9	1.8333E-17
1269.95	1.8346E-17
1270	1.834E-17
1270.05	1.8351E-17
1270.1	1.837E-17
1270.15	1.8405E-17
1270.2	1.8402E-17
1270.25	1.8367E-17
1270.3	1.8391E-17
1270.35	1.8409E-17
1270.4	1.8406E-17
1270.45	1.8439E-17
1270.5	1.8406E-17
1270.55	1.8391E-17
1270.6	1.8448E-17
1270.65	1.8412E-17
1270.7	1.8444E-17
1270.75	1.8407E-17
1270.8	1.8345E-17
1270.85	1.8376E-17
1270.9	1.8359E-17
1270.95	1.8317E-17
1271	1.8341E-17
1271.05	1.8313E-17
1271.1	1.8342E-17
1271.15	1.837E-17
1271.2	1.8331E-17
1271.25	1.8341E-17
1271.3	1.8291E-17
1271.35	1.8328E-17
1271.4	1.8315E-17
1271.45	1.8302E-17
1271.5	1.8345E-17
1271.55	1.8391E-17
1271.6	1.8393E-17
1271.65	1.8391E-17
1271.7	1.8364E-17
1271.75	1.8357E-17
1271.8	1.8392E-17
1271.85	1.8357E-17
1271.9	1.8349E-17
1271.95	1.8379E-17
1272	1.8345E-17
1272.05	1.8352E-17
1272.1	1.8319E-17
1272.15	1.8361E-17
1272.2	1.8363E-17
1272.25	1.8288E-17
1272.3	1.8288E-17
1272.35	1.8347E-17
1272.4	1.836E-17
1272.45	1.8403E-17
1272.5	1.8342E-17
1272.55	1.8337E-17
1272.6	1.8381E-17
1272.65	1.839E-17
1272.7	1.8447E-17
1272.75	1.8332E-17
1272.8	1.8359E-17
1272.85	1.839E-17
1272.9	1.8403E-17
1272.95	1.8446E-17
1273	1.8462E-17
1273.05	1.8442E-17
1273.1	1.8444E-17
1273.15	1.8396E-17
1273.2	1.838E-17
1273.25	1.8422E-17
1273.3	1.8425E-17
1273.35	1.8479E-17
1273.4	1.85E-17
1273.45	1.8463E-17
1273.5	1.8494E-17
1273.55	1.85E-17
1273.6	1.8491E-17
1273.65	1.8515E-17
1273.7	1.8499E-17
1273.75	1.8502E-17
1273.8	1.8485E-17
1273.85	1.8426E-17
1273.9	1.8408E-17
1273.95	1.8358E-17
1274	1.8324E-17
1274.05	1.8332E-17
1274.1	1.8317E-17
1274.15	1.8362E-17
1274.2	1.8335E-17
1274.25	1.8324E-17
1274.3	1.8322E-17
1274.35	1.828E-17
1274.4	1.8322E-17
1274.45	1.8353E-17
1274.5	1.8347E-17
1274.55	1.8378E-17
1274.6	1.8392E-17
1274.65	1.8323E-17
1274.7	1.8369E-17
1274.75	1.836E-17
1274.8	1.832E-17
1274.85	1.8414E-17
1274.9	1.8363E-17
1274.95	1.8341E-17
1275	1.836E-17
1275.05	1.8376E-17
1275.1	1.8378E-17
1275.15	1.837E-17
1275.2	1.8349E-17
1275.25	1.8343E-17
1275.3	1.8346E-17
1275.35	1.8331E-17
1275.4	1.831E-17
1275.45	1.835E-17
1275.5	1.8348E-17
1275.55	1.832E-17
1275.6	1.835E-17
1275.65	1.832E-17
1275.7	1.8309E-17
1275.75	1.835E-17
1275.8	1.8342E-17
1275.85	1.8328E-17
1275.9	1.8315E-17
1275.95	1.8277E-17
1276	1.8229E-17
1276.05	1.8235E-17
1276.1	1.8227E-17
1276.15	1.8226E-17
1276.2	1.8242E-17
1276.25	1.8238E-17
1276.3	1.8197E-17
1276.35	1.8242E-17
1276.4	1.8235E-17
1276.45	1.8232E-17
1276.5	1.8199E-17
1276.55	1.8229E-17
1276.6	1.8231E-17
1276.65	1.8212E-17
1276.7	1.8149E-17
1276.75	1.8161E-17
1276.8	1.8186E-17
1276.85	1.8222E-17
1276.9	1.8248E-17
1276.95	1.825E-17
1277	1.8209E-17
1277.05	1.8231E-17
1277.1	1.8318E-17
1277.15	1.8266E-17
1277.2	1.8219E-17
1277.25	1.8228E-17
1277.3	1.822E-17
1277.35	1.8216E-17
1277.4	1.8225E-17
1277.45	1.8244E-17
1277.5	1.8239E-17
1277.55	1.8237E-17
1277.6	1.8216E-17
1277.65	1.8213E-17
1277.7	1.8239E-17
1277.75	1.8241E-17
1277.8	1.8239E-17
1277.85	1.824E-17
1277.9	1.8239E-17
1277.95	1.8223E-17
1278	1.8202E-17
1278.05	1.822E-17
1278.1	1.8258E-17
1278.15	1.8237E-17
1278.2	1.8221E-17
1278.25	1.8212E-17
1278.3	1.8229E-17
1278.35	1.8203E-17
1278.4	1.8165E-17
1278.45	1.8213E-17
1278.5	1.8223E-17
1278.55	1.819E-17
1278.6	1.8184E-17
1278.65	1.8252E-17
1278.7	1.831E-17
1278.75	1.8264E-17
1278.8	1.8272E-17
1278.85	1.8247E-17
1278.9	1.8255E-17
1278.95	1.8268E-17
1279	1.8221E-17
1279.05	1.8205E-17
1279.1	1.8204E-17
1279.15	1.8215E-17
1279.2	1.8206E-17
1279.25	1.8153E-17
1279.3	1.8183E-17
1279.35	1.8216E-17
1279.4	1.8172E-17
1279.45	1.8169E-17
1279.5	1.8182E-17
1279.55	1.8222E-17
1279.6	1.8225E-17
1279.65	1.8177E-17
1279.7	1.8158E-17
1279.75	1.8155E-17
1279.8	1.8145E-17
1279.85	1.8122E-17
1279.9	1.8133E-17
1279.95	1.817E-17
1280	1.8163E-17
1280.05	1.8144E-17
1280.1	1.8122E-17
1280.15	1.8072E-17
1280.2	1.8082E-17
1280.25	1.811E-17
1280.3	1.8113E-17
1280.35	1.8102E-17
1280.4	1.8116E-17
1280.45	1.8114E-17
1280.5	1.8123E-17
1280.55	1.8095E-17
1280.6	1.8077E-17
1280.65	1.8125E-17
1280.7	1.8109E-17
1280.75	1.8084E-17
1280.8	1.8079E-17
1280.85	1.8118E-17
1280.9	1.8125E-17
1280.95	1.8066E-17
1281	1.8056E-17
1281.05	1.8024E-17
1281.1	1.8075E-17
1281.15	1.8135E-17
1281.2	1.8118E-17
1281.25	1.8122E-17
1281.3	1.8136E-17
1281.35	1.8093E-17
1281.4	1.813E-17
1281.45	1.8058E-17
1281.5	1.8053E-17
1281.55	1.8083E-17
1281.6	1.8027E-17
1281.65	1.7997E-17
1281.7	1.8012E-17
1281.75	1.8027E-17
1281.8	1.8014E-17
1281.85	1.7956E-17
1281.9	1.7962E-17
1281.95	1.7994E-17
1282	1.8014E-17
1282.05	1.8025E-17
1282.1	1.8016E-17
1282.15	1.803E-17
1282.2	1.8004E-17
1282.25	1.8004E-17
1282.3	1.7946E-17
1282.35	1.7966E-17
1282.4	1.8008E-17
1282.45	1.8008E-17
1282.5	1.8005E-17
1282.55	1.8022E-17
1282.6	1.8002E-17
1282.65	1.7985E-17
1282.7	1.7978E-17
1282.75	1.7996E-17
1282.8	1.7992E-17
1282.85	1.7985E-17
1282.9	1.8001E-17
1282.95	1.8013E-17
1283	1.7995E-17
1283.05	1.7969E-17
1283.1	1.7987E-17
1283.15	1.8016E-17
1283.2	1.8006E-17
1283.25	1.7998E-17
1283.3	1.8006E-17
1283.35	1.7999E-17
1283.4	1.8012E-17
1283.45	1.8021E-17
1283.5	1.8045E-17
1283.55	1.8054E-17
1283.6	1.8007E-17
1283.65	1.7988E-17
1283.7	1.8E-17
1283.75	1.8061E-17
1283.8	1.803E-17
1283.85	1.8027E-17
1283.9	1.804E-17
1283.95	1.8038E-17
1284	1.7991E-17
1284.05	1.7986E-17
1284.1	1.7998E-17
1284.15	1.801E-17
1284.2	1.7964E-17
1284.25	1.7903E-17
1284.3	1.7889E-17
1284.35	1.789E-17
1284.4	1.7875E-17
1284.45	1.7891E-17
1284.5	1.7874E-17
1284.55	1.7916E-17
1284.6	1.793E-17
1284.65	1.7967E-17
1284.7	1.7952E-17
1284.75	1.7986E-17
1284.8	1.7971E-17
1284.85	1.7986E-17
1284.9	1.7962E-17
1284.95	1.7945E-17
1285	1.791E-17
1285.05	1.7907E-17
1285.1	1.7906E-17
1285.15	1.7868E-17
1285.2	1.7895E-17
1285.25	1.794E-17
1285.3	1.7913E-17
1285.35	1.7929E-17
1285.4	1.7942E-17
1285.45	1.7893E-17
1285.5	1.7842E-17
1285.55	1.7853E-17
1285.6	1.7847E-17
1285.65	1.7836E-17
1285.7	1.7866E-17
1285.75	1.7828E-17
1285.8	1.7883E-17
1285.85	1.7876E-17
1285.9	1.7851E-17
1285.95	1.7837E-17
1286	1.783E-17
1286.05	1.7817E-17
1286.1	1.7778E-17
1286.15	1.7766E-17
1286.2	1.7763E-17
1286.25	1.7783E-17
1286.3	1.7782E-17
1286.35	1.779E-17
1286.4	1.7784E-17
1286.45	1.7784E-17
1286.5	1.7795E-17
1286.55	1.7798E-17
1286.6	1.7811E-17
1286.65	1.7821E-17
1286.7	1.7857E-17
1286.75	1.7836E-17
1286.8	1.7766E-17
1286.85	1.7778E-17
1286.9	1.7832E-17
1286.95	1.7806E-17
1287	1.7833E-17
1287.05	1.7858E-17
1287.1	1.7904E-17
1287.15	1.7874E-17
1287.2	1.7901E-17
1287.25	1.79E-17
1287.3	1.7857E-17
1287.35	1.788E-17
1287.4	1.7842E-17
1287.45	1.7806E-17
1287.5	1.7784E-17
1287.55	1.7812E-17
1287.6	1.7806E-17
1287.65	1.7791E-17
1287.7	1.7699E-17
1287.75	1.7808E-17
1287.8	1.7804E-17
1287.85	1.7766E-17
1287.9	1.78E-17
1287.95	1.7784E-17
1288	1.7794E-17
1288.05	1.7788E-17
1288.1	1.7775E-17
1288.15	1.7725E-17
1288.2	1.7683E-17
1288.25	1.7663E-17
1288.3	1.7641E-17
1288.35	1.7598E-17
1288.4	1.767E-17
1288.45	1.7773E-17
1288.5	1.7739E-17
1288.55	1.7754E-17
1288.6	1.7728E-17
1288.65	1.7727E-17
1288.7	1.7738E-17
1288.75	1.7675E-17
1288.8	1.7674E-17
1288.85	1.7734E-17
1288.9	1.7779E-17
1288.95	1.7717E-17
1289	1.7717E-17
1289.05	1.7734E-17
1289.1	1.7776E-17
1289.15	1.7803E-17
1289.2	1.7807E-17
1289.25	1.7798E-17
1289.3	1.7736E-17
1289.35	1.7731E-17
1289.4	1.7725E-17
1289.45	1.771E-17
1289.5	1.778E-17
1289.55	1.7743E-17
1289.6	1.7728E-17
1289.65	1.7745E-17
1289.7	1.7738E-17
1289.75	1.7765E-17
1289.8	1.7718E-17
1289.85	1.7726E-17
1289.9	1.7736E-17
1289.95	1.7738E-17
1290	1.7735E-17
1290.05	1.775E-17
1290.1	1.7748E-17
1290.15	1.7747E-17
1290.2	1.7755E-17
1290.25	1.7744E-17
1290.3	1.7741E-17
1290.35	1.7715E-17
1290.4	1.7699E-17
1290.45	1.7705E-17
1290.5	1.7709E-17
1290.55	1.7702E-17
1290.6	1.7685E-17
1290.65	1.766E-17
1290.7	1.7655E-17
1290.75	1.759E-17
1290.8	1.7589E-17
1290.85	1.7604E-17
1290.9	1.7551E-17
1290.95	1.7539E-17
1291	1.756E-17
1291.05	1.7615E-17
1291.1	1.758E-17
1291.15	1.7542E-17
1291.2	1.7579E-17
1291.25	1.7594E-17
1291.3	1.7562E-17
1291.35	1.7511E-17
1291.4	1.7535E-17
1291.45	1.7535E-17
1291.5	1.7567E-17
1291.55	1.7501E-17
1291.6	1.7528E-17
1291.65	1.756E-17
1291.7	1.7564E-17
1291.75	1.7565E-17
1291.8	1.7559E-17
1291.85	1.7534E-17
1291.9	1.752E-17
1291.95	1.7536E-17
1292	1.7548E-17
1292.05	1.7567E-17
1292.1	1.7576E-17
1292.15	1.7574E-17
1292.2	1.7534E-17
1292.25	1.7552E-17
1292.3	1.7578E-17
1292.35	1.7546E-17
1292.4	1.7496E-17
1292.45	1.7504E-17
1292.5	1.7436E-17
1292.55	1.7461E-17
1292.6	1.7452E-17
1292.65	1.7422E-17
1292.7	1.7382E-17
1292.75	1.7389E-17
1292.8	1.7407E-17
1292.85	1.7429E-17
1292.9	1.7458E-17
1292.95	1.7462E-17
1293	1.7456E-17
1293.05	1.7432E-17
1293.1	1.7409E-17
1293.15	1.7403E-17
1293.2	1.7429E-17
1293.25	1.7392E-17
1293.3	1.7394E-17
1293.35	1.7412E-17
1293.4	1.7416E-17
1293.45	1.7392E-17
1293.5	1.7349E-17
1293.55	1.7338E-17
1293.6	1.732E-17
1293.65	1.7341E-17
1293.7	1.7344E-17
1293.75	1.7334E-17
1293.8	1.7341E-17
1293.85	1.7336E-17
1293.9	1.736E-17
1293.95	1.7333E-17
1294	1.7351E-17
1294.05	1.7296E-17
1294.1	1.7285E-17
1294.15	1.7267E-17
1294.2	1.7231E-17
1294.25	1.7214E-17
1294.3	1.7197E-17
1294.35	1.721E-17
1294.4	1.7266E-17
1294.45	1.7279E-17
1294.5	1.7264E-17
1294.55	1.7206E-17
1294.6	1.7217E-17
1294.65	1.725E-17
1294.7	1.7204E-17
1294.75	1.7214E-17
1294.8	1.7235E-17
1294.85	1.7251E-17
1294.9	1.7196E-17
1294.95	1.7208E-17
1295	1.7213E-17
1295.05	1.7243E-17
1295.1	1.7251E-17
1295.15	1.7302E-17
1295.2	1.7287E-17
1295.25	1.7231E-17
1295.3	1.7197E-17
1295.35	1.7171E-17
1295.4	1.7174E-17
1295.45	1.7164E-17
1295.5	1.7146E-17
1295.55	1.7158E-17
1295.6	1.7146E-17
1295.65	1.7112E-17
1295.7	1.7092E-17
1295.75	1.7097E-17
1295.8	1.7103E-17
1295.85	1.7117E-17
1295.9	1.7096E-17
1295.95	1.7116E-17
1296	1.7095E-17
1296.05	1.706E-17
1296.1	1.708E-17
1296.15	1.7051E-17
1296.2	1.7063E-17
1296.25	1.7053E-17
1296.3	1.6987E-17
1296.35	1.6972E-17
1296.4	1.6994E-17
1296.45	1.6998E-17
1296.5	1.7024E-17
1296.55	1.6985E-17
1296.6	1.698E-17
1296.65	1.7025E-17
1296.7	1.7031E-17
1296.75	1.7011E-17
1296.8	1.7014E-17
1296.85	1.6992E-17
1296.9	1.7049E-17
1296.95	1.7017E-17
1297	1.6987E-17
1297.05	1.6976E-17
1297.1	1.6959E-17
1297.15	1.692E-17
1297.2	1.6908E-17
1297.25	1.6914E-17
1297.3	1.6899E-17
1297.35	1.6919E-17
1297.4	1.6882E-17
1297.45	1.6871E-17
1297.5	1.6865E-17
1297.55	1.6876E-17
1297.6	1.6859E-17
1297.65	1.6882E-17
1297.7	1.6861E-17
1297.75	1.6854E-17
1297.8	1.6829E-17
1297.85	1.6786E-17
1297.9	1.68E-17
1297.95	1.6797E-17
1298	1.6798E-17
1298.05	1.6737E-17
1298.1	1.6782E-17
1298.15	1.6761E-17
1298.2	1.677E-17
1298.25	1.6719E-17
1298.3	1.6731E-17
1298.35	1.6746E-17
1298.4	1.6703E-17
1298.45	1.6664E-17
1298.5	1.6679E-17
1298.55	1.6707E-17
1298.6	1.6719E-17
1298.65	1.6696E-17
1298.7	1.6681E-17
1298.75	1.6712E-17
1298.8	1.6678E-17
1298.85	1.6645E-17
1298.9	1.6658E-17
1298.95	1.669E-17
1299	1.6708E-17
1299.05	1.6666E-17
1299.1	1.6664E-17
1299.15	1.6689E-17
1299.2	1.6681E-17
1299.25	1.6706E-17
1299.3	1.6723E-17
1299.35	1.67E-17
1299.4	1.6694E-17
1299.45	1.6672E-17
1299.5	1.6659E-17
1299.55	1.6635E-17
1299.6	1.6625E-17
1299.65	1.6657E-17
1299.7	1.6673E-17
1299.75	1.6626E-17
1299.8	1.6589E-17
1299.85	1.6573E-17
1299.9	1.6616E-17
1299.95	1.6607E-17
1300	1.6558E-17
1300.05	1.6556E-17
1300.1	1.6583E-17
1300.15	1.6605E-17
1300.2	1.6618E-17
1300.25	1.6621E-17
1300.3	1.6584E-17
1300.35	1.6545E-17
1300.4	1.6534E-17
1300.45	1.6514E-17
1300.5	1.6515E-17
1300.55	1.6538E-17
1300.6	1.6572E-17
1300.65	1.6586E-17
1300.7	1.6578E-17
1300.75	1.6568E-17
1300.8	1.6568E-17
1300.85	1.6496E-17
1300.9	1.6474E-17
1300.95	1.6496E-17
1301	1.6505E-17
1301.05	1.6452E-17
1301.1	1.6463E-17
1301.15	1.646E-17
1301.2	1.6515E-17
1301.25	1.6476E-17
1301.3	1.6446E-17
1301.35	1.6457E-17
1301.4	1.6476E-17
1301.45	1.6424E-17
1301.5	1.6428E-17
1301.55	1.6391E-17
1301.6	1.6363E-17
1301.65	1.6358E-17
1301.7	1.6417E-17
1301.75	1.6392E-17
1301.8	1.6433E-17
1301.85	1.6388E-17
1301.9	1.6424E-17
1301.95	1.6423E-17
1302	1.6383E-17
1302.05	1.6391E-17
1302.1	1.642E-17
1302.15	1.6306E-17
1302.2	1.629E-17
1302.25	1.6258E-17
1302.3	1.6245E-17
1302.35	1.6228E-17
1302.4	1.6189E-17
1302.45	1.6183E-17
1302.5	1.6212E-17
1302.55	1.6244E-17
1302.6	1.6238E-17
1302.65	1.6217E-17
1302.7	1.6201E-17
1302.75	1.6209E-17
1302.8	1.618E-17
1302.85	1.6174E-17
1302.9	1.6179E-17
1302.95	1.6186E-17
1303	1.6214E-17
1303.05	1.6192E-17
1303.1	1.6164E-17
1303.15	1.6142E-17
1303.2	1.6112E-17
1303.25	1.6102E-17
1303.3	1.6119E-17
1303.35	1.6086E-17
1303.4	1.605E-17
1303.45	1.6041E-17
1303.5	1.6069E-17
1303.55	1.6054E-17
1303.6	1.6015E-17
1303.65	1.6011E-17
1303.7	1.6045E-17
1303.75	1.606E-17
1303.8	1.6013E-17
1303.85	1.5976E-17
1303.9	1.598E-17
1303.95	1.5958E-17
1304	1.597E-17
1304.05	1.5943E-17
1304.1	1.5907E-17
1304.15	1.5891E-17
1304.2	1.5885E-17
1304.25	1.5901E-17
1304.3	1.5886E-17
1304.35	1.584E-17
1304.4	1.5874E-17
1304.45	1.5863E-17
1304.5	1.5804E-17
1304.55	1.5774E-17
1304.6	1.574E-17
1304.65	1.5787E-17
1304.7	1.5784E-17
1304.75	1.5759E-17
1304.8	1.5774E-17
1304.85	1.5786E-17
1304.9	1.5796E-17
1304.95	1.5799E-17
1305	1.5752E-17
1305.05	1.5814E-17
1305.1	1.5803E-17
1305.15	1.5747E-17
1305.2	1.5713E-17
1305.25	1.5719E-17
1305.3	1.5751E-17
1305.35	1.5756E-17
1305.4	1.5773E-17
1305.45	1.5831E-17
1305.5	1.5827E-17
1305.55	1.5801E-17
1305.6	1.5745E-17
1305.65	1.5744E-17
1305.7	1.5727E-17
1305.75	1.5705E-17
1305.8	1.568E-17
1305.85	1.5681E-17
1305.9	1.5718E-17
1305.95	1.5692E-17
1306	1.5664E-17
1306.05	1.568E-17
1306.1	1.5687E-17
1306.15	1.5685E-17
1306.2	1.5716E-17
1306.25	1.5647E-17
1306.3	1.559E-17
1306.35	1.5625E-17
1306.4	1.561E-17
1306.45	1.5581E-17
1306.5	1.5566E-17
1306.55	1.5531E-17
1306.6	1.5564E-17
1306.65	1.5577E-17
1306.7	1.5584E-17
1306.75	1.5606E-17
1306.8	1.564E-17
1306.85	1.5644E-17
1306.9	1.5577E-17
1306.95	1.559E-17
1307	1.557E-17
1307.05	1.5533E-17
1307.1	1.5527E-17
1307.15	1.556E-17
1307.2	1.552E-17
1307.25	1.5535E-17
1307.3	1.5557E-17
1307.35	1.5567E-17
1307.4	1.5546E-17
1307.45	1.5552E-17
1307.5	1.5517E-17
1307.55	1.5478E-17
1307.6	1.5455E-17
1307.65	1.5426E-17
1307.7	1.5448E-17
1307.75	1.5432E-17
1307.8	1.5422E-17
1307.85	1.543E-17
1307.9	1.5427E-17
1307.95	1.5412E-17
1308	1.5438E-17
1308.05	1.5392E-17
1308.1	1.5336E-17
1308.15	1.5305E-17
1308.2	1.532E-17
1308.25	1.5312E-17
1308.3	1.532E-17
1308.35	1.5313E-17
1308.4	1.5305E-17
1308.45	1.5282E-17
1308.5	1.5269E-17
1308.55	1.5284E-17
1308.6	1.5235E-17
1308.65	1.5243E-17
1308.7	1.5224E-17
1308.75	1.5257E-17
1308.8	1.5216E-17
1308.85	1.5152E-17
1308.9	1.5187E-17
1308.95	1.5216E-17
1309	1.5262E-17
1309.05	1.5259E-17
1309.1	1.5282E-17
1309.15	1.5306E-17
1309.2	1.5284E-17
1309.25	1.5263E-17
1309.3	1.5267E-17
1309.35	1.5257E-17
1309.4	1.5217E-17
1309.45	1.5229E-17
1309.5	1.5179E-17
1309.55	1.5191E-17
1309.6	1.5153E-17
1309.65	1.5159E-17
1309.7	1.5148E-17
1309.75	1.5139E-17
1309.8	1.5116E-17
1309.85	1.5144E-17
1309.9	1.513E-17
1309.95	1.5134E-17
1310	1.5142E-17
1310.05	1.5121E-17
1310.1	1.5133E-17
1310.15	1.5108E-17
1310.2	1.5112E-17
1310.25	1.512E-17
1310.3	1.5096E-17
1310.35	1.5138E-17
1310.4	1.5118E-17
1310.45	1.5141E-17
1310.5	1.5125E-17
1310.55	1.515E-17
1310.6	1.5148E-17
1310.65	1.5162E-17
1310.7	1.5157E-17
1310.75	1.5126E-17
1310.8	1.5111E-17
1310.85	1.5086E-17
1310.9	1.5056E-17
1310.95	1.5051E-17
1311	1.5072E-17
1311.05	1.5043E-17
1311.1	1.5049E-17
1311.15	1.5052E-17
1311.2	1.5013E-17
1311.25	1.5056E-17
1311.3	1.5043E-17
1311.35	1.4977E-17
1311.4	1.4998E-17
1311.45	1.4988E-17
1311.5	1.4952E-17
1311.55	1.4963E-17
1311.6	1.4941E-17
1311.65	1.4937E-17
1311.7	1.4944E-17
1311.75	1.4931E-17
1311.8	1.4932E-17
1311.85	1.4829E-17
1311.9	1.4814E-17
1311.95	1.485E-17
1312	1.4877E-17
1312.05	1.4854E-17
1312.1	1.4839E-17
1312.15	1.4861E-17
1312.2	1.486E-17
1312.25	1.4825E-17
1312.3	1.4823E-17
1312.35	1.4816E-17
1312.4	1.4758E-17
1312.45	1.4776E-17
1312.5	1.476E-17
1312.55	1.4736E-17
1312.6	1.4733E-17
1312.65	1.4694E-17
1312.7	1.4735E-17
1312.75	1.4739E-17
1312.8	1.4725E-17
1312.85	1.4751E-17
1312.9	1.4743E-17
1312.95	1.4697E-17
1313	1.4663E-17
1313.05	1.4685E-17
1313.1	1.4693E-17
1313.15	1.4667E-17
1313.2	1.4626E-17
1313.25	1.4638E-17
1313.3	1.4643E-17
1313.35	1.4627E-17
1313.4	1.4647E-17
1313.45	1.4614E-17
1313.5	1.4641E-17
1313.55	1.4678E-17
1313.6	1.4629E-17
1313.65	1.4625E-17
1313.7	1.4578E-17
1313.75	1.458E-17
1313.8	1.4556E-17
1313.85	1.4533E-17
1313.9	1.452E-17
1313.95	1.4507E-17
1314	1.4493E-17
1314.05	1.4487E-17
1314.1	1.4455E-17
1314.15	1.4444E-17
1314.2	1.446E-17
1314.25	1.4423E-17
1314.3	1.4404E-17
1314.35	1.4354E-17
1314.4	1.4402E-17
1314.45	1.4417E-17
1314.5	1.4372E-17
1314.55	1.4373E-17
1314.6	1.4303E-17
1314.65	1.4338E-17
1314.7	1.4323E-17
1314.75	1.429E-17
1314.8	1.4282E-17
1314.85	1.4294E-17
1314.9	1.4251E-17
1314.95	1.4224E-17
1315	1.4257E-17
1315.05	1.4247E-17
1315.1	1.4227E-17
1315.15	1.4231E-17
1315.2	1.4248E-17
1315.25	1.4281E-17
1315.3	1.4285E-17
1315.35	1.4261E-17
1315.4	1.4252E-17
1315.45	1.4232E-17
1315.5	1.4269E-17
1315.55	1.4206E-17
1315.6	1.4235E-17
1315.65	1.4192E-17
1315.7	1.413E-17
1315.75	1.4155E-17
1315.8	1.4107E-17
1315.85	1.4084E-17
1315.9	1.4098E-17
1315.95	1.4054E-17
1316	1.4077E-17
1316.05	1.4079E-17
1316.1	1.4074E-17
1316.15	1.405E-17
1316.2	1.4075E-17
1316.25	1.4093E-17
1316.3	1.4103E-17
1316.35	1.4057E-17
1316.4	1.4032E-17
1316.45	1.3982E-17
1316.5	1.3975E-17
1316.55	1.3956E-17
1316.6	1.3976E-17
1316.65	1.3999E-17
1316.7	1.4014E-17
1316.75	1.399E-17
1316.8	1.4E-17
1316.85	1.3991E-17
1316.9	1.4041E-17
1316.95	1.4043E-17
1317	1.4019E-17
1317.05	1.4032E-17
1317.1	1.403E-17
1317.15	1.3955E-17
1317.2	1.3918E-17
1317.25	1.389E-17
1317.3	1.3882E-17
1317.35	1.3893E-17
1317.4	1.3899E-17
1317.45	1.3913E-17
1317.5	1.3954E-17
1317.55	1.3977E-17
1317.6	1.3981E-17
1317.65	1.3904E-17
1317.7	1.3923E-17
1317.75	1.3945E-17
1317.8	1.3955E-17
1317.85	1.3961E-17
1317.9	1.3951E-17
1317.95	1.3926E-17
1318	1.3953E-17
1318.05	1.3899E-17
1318.1	1.3912E-17
1318.15	1.3942E-17
1318.2	1.3879E-17
1318.25	1.3831E-17
1318.3	1.3812E-17
1318.35	1.3754E-17
1318.4	1.379E-17
1318.45	1.3781E-17
1318.5	1.3753E-17
1318.55	1.3751E-17
1318.6	1.3764E-17
1318.65	1.3729E-17
1318.7	1.37E-17
1318.75	1.3703E-17
1318.8	1.37E-17
1318.85	1.3694E-17
1318.9	1.3671E-17
1318.95	1.3644E-17
1319	1.3673E-17
1319.05	1.3645E-17
1319.1	1.3626E-17
1319.15	1.3615E-17
1319.2	1.3577E-17
1319.25	1.354E-17
1319.3	1.3507E-17
1319.35	1.3494E-17
1319.4	1.3521E-17
1319.45	1.3561E-17
1319.5	1.3536E-17
1319.55	1.3523E-17
1319.6	1.3537E-17
1319.65	1.3523E-17
1319.7	1.3506E-17
1319.75	1.3452E-17
1319.8	1.3419E-17
1319.85	1.3402E-17
1319.9	1.3381E-17
1319.95	1.3381E-17
1320	1.3338E-17
1320.05	1.333E-17
1320.1	1.3359E-17
1320.15	1.3346E-17
1320.2	1.3375E-17
1320.25	1.3362E-17
1320.3	1.3318E-17
1320.35	1.3321E-17
1320.4	1.3312E-17
1320.45	1.3273E-17
1320.5	1.3253E-17
1320.55	1.327E-17
1320.6	1.3309E-17
1320.65	1.3335E-17
1320.7	1.3305E-17
1320.75	1.3257E-17
1320.8	1.3283E-17
1320.85	1.3256E-17
1320.9	1.3253E-17
1320.95	1.3277E-17
1321	1.328E-17
1321.05	1.3259E-17
1321.1	1.3252E-17
1321.15	1.3258E-17
1321.2	1.3211E-17
1321.25	1.3137E-17
1321.3	1.3144E-17
1321.35	1.3167E-17
1321.4	1.3156E-17
1321.45	1.3146E-17
1321.5	1.3105E-17
1321.55	1.3099E-17
1321.6	1.3111E-17
1321.65	1.3117E-17
1321.7	1.3153E-17
1321.75	1.3081E-17
1321.8	1.3007E-17
1321.85	1.3021E-17
1321.9	1.2975E-17
1321.95	1.3005E-17
1322	1.299E-17
1322.05	1.2982E-17
1322.1	1.2996E-17
1322.15	1.2932E-17
1322.2	1.2952E-17
1322.25	1.2886E-17
1322.3	1.2831E-17
1322.35	1.283E-17
1322.4	1.2813E-17
1322.45	1.2833E-17
1322.5	1.2842E-17
1322.55	1.2785E-17
1322.6	1.2837E-17
1322.65	1.2839E-17
1322.7	1.2842E-17
1322.75	1.2861E-17
1322.8	1.2825E-17
1322.85	1.2791E-17
1322.9	1.2827E-17
1322.95	1.2828E-17
1323	1.2841E-17
1323.05	1.284E-17
1323.1	1.2856E-17
1323.15	1.2908E-17
1323.2	1.2888E-17
1323.25	1.2865E-17
1323.3	1.2871E-17
1323.35	1.2802E-17
1323.4	1.282E-17
1323.45	1.2803E-17
1323.5	1.2733E-17
1323.55	1.2741E-17
1323.6	1.2727E-17
1323.65	1.2708E-17
1323.7	1.266E-17
1323.75	1.2653E-17
1323.8	1.264E-17
1323.85	1.2638E-17
1323.9	1.2609E-17
1323.95	1.2609E-17
1324	1.2602E-17
1324.05	1.2642E-17
1324.1	1.2631E-17
1324.15	1.2617E-17
1324.2	1.2623E-17
1324.25	1.2582E-17
1324.3	1.2597E-17
1324.35	1.2596E-17
1324.4	1.2551E-17
1324.45	1.2558E-17
1324.5	1.2559E-17
1324.55	1.25E-17
1324.6	1.2523E-17
1324.65	1.2541E-17
1324.7	1.2515E-17
1324.75	1.251E-17
1324.8	1.2471E-17
1324.85	1.249E-17
1324.9	1.2501E-17
1324.95	1.2465E-17
1325	1.2479E-17
1325.05	1.2409E-17
1325.1	1.2375E-17
1325.15	1.2391E-17
1325.2	1.2379E-17
1325.25	1.2378E-17
1325.3	1.2383E-17
1325.35	1.2385E-17
1325.4	1.2378E-17
1325.45	1.2323E-17
1325.5	1.2308E-17
1325.55	1.2309E-17
1325.6	1.23E-17
1325.65	1.2294E-17
1325.7	1.2293E-17
1325.75	1.2271E-17
1325.8	1.2243E-17
1325.85	1.2182E-17
1325.9	1.219E-17
1325.95	1.2204E-17
1326	1.2206E-17
1326.05	1.2201E-17
1326.1	1.2224E-17
1326.15	1.2206E-17
1326.2	1.2184E-17
1326.25	1.216E-17
1326.3	1.2122E-17
1326.35	1.214E-17
1326.4	1.2159E-17
1326.45	1.2134E-17
1326.5	1.2066E-17
1326.55	1.2074E-17
1326.6	1.2057E-17
1326.65	1.2046E-17
1326.7	1.2019E-17
1326.75	1.1992E-17
1326.8	1.1994E-17
1326.85	1.2027E-17
1326.9	1.2012E-17
1326.95	1.1961E-17
1327	1.1973E-17
1327.05	1.1972E-17
1327.1	1.1932E-17
1327.15	1.1935E-17
1327.2	1.1915E-17
1327.25	1.1916E-17
1327.3	1.1872E-17
1327.35	1.1825E-17
1327.4	1.184E-17
1327.45	1.1845E-17
1327.5	1.1871E-17
1327.55	1.1821E-17
1327.6	1.1787E-17
1327.65	1.1788E-17
1327.7	1.1825E-17
1327.75	1.1812E-17
1327.8	1.1808E-17
1327.85	1.1789E-17
1327.9	1.1794E-17
1327.95	1.1797E-17
1328	1.1782E-17
1328.05	1.1787E-17
1328.1	1.1765E-17
1328.15	1.1751E-17
1328.2	1.1731E-17
1328.25	1.1679E-17
1328.3	1.1674E-17
1328.35	1.1662E-17
1328.4	1.1637E-17
1328.45	1.1627E-17
1328.5	1.1626E-17
1328.55	1.1627E-17
1328.6	1.1628E-17
1328.65	1.1614E-17
1328.7	1.164E-17
1328.75	1.1626E-17
1328.8	1.1576E-17
1328.85	1.1561E-17
1328.9	1.1546E-17
1328.95	1.1571E-17
1329	1.1549E-17
1329.05	1.1531E-17
1329.1	1.1534E-17
1329.15	1.1546E-17
1329.2	1.157E-17
1329.25	1.1561E-17
1329.3	1.1542E-17
1329.35	1.1541E-17
1329.4	1.1524E-17
1329.45	1.1527E-17
1329.5	1.153E-17
1329.55	1.1507E-17
1329.6	1.1509E-17
1329.65	1.1495E-17
1329.7	1.1498E-17
1329.75	1.1499E-17
1329.8	1.1502E-17
1329.85	1.1462E-17
1329.9	1.1465E-17
1329.95	1.1452E-17
1330	1.1426E-17
1330.05	1.1408E-17
1330.1	1.1431E-17
1330.15	1.1394E-17
1330.2	1.1412E-17
1330.25	1.1371E-17
1330.3	1.1406E-17
1330.35	1.1383E-17
1330.4	1.1403E-17
1330.45	1.1398E-17
1330.5	1.1365E-17
1330.55	1.1356E-17
1330.6	1.1358E-17
1330.65	1.1336E-17
1330.7	1.1309E-17
1330.75	1.1293E-17
1330.8	1.1257E-17
1330.85	1.124E-17
1330.9	1.121E-17
1330.95	1.1208E-17
1331	1.1228E-17
1331.05	1.1239E-17
1331.1	1.1206E-17
1331.15	1.1186E-17
1331.2	1.1192E-17
1331.25	1.1218E-17
1331.3	1.1186E-17
1331.35	1.1172E-17
1331.4	1.115E-17
1331.45	1.113E-17
1331.5	1.115E-17
1331.55	1.1133E-17
1331.6	1.1123E-17
1331.65	1.1092E-17
1331.7	1.1025E-17
1331.75	1.0989E-17
1331.8	1.0932E-17
1331.85	1.0902E-17
1331.9	1.0918E-17
1331.95	1.0918E-17
1332	1.0944E-17
1332.05	1.089E-17
1332.1	1.0887E-17
1332.15	1.0903E-17
1332.2	1.0909E-17
1332.25	1.087E-17
1332.3	1.0861E-17
1332.35	1.0841E-17
1332.4	1.0864E-17
1332.45	1.0889E-17
1332.5	1.0864E-17
1332.55	1.0867E-17
1332.6	1.0869E-17
1332.65	1.0859E-17
1332.7	1.0847E-17
1332.75	1.0835E-17
1332.8	1.081E-17
1332.85	1.0818E-17
1332.9	1.0804E-17
1332.95	1.0793E-17
1333	1.0767E-17
1333.05	1.0755E-17
1333.1	1.0775E-17
1333.15	1.0743E-17
1333.2	1.0722E-17
1333.25	1.069E-17
1333.3	1.0687E-17
1333.35	1.068E-17
1333.4	1.0648E-17
1333.45	1.0629E-17
1333.5	1.0637E-17
1333.55	1.0676E-17
1333.6	1.0675E-17
1333.65	1.0593E-17
1333.7	1.0608E-17
1333.75	1.0568E-17
1333.8	1.0571E-17
1333.85	1.0578E-17
1333.9	1.0598E-17
1333.95	1.0617E-17
1334	1.0647E-17
1334.05	1.0623E-17
1334.1	1.0599E-17
1334.15	1.0541E-17
1334.2	1.0538E-17
1334.25	1.0469E-17
1334.3	1.045E-17
1334.35	1.0469E-17
1334.4	1.0487E-17
1334.45	1.0432E-17
1334.5	1.0383E-17
1334.55	1.035E-17
1334.6	1.0367E-17
1334.65	1.0393E-17
1334.7	1.0357E-17
1334.75	1.034E-17
1334.8	1.0326E-17
1334.85	1.0299E-17
1334.9	1.0302E-17
1334.95	1.0274E-17
1335	1.0283E-17
1335.05	1.0253E-17
1335.1	1.024E-17
1335.15	1.0213E-17
1335.2	1.0231E-17
1335.25	1.0202E-17
1335.3	1.0177E-17
1335.35	1.0171E-17
1335.4	1.0168E-17
1335.45	1.0141E-17
1335.5	1.016E-17
1335.55	1.0158E-17
1335.6	1.0158E-17
1335.65	1.0129E-17
1335.7	1.0107E-17
1335.75	1.01E-17
1335.8	1.0091E-17
1335.85	1.0069E-17
1335.9	1.0049E-17
1335.95	1.007E-17
1336	1.0085E-17
1336.05	1.0078E-17
1336.1	1.0069E-17
1336.15	1.01E-17
1336.2	1.0119E-17
1336.25	1.0115E-17
1336.3	1.0101E-17
1336.35	1.0065E-17
1336.4	1.0023E-17
1336.45	1.001E-17
1336.5	9.987E-18
1336.55	9.9855E-18
1336.6	9.9695E-18
1336.65	9.9847E-18
1336.7	1.0013E-17
1336.75	9.9749E-18
1336.8	9.9891E-18
1336.85	9.9915E-18
1336.9	9.9574E-18
1336.95	9.9282E-18
1337	9.9096E-18
1337.05	9.8873E-18
1337.1	9.8183E-18
1337.15	9.8151E-18
1337.2	9.8652E-18
1337.25	9.8181E-18
1337.3	9.7825E-18
1337.35	9.7525E-18
1337.4	9.7402E-18
1337.45	9.7389E-18
1337.5	9.7403E-18
1337.55	9.7082E-18
1337.6	9.7174E-18
1337.65	9.6729E-18
1337.7	9.6769E-18
1337.75	9.6634E-18
1337.8	9.6615E-18
1337.85	9.6766E-18
1337.9	9.698E-18
1337.95	9.674E-18
1338	9.6457E-18
1338.05	9.633E-18
1338.1	9.6287E-18
1338.15	9.632E-18
1338.2	9.6141E-18
1338.25	9.6148E-18
1338.3	9.607E-18
1338.35	9.5656E-18
1338.4	9.5143E-18
1338.45	9.5048E-18
1338.5	9.505E-18
1338.55	9.4784E-18
1338.6	9.4769E-18
1338.65	9.4547E-18
1338.7	9.4833E-18
1338.75	9.5114E-18
1338.8	9.5211E-18
1338.85	9.4988E-18
1338.9	9.4498E-18
1338.95	9.432E-18
1339	9.3759E-18
1339.05	9.3733E-18
1339.1	9.3765E-18
1339.15	9.3732E-18
1339.2	9.3834E-18
1339.25	9.3756E-18
1339.3	9.3903E-18
1339.35	9.3653E-18
1339.4	9.3574E-18
1339.45	9.2985E-18
1339.5	9.3086E-18
1339.55	9.3003E-18
1339.6	9.2982E-18
1339.65	9.2895E-18
1339.7	9.2765E-18
1339.75	9.2613E-18
1339.8	9.2372E-18
1339.85	9.2413E-18
1339.9	9.1986E-18
1339.95	9.1909E-18
1340	9.1888E-18
1340.05	9.228E-18
1340.1	9.2112E-18
1340.15	9.1835E-18
1340.2	9.1862E-18
1340.25	9.1533E-18
1340.3	9.1519E-18
1340.35	9.1287E-18
1340.4	9.1173E-18
1340.45	9.0737E-18
1340.5	9.0558E-18
1340.55	9.0458E-18
1340.6	9.0838E-18
1340.65	9.0508E-18
1340.7	9.0458E-18
1340.75	9.026E-18
1340.8	9.0257E-18
1340.85	9.0378E-18
1340.9	9.0476E-18
1340.95	9.0266E-18
1341	8.9867E-18
1341.05	8.9997E-18
1341.1	9.0024E-18
1341.15	9.0173E-18
1341.2	8.9735E-18
1341.25	8.9417E-18
1341.3	8.9574E-18
1341.35	8.9317E-18
1341.4	8.9318E-18
1341.45	8.9498E-18
1341.5	8.9572E-18
1341.55	8.9288E-18
1341.6	8.9406E-18
1341.65	8.878E-18
1341.7	8.895E-18
1341.75	8.8768E-18
1341.8	8.8475E-18
1341.85	8.8029E-18
1341.9	8.7725E-18
1341.95	8.7571E-18
1342	8.7528E-18
1342.05	8.7239E-18
1342.1	8.7322E-18
1342.15	8.6979E-18
1342.2	8.7144E-18
1342.25	8.692E-18
1342.3	8.6996E-18
1342.35	8.7081E-18
1342.4	8.709E-18
1342.45	8.6611E-18
1342.5	8.6457E-18
1342.55	8.6405E-18
1342.6	8.6291E-18
1342.65	8.6579E-18
1342.7	8.6798E-18
1342.75	8.6854E-18
1342.8	8.6587E-18
1342.85	8.6473E-18
1342.9	8.6584E-18
1342.95	8.6648E-18
1343	8.6194E-18
1343.05	8.6068E-18
1343.1	8.5802E-18
1343.15	8.5486E-18
1343.2	8.5176E-18
1343.25	8.5124E-18
1343.3	8.5199E-18
1343.35	8.5121E-18
1343.4	8.5009E-18
1343.45	8.489E-18
1343.5	8.4711E-18
1343.55	8.4556E-18
1343.6	8.4794E-18
1343.65	8.4764E-18
1343.7	8.492E-18
1343.75	8.4767E-18
1343.8	8.4617E-18
1343.85	8.4384E-18
1343.9	8.4283E-18
1343.95	8.4156E-18
1344	8.4296E-18
1344.05	8.3997E-18
1344.1	8.3871E-18
1344.15	8.373E-18
1344.2	8.388E-18
1344.25	8.337E-18
1344.3	8.3286E-18
1344.35	8.3138E-18
1344.4	8.2925E-18
1344.45	8.2656E-18
1344.5	8.2534E-18
1344.55	8.274E-18
1344.6	8.2135E-18
1344.65	8.2029E-18
1344.7	8.1907E-18
1344.75	8.1979E-18
1344.8	8.1799E-18
1344.85	8.1638E-18
1344.9	8.1612E-18
1344.95	8.1293E-18
1345	8.1307E-18
1345.05	8.1093E-18
1345.1	8.0831E-18
1345.15	8.0614E-18
1345.2	8.0749E-18
1345.25	8.0368E-18
1345.3	8.0064E-18
1345.35	8.0107E-18
1345.4	8.0109E-18
1345.45	7.9976E-18
1345.5	7.9991E-18
1345.55	7.9896E-18
1345.6	8.0117E-18
1345.65	7.9907E-18
1345.7	7.9612E-18
1345.75	7.898E-18
1345.8	7.8607E-18
1345.85	7.9093E-18
1345.9	7.8514E-18
1345.95	7.8634E-18
1346	7.8978E-18
1346.05	7.9604E-18
1346.1	7.9494E-18
1346.15	7.9181E-18
1346.2	7.8818E-18
1346.25	7.8582E-18
1346.3	7.8661E-18
1346.35	7.8452E-18
1346.4	7.8203E-18
1346.45	7.8055E-18
1346.5	7.7929E-18
1346.55	7.801E-18
1346.6	7.7865E-18
1346.65	7.7565E-18
1346.7	7.7426E-18
1346.75	7.7211E-18
1346.8	7.6823E-18
1346.85	7.6754E-18
1346.9	7.6677E-18
1346.95	7.6392E-18
1347	7.6171E-18
1347.05	7.6235E-18
1347.1	7.6261E-18
1347.15	7.6297E-18
1347.2	7.6365E-18
1347.25	7.6174E-18
1347.3	7.624E-18
1347.35	7.6425E-18
1347.4	7.6401E-18
1347.45	7.6298E-18
1347.5	7.597E-18
1347.55	7.6087E-18
1347.6	7.6044E-18
1347.65	7.5847E-18
1347.7	7.5692E-18
1347.75	7.5573E-18
1347.8	7.5449E-18
1347.85	7.5639E-18
1347.9	7.5743E-18
1347.95	7.5879E-18
1348	7.5692E-18
1348.05	7.5157E-18
1348.1	7.4817E-18
1348.15	7.4438E-18
1348.2	7.4685E-18
1348.25	7.5202E-18
1348.3	7.5123E-18
1348.35	7.4783E-18
1348.4	7.4792E-18
1348.45	7.4769E-18
1348.5	7.4504E-18
1348.55	7.4481E-18
1348.6	7.4382E-18
1348.65	7.4035E-18
1348.7	7.3975E-18
1348.75	7.4165E-18
1348.8	7.4048E-18
1348.85	7.386E-18
1348.9	7.4077E-18
1348.95	7.3902E-18
1349	7.3748E-18
1349.05	7.4011E-18
1349.1	7.4339E-18
1349.15	7.4041E-18
1349.2	7.3922E-18
1349.25	7.3831E-18
1349.3	7.3429E-18
1349.35	7.3532E-18
1349.4	7.3078E-18
1349.45	7.2937E-18
1349.5	7.284E-18
1349.55	7.2465E-18
1349.6	7.2286E-18
1349.65	7.2154E-18
1349.7	7.1895E-18
1349.75	7.1827E-18
1349.8	7.172E-18
1349.85	7.1384E-18
1349.9	7.1182E-18
1349.95	7.1479E-18
1350	7.099E-18
1350.05	7.0825E-18
1350.1	7.0789E-18
1350.15	7.0507E-18
1350.2	7.0759E-18
1350.25	7.0956E-18
1350.3	7.078E-18
1350.35	7.0558E-18
1350.4	7.0494E-18
1350.45	7.0361E-18
1350.5	7.0206E-18
1350.55	6.9872E-18
1350.6	7.0235E-18
1350.65	7.0278E-18
1350.7	6.9948E-18
1350.75	6.9657E-18
1350.8	6.9674E-18
1350.85	6.9801E-18
1350.9	6.9283E-18
1350.95	6.9129E-18
1351	6.8959E-18
1351.05	6.912E-18
1351.1	6.8874E-18
1351.15	6.8596E-18
1351.2	6.8449E-18
1351.25	6.8728E-18
1351.3	6.8652E-18
1351.35	6.8385E-18
1351.4	6.8346E-18
1351.45	6.8165E-18
1351.5	6.807E-18
1351.55	6.7899E-18
1351.6	6.7962E-18
1351.65	6.8426E-18
1351.7	6.8276E-18
1351.75	6.8053E-18
1351.8	6.8088E-18
1351.85	6.7998E-18
1351.9	6.7979E-18
1351.95	6.756E-18
1352	6.737E-18
1352.05	6.7381E-18
1352.1	6.7248E-18
1352.15	6.6809E-18
1352.2	6.6207E-18
1352.25	6.6316E-18
1352.3	6.6631E-18
1352.35	6.6646E-18
1352.4	6.6803E-18
1352.45	6.6692E-18
1352.5	6.647E-18
1352.55	6.6706E-18
1352.6	6.6979E-18
1352.65	6.6516E-18
1352.7	6.6133E-18
1352.75	6.6549E-18
1352.8	6.6312E-18
1352.85	6.6027E-18
1352.9	6.602E-18
1352.95	6.6089E-18
1353	6.6011E-18
1353.05	6.5885E-18
1353.1	6.5462E-18
1353.15	6.5239E-18
1353.2	6.5254E-18
1353.25	6.5338E-18
1353.3	6.5069E-18
1353.35	6.4764E-18
1353.4	6.4885E-18
1353.45	6.4909E-18
1353.5	6.4381E-18
1353.55	6.4195E-18
1353.6	6.3783E-18
1353.65	6.3691E-18
1353.7	6.3231E-18
1353.75	6.3318E-18
1353.8	6.3345E-18
1353.85	6.3627E-18
1353.9	6.3566E-18
1353.95	6.3013E-18
1354	6.3033E-18
1354.05	6.3095E-18
1354.1	6.3128E-18
1354.15	6.2921E-18
1354.2	6.2707E-18
1354.25	6.2743E-18
1354.3	6.2381E-18
1354.35	6.2434E-18
1354.4	6.2281E-18
1354.45	6.2447E-18
1354.5	6.2213E-18
1354.55	6.1927E-18
1354.6	6.1658E-18
1354.65	6.1629E-18
1354.7	6.1447E-18
1354.75	6.1429E-18
1354.8	6.1204E-18
1354.85	6.1011E-18
1354.9	6.0906E-18
1354.95	6.1085E-18
1355	6.1263E-18
1355.05	6.1022E-18
1355.1	6.0851E-18
1355.15	6.1132E-18
1355.2	6.1095E-18
1355.25	6.0797E-18
1355.3	6.0225E-18
1355.35	6.0035E-18
1355.4	6.0447E-18
1355.45	6.0045E-18
1355.5	5.9595E-18
1355.55	5.9963E-18
1355.6	5.9877E-18
1355.65	5.9103E-18
1355.7	5.899E-18
1355.75	5.9105E-18
1355.8	5.9302E-18
1355.85	5.9381E-18
1355.9	5.9021E-18
1355.95	5.9004E-18
1356	5.8896E-18
1356.05	5.8708E-18
1356.1	5.8532E-18
1356.15	5.8891E-18
1356.2	5.9017E-18
1356.25	5.8693E-18
1356.3	5.843E-18
1356.35	5.8271E-18
1356.4	5.8257E-18
1356.45	5.8507E-18
1356.5	5.7964E-18
1356.55	5.7415E-18
1356.6	5.7115E-18
1356.65	5.7202E-18
1356.7	5.7093E-18
1356.75	5.689E-18
1356.8	5.6973E-18
1356.85	5.7097E-18
1356.9	5.7164E-18
1356.95	5.6974E-18
1357	5.6963E-18
1357.05	5.7071E-18
1357.1	5.7016E-18
1357.15	5.6818E-18
1357.2	5.6726E-18
1357.25	5.6663E-18
1357.3	5.6577E-18
1357.35	5.6632E-18
1357.4	5.651E-18
1357.45	5.6287E-18
1357.5	5.628E-18
1357.55	5.6386E-18
1357.6	5.6075E-18
1357.65	5.6093E-18
1357.7	5.6354E-18
1357.75	5.6324E-18
1357.8	5.5958E-18
1357.85	5.5771E-18
1357.9	5.5545E-18
1357.95	5.5634E-18
1358	5.5549E-18
1358.05	5.5199E-18
1358.1	5.5004E-18
1358.15	5.496E-18
1358.2	5.506E-18
1358.25	5.4894E-18
1358.3	5.4694E-18
1358.35	5.4321E-18
1358.4	5.4654E-18
1358.45	5.4642E-18
1358.5	5.3965E-18
1358.55	5.3999E-18
1358.6	5.4363E-18
1358.65	5.3846E-18
1358.7	5.3599E-18
1358.75	5.3639E-18
1358.8	5.3554E-18
1358.85	5.355E-18
1358.9	5.3506E-18
1358.95	5.35E-18
1359	5.3602E-18
1359.05	5.3748E-18
1359.1	5.3244E-18
1359.15	5.2928E-18
1359.2	5.2771E-18
1359.25	5.2497E-18
1359.3	5.2449E-18
1359.35	5.2314E-18
1359.4	5.2285E-18
1359.45	5.2153E-18
1359.5	5.185E-18
1359.55	5.2103E-18
1359.6	5.2615E-18
1359.65	5.2629E-18
1359.7	5.2147E-18
1359.75	5.2232E-18
1359.8	5.2327E-18
1359.85	5.2356E-18
1359.9	5.223E-18
1359.95	5.1828E-18
1360	5.1611E-18
1360.05	5.186E-18
1360.1	5.1648E-18
1360.15	5.1364E-18
1360.2	5.1086E-18
1360.25	5.0958E-18
1360.3	5.0835E-18
1360.35	5.065E-18
1360.4	5.0542E-18
1360.45	5.0608E-18
1360.5	4.9985E-18
1360.55	5.0079E-18
1360.6	5.0056E-18
1360.65	4.9954E-18
1360.7	4.9783E-18
1360.75	4.9544E-18
1360.8	4.9756E-18
1360.85	4.9694E-18
1360.9	4.9512E-18
1360.95	4.9195E-18
1361	4.9278E-18
1361.05	4.9371E-18
1361.1	4.9326E-18
1361.15	4.8825E-18
1361.2	4.9112E-18
1361.25	4.9035E-18
1361.3	4.8892E-18
1361.35	4.853E-18
1361.4	4.8572E-18
1361.45	4.8561E-18
1361.5	4.8498E-18
1361.55	4.8175E-18
1361.6	4.8687E-18
1361.65	4.8857E-18
1361.7	4.8333E-18
1361.75	4.8204E-18
1361.8	4.8066E-18
1361.85	4.7975E-18
1361.9	4.7964E-18
1361.95	4.7884E-18
1362	4.763E-18
1362.05	4.7449E-18
1362.1	4.7514E-18
1362.15	4.7685E-18
1362.2	4.7866E-18
1362.25	4.802E-18
1362.3	4.7884E-18
1362.35	4.7458E-18
1362.4	4.735E-18
1362.45	4.6762E-18
1362.5	4.6588E-18
1362.55	4.656E-18
1362.6	4.6203E-18
1362.65	4.6172E-18
1362.7	4.6083E-18
1362.75	4.5824E-18
1362.8	4.6169E-18
1362.85	4.6193E-18
1362.9	4.626E-18
1362.95	4.6301E-18
1363	4.5849E-18
1363.05	4.5569E-18
1363.1	4.5605E-18
1363.15	4.5504E-18
1363.2	4.5309E-18
1363.25	4.5149E-18
1363.3	4.4896E-18
1363.35	4.503E-18
1363.4	4.5E-18
1363.45	4.4946E-18
1363.5	4.4594E-18
1363.55	4.4534E-18
1363.6	4.4663E-18
1363.65	4.4581E-18
1363.7	4.4416E-18
1363.75	4.4509E-18
1363.8	4.4054E-18
1363.85	4.439E-18
1363.9	4.4259E-18
1363.95	4.4167E-18
1364	4.4135E-18
1364.05	4.3752E-18
1364.1	4.3658E-18
1364.15	4.3832E-18
1364.2	4.357E-18
1364.25	4.3745E-18
1364.3	4.3639E-18
1364.35	4.3737E-18
1364.4	4.3717E-18
1364.45	4.3483E-18
1364.5	4.3299E-18
1364.55	4.3319E-18
1364.6	4.2972E-18
1364.65	4.298E-18
1364.7	4.2806E-18
1364.75	4.333E-18
1364.8	4.3733E-18
1364.85	4.3746E-18
1364.9	4.357E-18
1364.95	4.3575E-18
1365	4.3501E-18
1365.05	4.3044E-18
1365.1	4.2704E-18
1365.15	4.2557E-18
1365.2	4.2608E-18
1365.25	4.2364E-18
1365.3	4.1986E-18
1365.35	4.181E-18
1365.4	4.1761E-18
1365.45	4.1843E-18
1365.5	4.1598E-18
1365.55	4.182E-18
1365.6	4.1991E-18
1365.65	4.1698E-18
1365.7	4.1726E-18
1365.75	4.1849E-18
1365.8	4.1422E-18
1365.85	4.1534E-18
1365.9	4.1413E-18
1365.95	4.1497E-18
1366	4.1162E-18
1366.05	4.112E-18
1366.1	4.1259E-18
1366.15	4.1106E-18
1366.2	4.1163E-18
1366.25	4.1066E-18
1366.3	4.0949E-18
1366.35	4.0927E-18
1366.4	4.0757E-18
1366.45	4.0227E-18
1366.5	4.0383E-18
1366.55	4.0349E-18
1366.6	4.0228E-18
1366.65	4.0359E-18
1366.7	4.027E-18
1366.75	4.0349E-18
1366.8	4.0182E-18
1366.85	4.0231E-18
1366.9	4.0064E-18
1366.95	3.9922E-18
1367	3.9948E-18
1367.05	3.9729E-18
1367.1	3.9916E-18
1367.15	3.964E-18
1367.2	3.9083E-18
1367.25	3.8841E-18
1367.3	3.9254E-18
1367.35	3.9306E-18
1367.4	3.9252E-18
1367.45	3.9372E-18
1367.5	3.9681E-18
1367.55	3.959E-18
1367.6	3.9269E-18
1367.65	3.9339E-18
1367.7	3.9294E-18
1367.75	3.9252E-18
1367.8	3.9117E-18
1367.85	3.8796E-18
1367.9	3.8385E-18
1367.95	3.814E-18
1368	3.7875E-18
1368.05	3.785E-18
1368.1	3.7649E-18
1368.15	3.7674E-18
1368.2	3.7697E-18
1368.25	3.7297E-18
1368.3	3.7419E-18
1368.35	3.7668E-18
1368.4	3.7541E-18
1368.45	3.7544E-18
1368.5	3.7522E-18
1368.55	3.7566E-18
1368.6	3.7288E-18
1368.65	3.6926E-18
1368.7	3.6754E-18
1368.75	3.6696E-18
1368.8	3.6549E-18
1368.85	3.6657E-18
1368.9	3.6721E-18
1368.95	3.6696E-18
1369	3.6997E-18
1369.05	3.6815E-18
1369.1	3.6133E-18
1369.15	3.5726E-18
1369.2	3.5566E-18
1369.25	3.5912E-18
1369.3	3.6039E-18
1369.35	3.615E-18
1369.4	3.6091E-18
1369.45	3.5803E-18
1369.5	3.5507E-18
1369.55	3.5371E-18
1369.6	3.5397E-18
1369.65	3.5162E-18
1369.7	3.5262E-18
1369.75	3.5088E-18
1369.8	3.5051E-18
1369.85	3.4971E-18
1369.9	3.4876E-18
1369.95	3.4699E-18
1370	3.4413E-18
1370.05	3.4604E-18
1370.1	3.4812E-18
1370.15	3.4775E-18
1370.2	3.447E-18
1370.25	3.4406E-18
1370.3	3.4084E-18
1370.35	3.3911E-18
1370.4	3.3694E-18
1370.45	3.3637E-18
1370.5	3.3859E-18
1370.55	3.3701E-18
1370.6	3.3604E-18
1370.65	3.3667E-18
1370.7	3.3778E-18
1370.75	3.3784E-18
1370.8	3.3542E-18
1370.85	3.3791E-18
1370.9	3.3786E-18
1370.95	3.3569E-18
1371	3.3449E-18
1371.05	3.3373E-18
1371.1	3.3513E-18
1371.15	3.3427E-18
1371.2	3.2851E-18
1371.25	3.2864E-18
1371.3	3.2935E-18
1371.35	3.3324E-18
1371.4	3.3568E-18
1371.45	3.3236E-18
1371.5	3.276E-18
1371.55	3.2537E-18
1371.6	3.2505E-18
1371.65	3.2759E-18
1371.7	3.2619E-18
1371.75	3.2649E-18
1371.8	3.2441E-18
1371.85	3.2388E-18
1371.9	3.2565E-18
1371.95	3.2819E-18
1372	3.279E-18
1372.05	3.2684E-18
1372.1	3.2683E-18
1372.15	3.224E-18
1372.2	3.2043E-18
1372.25	3.1866E-18
1372.3	3.2052E-18
1372.35	3.1678E-18
1372.4	3.1817E-18
1372.45	3.1872E-18
1372.5	3.1556E-18
1372.55	3.1501E-18
1372.6	3.1337E-18
1372.65	3.1382E-18
1372.7	3.1182E-18
1372.75	3.1209E-18
1372.8	3.1151E-18
1372.85	3.1136E-18
1372.9	3.0912E-18
1372.95	3.0991E-18
1373	3.0909E-18
1373.05	3.0842E-18
1373.1	3.0732E-18
1373.15	3.0728E-18
1373.2	3.0922E-18
1373.25	3.0637E-18
1373.3	3.0578E-18
1373.35	3.0596E-18
1373.4	3.0572E-18
1373.45	3.0443E-18
1373.5	3.0531E-18
1373.55	3.0267E-18
1373.6	3.0278E-18
1373.65	2.9938E-18
1373.7	2.9716E-18
1373.75	2.9448E-18
1373.8	2.9003E-18
1373.85	2.8972E-18
1373.9	2.903E-18
1373.95	2.8788E-18
1374	2.8842E-18
1374.05	2.89E-18
1374.1	2.8665E-18
1374.15	2.8983E-18
1374.2	2.8914E-18
1374.25	2.8818E-18
1374.3	2.9075E-18
1374.35	2.8885E-18
1374.4	2.8688E-18
1374.45	2.854E-18
1374.5	2.8448E-18
1374.55	2.8417E-18
1374.6	2.8228E-18
1374.65	2.7981E-18
1374.7	2.811E-18
1374.75	2.8148E-18
1374.8	2.7942E-18
1374.85	2.7819E-18
1374.9	2.7852E-18
1374.95	2.8073E-18
1375	2.7884E-18
1375.05	2.8029E-18
1375.1	2.7954E-18
1375.15	2.7507E-18
1375.2	2.7315E-18
1375.25	2.7358E-18
1375.3	2.7428E-18
1375.35	2.7159E-18
1375.4	2.7107E-18
1375.45	2.7168E-18
1375.5	2.7281E-18
1375.55	2.745E-18
1375.6	2.7212E-18
1375.65	2.7133E-18
1375.7	2.7139E-18
1375.75	2.7236E-18
1375.8	2.7307E-18
1375.85	2.7257E-18
1375.9	2.7035E-18
1375.95	2.6737E-18
1376	2.6568E-18
1376.05	2.6632E-18
1376.1	2.646E-18
1376.15	2.6277E-18
1376.2	2.6126E-18
1376.25	2.6034E-18
1376.3	2.5992E-18
1376.35	2.62E-18
1376.4	2.597E-18
1376.45	2.5744E-18
1376.5	2.5657E-18
1376.55	2.5892E-18
1376.6	2.5636E-18
1376.65	2.5745E-18
1376.7	2.5672E-18
1376.75	2.5167E-18
1376.8	2.514E-18
1376.8	2.5037E-18
1376.85	2.4995E-18
1376.9	2.4765E-18
1376.95	2.4738E-18
1377	2.4802E-18
1377.05	2.4726E-18
1377.1	2.4609E-18
1377.15	2.4464E-18
1377.2	2.4458E-18
1377.25	2.4584E-18
1377.3	2.4438E-18
1377.35	2.437E-18
1377.4	2.4436E-18
1377.45	2.4396E-18
1377.5	2.4293E-18
1377.55	2.4106E-18
1377.6	2.4104E-18
1377.65	2.4108E-18
1377.7	2.4142E-18
1377.75	2.4074E-18
1377.8	2.3975E-18
1377.85	2.3922E-18
1377.9	2.4044E-18
1377.95	2.3872E-18
1378	2.373E-18
1378.05	2.378E-18
1378.1	2.3761E-18
1378.15	2.3644E-18
1378.2	2.3547E-18
1378.25	2.3497E-18
1378.3	2.3621E-18
1378.35	2.3573E-18
1378.4	2.3503E-18
1378.45	2.3536E-18
1378.5	2.3529E-18
1378.55	2.3399E-18
1378.6	2.3339E-18
1378.65	2.3148E-18
1378.7	2.3106E-18
1378.75	2.3097E-18
1378.8	2.3039E-18
1378.85	2.2942E-18
1378.9	2.2885E-18
1378.95	2.2921E-18
1379	2.2828E-18
1379.05	2.2711E-18
1379.1	2.2654E-18
1379.15	2.2656E-18
1379.2	2.2659E-18
1379.25	2.2608E-18
1379.3	2.2467E-18
1379.35	2.2397E-18
1379.4	2.2364E-18
1379.45	2.2274E-18
1379.5	2.2209E-18
1379.55	2.2179E-18
1379.6	2.2234E-18
1379.65	2.2235E-18
1379.7	2.2112E-18
1379.75	2.2122E-18
1379.8	2.2064E-18
1379.85	2.2015E-18
1379.9	2.196E-18
1379.95	2.1869E-18
1380	2.1913E-18
1380.05	2.1917E-18
1380.1	2.1787E-18
1380.15	2.1712E-18
1380.2	2.1697E-18
1380.25	2.1667E-18
1380.3	2.166E-18
1380.35	2.1564E-18
1380.4	2.1524E-18
1380.45	2.1521E-18
1380.5	2.1481E-18
1380.55	2.1348E-18
1380.6	2.1245E-18
1380.65	2.1198E-18
1380.7	2.1213E-18
1380.75	2.1114E-18
1380.8	2.1111E-18
1380.85	2.108E-18
1380.9	2.1006E-18
1380.95	2.1053E-18
1381	2.0924E-18
1381.05	2.0755E-18
1381.1	2.0833E-18
1381.15	2.0789E-18
1381.2	2.0712E-18
1381.25	2.0628E-18
1381.3	2.0556E-18
1381.35	2.0561E-18
1381.4	2.0449E-18
1381.45	2.039E-18
1381.5	2.0339E-18
1381.55	2.0354E-18
1381.6	2.0349E-18
1381.65	2.0258E-18
1381.7	2.0208E-18
1381.75	2.0234E-18
1381.8	2.0178E-18
1381.85	2.0035E-18
1381.9	1.994E-18
1381.95	1.9912E-18
1382	1.9923E-18
1382.05	1.9917E-18
1382.1	1.9836E-18
1382.15	1.9804E-18
1382.2	1.9805E-18
1382.25	1.9695E-18
1382.3	1.9568E-18
1382.35	1.9541E-18
1382.4	1.9469E-18
1382.45	1.9443E-18
1382.5	1.9379E-18
1382.55	1.9304E-18
1382.6	1.929E-18
1382.65	1.9352E-18
1382.7	1.9379E-18
1382.75	1.9228E-18
1382.8	1.914E-18
1382.85	1.9129E-18
1382.9	1.9124E-18
1382.95	1.9055E-18
1383	1.9002E-18
1383.05	1.8999E-18
1383.1	1.8977E-18
1383.15	1.8915E-18
1383.2	1.8858E-18
1383.25	1.8809E-18
1383.3	1.8847E-18
1383.35	1.8824E-18
1383.4	1.8704E-18
1383.45	1.8613E-18
1383.5	1.8672E-18
1383.55	1.8623E-18
1383.6	1.8545E-18
1383.65	1.8417E-18
1383.7	1.8384E-18
1383.75	1.8372E-18
1383.8	1.8297E-18
1383.85	1.814E-18
1383.9	1.8113E-18
1383.95	1.8071E-18
1384	1.8064E-18
1384.05	1.7945E-18
1384.1	1.7957E-18
1384.15	1.7976E-18
1384.2	1.7975E-18
1384.25	1.7845E-18
1384.3	1.7795E-18
1384.35	1.772E-18
1384.4	1.7717E-18
1384.45	1.7636E-18
1384.5	1.7674E-18
1384.55	1.7638E-18
1384.6	1.7634E-18
1384.65	1.743E-18
1384.7	1.7501E-18
1384.75	1.7385E-18
1384.8	1.7372E-18
1384.85	1.7375E-18
1384.9	1.7346E-18
1384.95	1.7223E-18
1385	1.7225E-18
1385.05	1.7143E-18
1385.1	1.7024E-18
1385.15	1.7007E-18
1385.2	1.6964E-18
1385.25	1.6874E-18
1385.3	1.6846E-18
1385.35	1.6799E-18
1385.4	1.6787E-18
1385.45	1.6735E-18
1385.5	1.6705E-18
1385.55	1.6659E-18
1385.6	1.6588E-18
1385.65	1.651E-18
1385.7	1.6513E-18
1385.75	1.6524E-18
1385.8	1.6515E-18
1385.85	1.6478E-18
1385.9	1.6423E-18
1385.95	1.6439E-18
1386	1.6375E-18
1386.05	1.6338E-18
1386.1	1.6364E-18
1386.15	1.6299E-18
1386.2	1.6275E-18
1386.25	1.6183E-18
1386.3	1.6159E-18
1386.35	1.6132E-18
1386.4	1.6028E-18
1386.45	1.601E-18
1386.5	1.6003E-18
1386.55	1.595E-18
1386.6	1.5943E-18
1386.65	1.5935E-18
1386.7	1.5893E-18
1386.75	1.5855E-18
1386.8	1.5772E-18
1386.85	1.572E-18
1386.9	1.5716E-18
1386.95	1.5652E-18
1387	1.5614E-18
1387.05	1.5517E-18
1387.1	1.5511E-18
1387.15	1.5516E-18
1387.2	1.5416E-18
1387.25	1.541E-18
1387.3	1.5378E-18
1387.35	1.5345E-18
1387.4	1.5354E-18
1387.45	1.5274E-18
1387.5	1.5212E-18
1387.55	1.518E-18
1387.6	1.5095E-18
1387.65	1.5133E-18
1387.7	1.5091E-18
1387.75	1.506E-18
1387.8	1.5059E-18
1387.85	1.4994E-18
1387.9	1.4944E-18
1387.95	1.485E-18
1388	1.4775E-18
1388.05	1.4797E-18
1388.1	1.4771E-18
1388.15	1.4767E-18
1388.2	1.4697E-18
1388.25	1.462E-18
1388.3	1.4556E-18
1388.35	1.4544E-18
1388.4	1.4481E-18
1388.45	1.4474E-18
1388.5	1.4447E-18
1388.55	1.4433E-18
1388.6	1.4425E-18
1388.65	1.4328E-18
1388.7	1.4282E-18
1388.75	1.4266E-18
1388.8	1.4221E-18
1388.85	1.4229E-18
1388.9	1.4212E-18
1388.95	1.4207E-18
1389	1.4141E-18
1389.05	1.4062E-18
1389.1	1.4031E-18
1389.15	1.4003E-18
1389.2	1.3986E-18
1389.25	1.3979E-18
1389.3	1.3938E-18
1389.35	1.3899E-18
1389.4	1.3862E-18
1389.45	1.377E-18
1389.5	1.3729E-18
1389.55	1.3716E-18
1389.6	1.3663E-18
1389.65	1.3659E-18
1389.7	1.3573E-18
1389.75	1.3576E-18
1389.8	1.3582E-18
1389.85	1.3537E-18
1389.9	1.3498E-18
1389.95	1.3494E-18
1390	1.3462E-18
1390.05	1.3454E-18
1390.1	1.3363E-18
1390.15	1.3324E-18
1390.2	1.3272E-18
1390.25	1.3209E-18
1390.3	1.3238E-18
1390.35	1.3197E-18
1390.4	1.3165E-18
1390.45	1.3133E-18
1390.5	1.3067E-18
1390.55	1.3022E-18
1390.6	1.2935E-18
1390.65	1.289E-18
1390.7	1.2897E-18
1390.75	1.2835E-18
1390.8	1.2817E-18
1390.85	1.2821E-18
1390.9	1.2739E-18
1390.95	1.2714E-18
1391	1.2665E-18
1391.05	1.2665E-18
1391.1	1.2692E-18
1391.15	1.2637E-18
1391.2	1.2658E-18
1391.25	1.256E-18
1391.3	1.2517E-18
1391.35	1.2486E-18
1391.4	1.2466E-18
1391.45	1.2436E-18
1391.5	1.2439E-18
1391.55	1.238E-18
1391.6	1.2387E-18
1391.65	1.234E-18
1391.7	1.232E-18
1391.75	1.2323E-18
1391.8	1.2233E-18
1391.85	1.2194E-18
1391.9	1.2203E-18
1391.95	1.2189E-18
1392	1.2159E-18
1392.05	1.2109E-18
1392.1	1.2079E-18
1392.15	1.2054E-18
1392.2	1.1966E-18
1392.25	1.1989E-18
1392.3	1.1992E-18
1392.35	1.1943E-18
1392.4	1.1993E-18
1392.45	1.1911E-18
1392.5	1.1865E-18
1392.55	1.1877E-18
1392.6	1.182E-18
1392.65	1.1803E-18
1392.7	1.1782E-18
1392.75	1.1739E-18
1392.8	1.1704E-18
1392.85	1.1675E-18
1392.9	1.1625E-18
1392.95	1.161E-18
1393	1.1546E-18
1393.05	1.1565E-18
1393.1	1.1561E-18
1393.15	1.1487E-18
1393.2	1.1502E-18
1393.25	1.1466E-18
1393.3	1.1418E-18
1393.35	1.14E-18
1393.4	1.1361E-18
1393.45	1.1348E-18
1393.5	1.1277E-18
1393.55	1.123E-18
1393.6	1.1249E-18
1393.65	1.1221E-18
1393.7	1.1184E-18
1393.75	1.1192E-18
1393.8	1.1173E-18
1393.85	1.1144E-18
1393.9	1.1065E-18
1393.95	1.0993E-18
1394	1.0972E-18
1394.05	1.0956E-18
1394.1	1.0936E-18
1394.15	1.0929E-18
1394.2	1.0923E-18
1394.25	1.0843E-18
1394.3	1.0844E-18
1394.35	1.0756E-18
1394.4	1.0638E-18
1394.45	1.0638E-18
1394.5	1.0622E-18
1394.55	1.0552E-18
1394.6	1.051E-18
1394.65	1.0522E-18
1394.7	1.0495E-18
1394.75	1.0471E-18
1394.8	1.0433E-18
1394.85	1.0405E-18
1394.9	1.0373E-18
1394.95	1.0303E-18
1395	1.0213E-18
1395.05	1.0227E-18
1395.1	1.0176E-18
1395.15	1.0164E-18
1395.2	1.0153E-18
1395.25	1.0097E-18
1395.3	1.0083E-18
1395.35	1.0068E-18
1395.4	1.0026E-18
1395.45	1.0007E-18
1395.5	9.9789E-19
1395.55	9.9309E-19
1395.6	9.9199E-19
1395.65	9.8605E-19
1395.7	9.8501E-19
1395.75	9.8112E-19
1395.8	9.79E-19
1395.85	9.7972E-19
1395.9	9.7249E-19
1395.95	9.6903E-19
1396	9.6789E-19
1396.05	9.6539E-19
1396.1	9.6282E-19
1396.15	9.5989E-19
1396.2	9.5296E-19
1396.25	9.5275E-19
1396.3	9.4915E-19
1396.35	9.4564E-19
1396.4	9.4406E-19
1396.45	9.4179E-19
1396.5	9.3815E-19
1396.55	9.3552E-19
1396.6	9.3745E-19
1396.65	9.3769E-19
1396.7	9.3267E-19
1396.75	9.3202E-19
1396.8	9.3049E-19
1396.85	9.2921E-19
1396.9	9.2838E-19
1396.95	9.2373E-19
1397	9.2151E-19
1397.05	9.1832E-19
1397.1	9.145E-19
1397.15	9.1085E-19
1397.2	9.0561E-19
1397.25	9.0232E-19
1397.3	8.9991E-19
1397.35	8.9143E-19
1397.4	8.8888E-19
1397.45	8.8824E-19
1397.5	8.8169E-19
1397.55	8.8173E-19
1397.6	8.8061E-19
1397.65	8.7947E-19
1397.7	8.821E-19
1397.75	8.774E-19
1397.8	8.7658E-19
1397.85	8.7628E-19
1397.9	8.7422E-19
1397.95	8.7368E-19
1398	8.7394E-19
1398.05	8.6941E-19
1398.1	8.6911E-19
1398.15	8.6245E-19
1398.2	8.6394E-19
1398.25	8.5974E-19
1398.3	8.5272E-19
1398.35	8.5058E-19
1398.4	8.4775E-19
1398.45	8.4366E-19
1398.5	8.3534E-19
1398.55	8.3457E-19
1398.6	8.3324E-19
1398.65	8.3524E-19
1398.7	8.3042E-19
1398.75	8.3341E-19
1398.8	8.2873E-19
1398.85	8.2462E-19
1398.9	8.2674E-19
1398.95	8.237E-19
1399	8.1804E-19
1399.05	8.1529E-19
1399.1	7.8647E-19
1399.15	7.8769E-19
1399.2	7.8097E-19
1399.25	7.7914E-19
1399.3	7.7704E-19
1399.35	7.7249E-19
1399.4	7.7158E-19
1399.45	7.6874E-19
1399.5	7.6649E-19
1399.55	7.6408E-19
1399.6	7.6316E-19
1399.65	7.6074E-19
1399.7	7.5429E-19
1399.75	7.5324E-19
1399.8	7.5566E-19
1399.85	7.5633E-19
1399.9	7.5622E-19
1399.95	7.504E-19
1400	7.4618E-19
1400.05	7.4077E-19
1400.1	7.4071E-19
1400.15	7.3947E-19
1400.2	7.3675E-19
1400.25	7.3173E-19
1400.3	7.2716E-19
1400.35	7.2828E-19
1400.4	7.2592E-19
1400.45	7.254E-19
1400.5	7.2385E-19
1400.55	7.1746E-19
1400.6	7.1459E-19
1400.65	7.1208E-19
1400.7	7.0968E-19
1400.75	7.1092E-19
1400.8	7.0584E-19
1400.85	7.1069E-19
1400.9	7.0702E-19
1400.95	7.0261E-19
1401	7.0185E-19
1401.05	6.9484E-19
1401.1	6.9181E-19
1401.15	6.9065E-19
1401.2	6.8729E-19
1401.25	6.9E-19
1401.3	6.885E-19
1401.35	6.8774E-19
1401.4	6.8586E-19
1401.45	6.8381E-19
1401.5	6.8591E-19
1401.55	6.8717E-19
1401.6	6.815E-19
1401.65	6.8018E-19
1401.7	6.7763E-19
1401.75	6.749E-19
1401.8	6.7371E-19
1401.85	6.7034E-19
1401.9	6.6978E-19
1401.95	6.6739E-19
1402	6.6286E-19
1402.05	6.6109E-19
1402.1	6.5911E-19
1402.15	6.5559E-19
1402.2	6.5274E-19
1402.25	6.5049E-19
1402.3	6.4687E-19
1402.35	6.4776E-19
1402.35	6.4219E-19
1402.4	6.3489E-19
1402.45	6.3387E-19
1402.5	6.329E-19
1402.55	6.2966E-19
1402.6	6.2801E-19
1402.65	6.2695E-19
1402.7	6.2204E-19
1402.75	6.2257E-19
1402.8	6.1865E-19
1402.85	6.1327E-19
1402.9	6.137E-19
1402.95	6.1562E-19
1403	6.1315E-19
1403.05	6.1106E-19
1403.1	6.0768E-19
1403.15	6.0608E-19
1403.2	6.0448E-19
1403.25	6.0478E-19
1403.3	6.0419E-19
1403.35	6.0285E-19
1403.4	6.033E-19
1403.45	5.9941E-19
1403.5	5.9881E-19
1403.55	5.9532E-19
1403.6	5.9044E-19
1403.65	5.8901E-19
1403.7	5.8681E-19
1403.75	5.8254E-19
1403.8	5.8408E-19
1403.85	5.8119E-19
1403.9	5.7858E-19
1403.95	5.7914E-19
1404	5.7623E-19
1404.05	5.7472E-19
1404.1	5.7104E-19
1404.15	5.7089E-19
1404.2	5.7126E-19
1404.25	5.6926E-19
1404.3	5.6782E-19
1404.35	5.6845E-19
1404.4	5.6251E-19
1404.45	5.6031E-19
1404.5	5.578E-19
1404.55	5.5368E-19
1404.6	5.5162E-19
1404.65	5.482E-19
1404.7	5.4816E-19
1404.75	5.4751E-19
1404.8	5.4405E-19
1404.85	5.4468E-19
1404.9	5.4517E-19
1404.95	5.4694E-19
1405	5.4624E-19
1405.05	5.434E-19
1405.1	5.4258E-19
1405.15	5.3826E-19
1405.2	5.3538E-19
1405.25	5.3661E-19
1405.3	5.3177E-19
1405.35	5.278E-19
1405.4	5.2769E-19
1405.45	5.2858E-19
1405.5	5.2735E-19
1405.55	5.2694E-19
1405.6	5.2597E-19
1405.65	5.2459E-19
1405.7	5.1871E-19
1405.75	5.174E-19
1405.8	5.1358E-19
1405.85	5.1109E-19
1405.9	5.083E-19
1405.95	5.0642E-19
1406	5.0537E-19
1406.05	5.0355E-19
1406.1	5.004E-19
1406.15	4.9728E-19
1406.2	4.97E-19
1406.25	4.9676E-19
1406.3	4.9584E-19
1406.35	4.9267E-19
1406.4	4.9145E-19
1406.45	4.9063E-19
1406.5	4.8809E-19
1406.55	4.8877E-19
1406.6	4.8673E-19
1406.65	4.8612E-19
1406.7	4.8419E-19
1406.75	4.7981E-19
1406.8	4.7805E-19
1406.85	4.7773E-19
1406.9	4.7701E-19
1406.95	4.7404E-19
1407	4.7208E-19
1407.05	4.7199E-19
1407.1	4.701E-19
1407.15	4.6707E-19
1407.2	4.6627E-19
1407.25	4.6513E-19
1407.3	4.6425E-19
1407.35	4.6378E-19
1407.4	4.6113E-19
1407.45	4.5782E-19
1407.5	4.5736E-19
1407.55	4.5444E-19
1407.6	4.5199E-19
1407.65	4.5161E-19
1407.7	4.4902E-19
1407.75	4.4429E-19
1407.8	4.436E-19
1407.85	4.4078E-19
1407.9	4.4066E-19
1407.95	4.4028E-19
1408	4.4038E-19
1408.05	4.3949E-19
1408.1	4.3781E-19
1408.15	4.3776E-19
1408.2	4.3474E-19
1408.25	4.3229E-19
1408.3	4.3119E-19
1408.35	4.2973E-19
1408.4	4.2899E-19
1408.45	4.2734E-19
1408.5	4.2722E-19
1408.55	4.2762E-19
1408.6	4.2756E-19
1408.65	4.255E-19
1408.7	4.2297E-19
1408.75	4.207E-19
1408.8	4.1968E-19
1408.85	4.1832E-19
1408.9	4.1493E-19
1408.95	4.1384E-19
1409	4.1012E-19
1409.05	4.0746E-19
1409.1	4.0615E-19
1409.15	4.0656E-19
1409.2	4.0638E-19
1409.25	4.0551E-19
1409.3	4.0347E-19
1409.35	4.0047E-19
1409.4	3.9755E-19
1409.45	3.9783E-19
1409.5	3.9742E-19
1409.55	3.9664E-19
1409.6	3.9534E-19
1409.65	3.9342E-19
1409.7	3.9354E-19
1409.75	3.9253E-19
1409.8	3.9085E-19
1409.85	3.9053E-19
1409.9	3.9093E-19
1409.95	3.8845E-19
1410	3.8764E-19
1410.05	3.8525E-19
1410.1	3.8224E-19
1410.15	3.8194E-19
1410.2	3.7898E-19
1410.25	3.7984E-19
1410.3	3.7746E-19
1410.35	3.7517E-19
1410.4	3.7461E-19
1410.45	3.7339E-19
1410.5	3.7272E-19
1410.55	3.6994E-19
1410.6	3.6941E-19
1410.65	3.6775E-19
1410.7	3.6725E-19
1410.75	3.6337E-19
1410.8	3.6346E-19
1410.85	3.6116E-19
1410.9	3.6273E-19
1410.95	3.6087E-19
1411	3.5781E-19
1411.05	3.5862E-19
1411.1	3.5645E-19
1411.15	3.5633E-19
1411.2	3.5808E-19
1411.25	3.573E-19
1411.3	3.5654E-19
1411.35	3.5613E-19
1411.4	3.5358E-19
1411.45	3.5289E-19
1411.5	3.518E-19
1411.55	3.5129E-19
1411.6	3.4901E-19
1411.65	3.4839E-19
1411.7	3.4789E-19
1411.75	3.4548E-19
1411.8	3.4167E-19
1411.85	3.4098E-19
1411.9	3.3812E-19
1411.95	3.3724E-19
1412	3.3598E-19
1412.05	3.3404E-19
1412.1	3.3146E-19
1412.15	3.2881E-19
1412.2	3.2722E-19
1412.25	3.2856E-19
1412.3	3.2534E-19
1412.35	3.2698E-19
1412.4	3.2806E-19
1412.45	3.2682E-19
1412.5	3.2589E-19
1412.55	3.2466E-19
1412.6	3.2389E-19
1412.65	3.2332E-19
1412.7	3.2323E-19
1412.75	3.2404E-19
1412.8	3.2248E-19
1412.85	3.1969E-19
1412.9	3.1836E-19
1412.95	3.1688E-19
1413	3.1526E-19
1413.05	3.1554E-19
1413.1	3.1609E-19
1413.15	3.1677E-19
1413.2	3.136E-19
1413.25	3.1168E-19
1413.3	3.1019E-19
1413.35	3.0816E-19
1413.4	3.0704E-19
1413.45	3.0715E-19
1413.5	3.0536E-19
1413.55	3.0532E-19
1413.6	3.0447E-19
1413.65	3.0352E-19
1413.7	3.023E-19
1413.75	3.0004E-19
1413.8	2.9999E-19
1413.85	2.9963E-19
1413.9	2.9515E-19
1413.95	2.9467E-19
1414	2.9247E-19
1414.05	2.9192E-19
1414.1	2.9021E-19
1414.15	2.893E-19
1414.2	2.877E-19
1414.25	2.8748E-19
1414.3	2.8613E-19
1414.35	2.8524E-19
1414.4	2.8428E-19
1414.45	2.8573E-19
1414.5	2.8582E-19
1414.55	2.8569E-19
1414.6	2.8481E-19
1414.65	2.8215E-19
1414.7	2.8321E-19
1414.75	2.8389E-19
1414.8	2.8212E-19
1414.85	2.807E-19
1414.9	2.7943E-19
1414.95	2.7888E-19
1415	2.7726E-19
1415.05	2.7674E-19
1415.1	2.7455E-19
1415.15	2.7514E-19
1415.2	2.7362E-19
1415.25	2.732E-19
1415.3	2.7209E-19
1415.35	2.7091E-19
1415.4	2.6967E-19
1415.45	2.6864E-19
1415.5	2.6792E-19
1415.55	2.6773E-19
1415.6	2.6654E-19
1415.65	2.6709E-19
1415.7	2.6507E-19
1415.75	2.6172E-19
1415.8	2.6067E-19
1415.85	2.5803E-19
1415.9	2.5654E-19
1415.95	2.5706E-19
1416	2.5502E-19
1416.05	2.5517E-19
1416.1	2.5396E-19
1416.15	2.5368E-19
1416.2	2.5308E-19
1416.25	2.4995E-19
1416.3	2.5032E-19
1416.35	2.4887E-19
1416.4	2.4762E-19
1416.45	2.4863E-19
1416.5	2.4802E-19
1416.55	2.4793E-19
1416.6	2.4867E-19
1416.65	2.4817E-19
1416.7	2.4681E-19
1416.75	2.4713E-19
1416.8	2.4474E-19
1416.85	2.4481E-19
1416.9	2.435E-19
1416.95	2.4151E-19
1417	2.426E-19
1417.05	2.4049E-19
1417.1	2.3988E-19
1417.15	2.3862E-19
1417.2	2.3865E-19
1417.25	2.3932E-19
1417.3	2.3945E-19
1417.35	2.3856E-19
1417.4	2.3866E-19
1417.45	2.3716E-19
1417.5	2.3701E-19
1417.55	2.3413E-19
1417.6	2.3324E-19
1417.65	2.3265E-19
1417.7	2.3199E-19
1417.75	2.3071E-19
1417.8	2.3042E-19
1417.85	2.2985E-19
1417.9	2.2789E-19
1417.95	2.2659E-19
1418	2.254E-19
1418.05	2.2542E-19
1418.1	2.2663E-19
1418.15	2.2626E-19
1418.2	2.2673E-19
1418.25	2.2785E-19
1418.3	2.2743E-19
1418.35	2.2576E-19
1418.4	2.2611E-19
1418.45	2.2525E-19
1418.5	2.2372E-19
1418.55	2.2354E-19
1418.6	2.2214E-19
1418.65	2.2132E-19
1418.7	2.2208E-19
1418.75	2.2177E-19
1418.8	2.1966E-19
1418.85	2.1883E-19
1418.9	2.1765E-19
1418.95	2.1608E-19
1419	2.1401E-19
1419.05	2.1248E-19
1419.1	2.1032E-19
1419.15	2.0809E-19
1419.2	2.0708E-19
1419.25	2.0613E-19
1419.3	2.0517E-19
1419.35	2.0578E-19
1419.4	2.0619E-19
1419.45	2.0469E-19
1419.5	2.0454E-19
1419.55	2.0263E-19
1419.6	2.0359E-19
1419.65	2.0383E-19
1419.7	2.0186E-19
1419.75	2.0181E-19
1419.8	2.0039E-19
1419.85	1.9802E-19
1419.9	1.9894E-19
1419.95	1.9775E-19
1420	1.9935E-19
1420.05	2.0014E-19
1420.1	1.988E-19
1420.15	1.9878E-19
1420.2	1.9667E-19
1420.25	1.951E-19
1420.3	1.9609E-19
1420.35	1.9572E-19
1420.4	1.9604E-19
1420.45	1.9475E-19
1420.5	1.9407E-19
1420.55	1.9372E-19
1420.6	1.9131E-19
1420.65	1.8994E-19
1420.7	1.8878E-19
1420.75	1.8675E-19
1420.8	1.851E-19
1420.85	1.8476E-19
1420.9	1.8348E-19
1420.95	1.8417E-19
1421	1.8335E-19
1421.05	1.8457E-19
1421.1	1.846E-19
1421.15	1.839E-19
1421.2	1.8283E-19
1421.25	1.8234E-19
1421.3	1.8366E-19
1421.35	1.8501E-19
1421.4	1.8395E-19
1421.45	1.8294E-19
1421.5	1.8235E-19
1421.55	1.8235E-19
1421.6	1.8198E-19
1421.65	1.7909E-19
1421.7	1.7741E-19
1421.75	1.7627E-19
1421.8	1.7643E-19
1421.85	1.7493E-19
1421.9	1.7355E-19
1421.95	1.729E-19
1422	1.7018E-19
1422.05	1.7137E-19
1422.1	1.7092E-19
1422.15	1.7026E-19
1422.2	1.7002E-19
1422.25	1.6926E-19
1422.3	1.6828E-19
1422.35	1.6623E-19
1422.4	1.6658E-19
1422.45	1.6601E-19
1422.5	1.6423E-19
1422.55	1.6306E-19
1422.6	1.6396E-19
1422.65	1.645E-19
1422.7	1.6679E-19
1422.75	1.6719E-19
1422.8	1.6764E-19
1422.85	1.6508E-19
1422.9	1.6538E-19
1422.95	1.652E-19
1423	1.6495E-19
1423.05	1.6283E-19
1423.1	1.6307E-19
1423.15	1.6347E-19
1423.2	1.6303E-19
1423.25	1.5947E-19
1423.3	1.5949E-19
1423.35	1.5984E-19
1423.4	1.5923E-19
1423.45	1.5949E-19
1423.5	1.5885E-19
1423.55	1.5762E-19
1423.6	1.5839E-19
1423.65	1.5845E-19
1423.7	1.5774E-19
1423.75	1.5499E-19
1423.8	1.5621E-19
1423.85	1.5586E-19
1423.9	1.5592E-19
1423.95	1.5638E-19
1424	1.5564E-19
1424.05	1.5574E-19
1424.1	1.5407E-19
1424.15	1.5277E-19
1424.2	1.5167E-19
1424.25	1.516E-19
1424.3	1.4954E-19
1424.35	1.4962E-19
1424.4	1.4842E-19
1424.45	1.4794E-19
1424.5	1.4793E-19
1424.55	1.4602E-19
1424.6	1.4618E-19
1424.65	1.4571E-19
1424.7	1.447E-19
1424.75	1.4377E-19
1424.8	1.4301E-19
1424.85	1.445E-19
1424.9	1.4562E-19
1424.95	1.4422E-19
1425	1.4332E-19
1425.05	1.4394E-19
1425.1	1.4276E-19
1425.15	1.4196E-19
1425.2	1.4202E-19
1425.25	1.4055E-19
1425.3	1.4044E-19
1425.35	1.3891E-19
1425.4	1.3906E-19
1425.45	1.3729E-19
1425.5	1.3694E-19
1425.55	1.3688E-19
1425.6	1.3658E-19
1425.65	1.3625E-19
1425.7	1.3582E-19
1425.75	1.351E-19
1425.8	1.3466E-19
1425.85	1.3435E-19
1425.9	1.3287E-19
1425.95	1.3208E-19
1426	1.3176E-19
1426.05	1.3198E-19
1426.1	1.3135E-19
1426.15	1.2894E-19
1426.2	1.2855E-19
1426.25	1.2901E-19
1426.3	1.2721E-19
1426.35	1.2691E-19
1426.4	1.2662E-19
1426.45	1.2561E-19
1426.5	1.2691E-19
1426.55	1.247E-19
1426.6	1.2408E-19
1426.65	1.2313E-19
1426.7	1.2171E-19
1426.75	1.2094E-19
1426.8	1.1959E-19
1426.85	1.1854E-19
1426.9	1.1798E-19
1426.95	1.1812E-19
1427	1.1732E-19
1427.05	1.1679E-19
1427.1	1.1596E-19
1427.15	1.1603E-19
1427.2	1.1429E-19
1427.25	1.1437E-19
1427.3	1.1454E-19
1427.35	1.1363E-19
1427.4	1.1408E-19
1427.45	1.1453E-19
1427.5	1.1387E-19
1427.55	1.1349E-19
1427.6	1.114E-19
1427.65	1.1067E-19
1427.7	1.1103E-19
1427.75	1.1075E-19
1427.8	1.0931E-19
1427.85	1.1224E-19
1427.9	1.1302E-19
1427.95	1.1166E-19
1428	1.1319E-19
1428.05	1.1271E-19
1428.1	1.1124E-19
1428.15	1.126E-19
1428.2	1.1234E-19
1428.25	1.1259E-19
1428.3	1.116E-19
1428.35	1.1194E-19
1428.4	1.1099E-19
1428.45	1.1082E-19
1428.5	1.1078E-19
1428.55	1.1086E-19
1428.6	1.0857E-19
1428.65	1.1018E-19
1428.7	1.0853E-19
1428.75	1.0747E-19
1428.8	1.0784E-19
1428.85	1.0711E-19
1428.9	1.0626E-19
1428.95	1.0404E-19
1429	1.0455E-19
1429.05	1.0532E-19
1429.1	1.0521E-19
1429.15	1.0466E-19
1429.2	1.0384E-19
1429.25	1.0462E-19
1429.3	1.0545E-19
1429.35	1.0535E-19
1429.4	1.0541E-19
1429.45	1.0574E-19
1429.5	1.0474E-19
1429.55	1.0293E-19
1429.6	1.028E-19
1429.65	1.0277E-19
1429.7	1.0085E-19
1429.75	1.0042E-19
1429.8	1.0115E-19
1429.85	1.0177E-19
1429.9	1.025E-19
1429.95	1.02E-19
1430	1.0212E-19
