  0.99    4.2e-20
  1.34    8.9e-20
  4.46    1.8e-19
  6.80    5.0e-19
 10.00    8.4e-19
 20.93    6.5e-18
 24.72    9.8e-18
 30.38    1.2e-17
 43.00    2.1e-17
 43.50    2.4e-17
 50.75    2.4e-17
 50.82    2.2e-17
 52.22    2.4e-17
 52.58    2.6e-17
 53.70    2.5e-17
 55.33    2.5e-17
 55.41    2.5e-17
 55.45    2.5e-17
 55.53    2.5e-17
 58.43    2.3e-17
 59.96    2.3e-17
 61.00    2.4e-17
 62.50    2.4e-17
 62.97    2.4e-17
 68.50    2.5e-17
 68.55    2.5e-17
 68.58    2.6e-17
 68.63    2.5e-17
 70.23    2.6e-17
 70.38    2.6e-17
 76.11    4.0e-17
 76.51    8.5e-17
 77.04    1.5e-17
 78.03    1.9e-17
 78.77    9.0e-18
 79.01    2.6e-17
 79.02    2.4e-17
 83.45    3.3e-18
 83.51    2.6e-17
 83.53    1.5e-17
 90.40    6.3e-18
 93.07    4.8e-18
 93.78    1.0e-17
 94.97    5.2e-18
 97.25    3.7e-16
 97.70    7.0e-19
 98.98    1.1e-18
 99.16    1.9e-18
102.57    1.0e-21
103.19    7.0e-22
103.76    7.0e-22
120.65    0.00000
121.57    6.0e-23