
 Absorption Cross-Sections for:  N2    

  28.01	Molecular Weight of Principal Isotope

     Wavelength    Cross-Section
     (microns)       (cm**2) 

   6.1990E-03      4.3020E-19
   6.2620E-03      4.4010E-19
   6.3260E-03      4.5110E-19
   6.3910E-03      4.8840E-19
   6.4580E-03      4.5220E-19
   6.5250E-03      4.7300E-19
   6.5950E-03      5.0490E-19
   6.6660E-03      4.9830E-19
   6.7380E-03      5.1690E-19
   6.8120E-03      5.1030E-19
   6.8880E-03      5.2240E-19
   6.9650E-03      5.4440E-19
   7.0450E-03      5.4220E-19
   7.1260E-03      5.7730E-19
   7.2080E-03      6.0250E-19
   7.2930E-03      5.9480E-19
   7.3800E-03      6.1680E-19
   7.4690E-03      6.1680E-19
   7.5600E-03      6.3760E-19
   7.6530E-03      6.7390E-19
   7.7490E-03      6.6730E-19
   7.8470E-03      6.7280E-19
   7.9480E-03      7.3640E-19
   8.0510E-03      7.5180E-19
   8.1570E-03      7.4850E-19
   8.2660E-03      7.7040E-19
   8.3770E-03      7.9680E-19
   8.4920E-03      8.2860E-19
   8.6100E-03      8.4840E-19
   8.7310E-03      8.7910E-19
   8.8560E-03      9.1640E-19
   8.9840E-03      9.3070E-19
   9.1160E-03      9.6470E-19
   9.2530E-03      9.9650E-19
   9.3930E-03      1.0400E-18
   9.5370E-03      1.0820E-18
   9.6860E-03      1.1300E-18
   9.8400E-03      1.1410E-18
   1.0000E-02      1.1960E-18
   1.0160E-02      1.2620E-18
   1.0330E-02      1.2950E-18
   1.0510E-02      1.3390E-18
   1.0690E-02      1.4050E-18
   1.0880E-02      1.4600E-18
   1.1070E-02      1.5360E-18
   1.1270E-02      1.5910E-18
   1.1480E-02      1.6680E-18
   1.1700E-02      1.7230E-18
   1.1920E-02      1.8330E-18
   1.2160E-02      1.9100E-18
   1.2400E-02      1.9970E-18
   1.2500E-02      2.0300E-18
   1.2700E-02      2.1070E-18
   1.2800E-02      2.1290E-18
   1.2900E-02      2.1950E-18
   1.3200E-02      2.3050E-18
   1.3300E-02      2.3160E-18
   1.3500E-02      2.4150E-18
   1.3600E-02      2.3930E-18
   1.3800E-02      2.5460E-18
   1.3900E-02      2.6230E-18
   1.4100E-02      2.6780E-18
   1.4300E-02      2.7660E-18
   1.4400E-02      2.7990E-18
   1.4600E-02      2.8320E-18
   1.4800E-02      2.9630E-18
   1.4900E-02      3.0620E-18
   1.5100E-02      3.1830E-18
   1.5300E-02      3.2930E-18
   1.5500E-02      3.3580E-18
   1.5700E-02      3.3580E-18
   1.5900E-02      3.4900E-18
   1.6100E-02      3.6550E-18
   1.6300E-02      3.6770E-18
   1.6500E-02      3.8080E-18
   1.6800E-02      3.9730E-18
   1.7000E-02      4.1160E-18
   1.7200E-02      4.2030E-18
   1.7500E-02      4.3240E-18
   1.7700E-02      4.4560E-18
   1.8000E-02      4.6310E-18
   1.8200E-02      4.7630E-18
   1.8500E-02      4.9280E-18
   1.8800E-02      5.0490E-18
   1.9100E-02      5.3670E-18
   1.9400E-02      5.6080E-18
   1.9700E-02      5.8280E-18
   2.0000E-02      6.0580E-18
   2.0300E-02      6.3440E-18
   2.0700E-02      6.5850E-18
   2.1000E-02      6.9910E-18
   2.1400E-02      7.1670E-18
   2.1800E-02      7.4850E-18
   2.2100E-02      7.8360E-18
   2.2500E-02      8.1980E-18
   2.3000E-02      8.4620E-18
   2.3400E-02      8.8130E-18
   2.3800E-02      9.2300E-18
   2.4300E-02      9.5260E-18
   2.4800E-02      9.6690E-18
   2.5300E-02      9.9650E-18
   2.5800E-02      1.0120E-17
   2.6100E-02      1.0220E-17
   2.6400E-02      1.0280E-17
   2.6700E-02      1.0170E-17
   2.7000E-02      1.0440E-17
   2.7200E-02      1.0620E-17
   2.7600E-02      1.0630E-17
   2.7900E-02      1.0740E-17
   2.8200E-02      1.0770E-17
   2.8500E-02      1.0810E-17
   2.8800E-02      1.1000E-17
   2.9200E-02      1.1150E-17
   2.9500E-02      1.1140E-17
   2.9900E-02      1.1380E-17
   3.0200E-02      1.1580E-17
   3.0600E-02      1.1910E-17
   3.1000E-02      1.1830E-17
   3.1400E-02      1.2170E-17
   3.1800E-02      1.2360E-17
   3.2200E-02      1.2910E-17
   3.2600E-02      1.3470E-17
   3.3100E-02      1.3500E-17
   3.3500E-02      1.3660E-17
   3.4000E-02      1.3980E-17
   3.4400E-02      1.4720E-17
   3.4900E-02      1.5460E-17
   3.5400E-02      1.5610E-17
   3.5900E-02      1.6400E-17
   3.6500E-02      1.6510E-17
   3.7000E-02      1.7250E-17
   3.7600E-02      1.7710E-17
   3.8100E-02      1.8320E-17
   3.8700E-02      1.8890E-17
   3.9400E-02      1.9630E-17
   4.0000E-02      2.0140E-17
   4.0700E-02      2.0680E-17
   4.1300E-02      2.2100E-17
   4.2000E-02      2.1900E-17
   4.2800E-02      2.2560E-17
   4.3500E-02      2.2960E-17
   4.4300E-02      2.3420E-17
   4.5100E-02      2.3090E-17
   4.5900E-02      2.3230E-17
   4.6800E-02      2.3140E-17
   4.7700E-02      2.3670E-17
   4.8600E-02      2.3770E-17
   4.9600E-02      2.3800E-17
   5.0600E-02      2.3730E-17
   5.1700E-02      2.4850E-17
   5.2800E-02      2.5810E-17
   5.3900E-02      2.5300E-17
   5.5100E-02      2.4660E-17
   5.6400E-02      2.3480E-17
   5.7700E-02      2.2780E-17
   5.9000E-02      2.2860E-17
   6.0500E-02      2.3280E-17
   6.2000E-02      2.3960E-17
   6.3600E-02      2.4320E-17
   6.5300E-02      2.4720E-17
   6.7000E-02      2.5600E-17
   6.8900E-02      2.5580E-17
   7.0800E-02      2.5860E-17
   7.2900E-02      2.6380E-17
   7.5100E-02      2.8220E-17
   7.7500E-02      2.9160E-17
   8.0000E-02      2.6490E-17
   8.2700E-02      2.3300E-17
   8.5500E-02      3.4690E-17
   8.8600E-02      4.7260E-17
   9.1800E-02      4.6120E-17
   9.5400E-02      5.3930E-17
   9.9200E-02      3.4830E-17
   1.0300E-01      5.5200E-18
   1.0800E-01      8.7800E-20
   1.2360E-01      7.0000E-22