# Formed from prebioticearth_atmosphere_models.py
# Z (cm)	T (K)	DEN (cm**-3)	P (bar)
0.0000000e+00	2.8800000e+02	2.5573802e+19	1.0168898e+00
8.2321335e+03	2.8719284e+02	2.5373071e+19	1.0060806e+00
1.6441195e+04	2.8638795e+02	2.5174548e+19	9.9541123e-01
2.4627250e+04	2.8558531e+02	2.4978186e+19	9.8487898e-01
3.2790363e+04	2.8478492e+02	2.4783939e+19	9.7448113e-01
4.0930597e+04	2.8398677e+02	2.4591764e+19	9.6421505e-01
4.9048017e+04	2.8319086e+02	2.4401618e+19	9.5407819e-01
5.7142688e+04	2.8239718e+02	2.4213459e+19	9.4406808e-01
6.5214671e+04	2.8160573e+02	2.4027249e+19	9.3418233e-01
7.3264032e+04	2.8081649e+02	2.3842948e+19	9.2441860e-01
8.1290834e+04	2.8002947e+02	2.3660519e+19	9.1477462e-01
8.9295139e+04	2.7924465e+02	2.3479925e+19	9.0524820e-01
9.7277011e+04	2.7846203e+02	2.3301131e+19	8.9583719e-01
1.0523651e+05	2.7768160e+02	2.3124103e+19	8.8653954e-01
1.1317371e+05	2.7690336e+02	2.2948808e+19	8.7735320e-01
1.2108866e+05	2.7612730e+02	2.2775213e+19	8.6827624e-01
1.2898142e+05	2.7535342e+02	2.2603288e+19	8.5930673e-01
1.3685207e+05	2.7458171e+02	2.2433003e+19	8.5044282e-01
1.4470066e+05	2.7381216e+02	2.2264327e+19	8.4168272e-01
1.5252725e+05	2.7304476e+02	2.2097233e+19	8.3302468e-01
1.6033191e+05	2.7227952e+02	2.1931694e+19	8.2446697e-01
1.6811469e+05	2.7151642e+02	2.1767682e+19	8.1600796e-01
1.7587566e+05	2.7075546e+02	2.1605171e+19	8.0764602e-01
1.8361488e+05	2.6999663e+02	2.1444138e+19	7.9937957e-01
1.9133241e+05	2.6923993e+02	2.1284556e+19	7.9120710e-01
1.9902831e+05	2.6848535e+02	2.1126403e+19	7.8312712e-01
2.0670264e+05	2.6773289e+02	2.0969655e+19	7.7513816e-01
2.1435546e+05	2.6698253e+02	2.0814291e+19	7.6723883e-01
2.2198683e+05	2.6623428e+02	2.0660288e+19	7.5942774e-01
2.2959682e+05	2.6548812e+02	2.0507626e+19	7.5170354e-01
2.3718548e+05	2.6474406e+02	2.0356284e+19	7.4406494e-01
2.4475287e+05	2.6400208e+02	2.0206243e+19	7.3651066e-01
2.5229905e+05	2.6326218e+02	2.0057484e+19	7.2903945e-01
2.5982408e+05	2.6252435e+02	1.9909987e+19	7.2165010e-01
2.6732803e+05	2.6178859e+02	1.9763734e+19	7.1434143e-01
2.7481094e+05	2.6105489e+02	1.9618709e+19	7.0711228e-01
2.8227288e+05	2.6032325e+02	1.9474893e+19	6.9996152e-01
2.8971391e+05	2.5959366e+02	1.9332271e+19	6.9288806e-01
2.9713408e+05	2.5886612e+02	1.9190825e+19	6.8589081e-01
3.0453345e+05	2.5814061e+02	1.9050541e+19	6.7896872e-01
3.1191209e+05	2.5741714e+02	1.8911403e+19	6.7212078e-01
3.1927005e+05	2.5669570e+02	1.8773396e+19	6.6534597e-01
3.2660739e+05	2.5597627e+02	1.8636505e+19	6.5864332e-01
3.3392416e+05	2.5525887e+02	1.8500716e+19	6.5201186e-01
3.4122043e+05	2.5454347e+02	1.8366017e+19	6.4545065e-01
3.4849625e+05	2.5383008e+02	1.8232392e+19	6.3895878e-01
3.5575168e+05	2.5311869e+02	1.8099830e+19	6.3253536e-01
3.6298677e+05	2.5240929e+02	1.7968317e+19	6.2617949e-01
3.7020159e+05	2.5170188e+02	1.7837841e+19	6.1989031e-01
3.7739618e+05	2.5099645e+02	1.7708390e+19	6.1366699e-01
3.8457061e+05	2.5029300e+02	1.7579952e+19	6.0750870e-01
3.9172494e+05	2.4959152e+02	1.7452516e+19	6.0141462e-01
3.9885921e+05	2.4889201e+02	1.7326070e+19	5.9538397e-01
4.0597349e+05	2.4819446e+02	1.7200604e+19	5.8941595e-01
4.1306783e+05	2.4749886e+02	1.7076106e+19	5.8350982e-01
4.2014229e+05	2.4680521e+02	1.6952567e+19	5.7766482e-01
4.2719692e+05	2.4611351e+02	1.6829976e+19	5.7188021e-01
4.3423178e+05	2.4542374e+02	1.6708323e+19	5.6615527e-01
4.4124692e+05	2.4473591e+02	1.6587598e+19	5.6048930e-01
4.4824240e+05	2.4405001e+02	1.6467793e+19	5.5488160e-01
4.5521828e+05	2.4336602e+02	1.6348896e+19	5.4933149e-01
4.6217460e+05	2.4268396e+02	1.6230900e+19	5.4383829e-01
4.6911143e+05	2.4200381e+02	1.6113795e+19	5.3840135e-01
4.7602882e+05	2.4132556e+02	1.5997572e+19	5.3302002e-01
4.8292682e+05	2.4064921e+02	1.5882224e+19	5.2769365e-01
4.8980549e+05	2.3997476e+02	1.5767741e+19	5.2242164e-01
4.9666488e+05	2.3930220e+02	1.5654115e+19	5.1720335e-01
5.0350504e+05	2.3863153e+02	1.5541338e+19	5.1203819e-01
5.1032604e+05	2.3796273e+02	1.5429403e+19	5.0692555e-01
5.1712792e+05	2.3729581e+02	1.5318301e+19	5.0186486e-01
5.2391073e+05	2.3663076e+02	1.5208025e+19	4.9685552e-01
5.3067454e+05	2.3596757e+02	1.5098567e+19	4.9189699e-01
5.3741939e+05	2.3530624e+02	1.4989920e+19	4.8698868e-01
5.4414533e+05	2.3464676e+02	1.4882077e+19	4.8213006e-01
5.5085243e+05	2.3398913e+02	1.4775030e+19	4.7732058e-01
5.5754073e+05	2.3333335e+02	1.4668772e+19	4.7255971e-01
5.6421028e+05	2.3267940e+02	1.4563297e+19	4.6784691e-01
5.7086114e+05	2.3202729e+02	1.4458598e+19	4.6318168e-01
5.7749336e+05	2.3137700e+02	1.4354669e+19	4.5856348e-01
5.8410699e+05	2.3072854e+02	1.4251501e+19	4.5399184e-01
5.9070209e+05	2.3008189e+02	1.4149090e+19	4.4946623e-01
5.9727871e+05	2.2943706e+02	1.4047429e+19	4.4498618e-01
6.0383689e+05	2.2879403e+02	1.3946511e+19	4.4055119e-01
6.1037669e+05	2.2815280e+02	1.3846331e+19	4.3616080e-01
6.1689816e+05	2.2751338e+02	1.3746882e+19	4.3181452e-01
6.2340136e+05	2.2687574e+02	1.3648158e+19	4.2751190e-01
6.2988633e+05	2.2623989e+02	1.3550153e+19	4.2325248e-01
6.3635312e+05	2.2560582e+02	1.3452862e+19	4.1903579e-01
6.4280180e+05	2.2497353e+02	1.3356279e+19	4.1486140e-01
6.4923239e+05	2.2434302e+02	1.3260398e+19	4.1072887e-01
6.5564497e+05	2.2371427e+02	1.3165213e+19	4.0663775e-01
6.6203957e+05	2.2308728e+02	1.3070720e+19	4.0258762e-01
6.6841625e+05	2.2246205e+02	1.2976911e+19	3.9857805e-01
6.7477506e+05	2.2183857e+02	1.2883783e+19	3.9460863e-01
6.8111605e+05	2.2121684e+02	1.2791330e+19	3.9067893e-01
6.8743927e+05	2.2059685e+02	1.2699546e+19	3.8678855e-01
6.9374476e+05	2.1997860e+02	1.2608426e+19	3.8293708e-01
7.0003259e+05	2.1936208e+02	1.2517966e+19	3.7912412e-01
7.0630279e+05	2.1874729e+02	1.2428159e+19	3.7534928e-01
7.1255542e+05	2.1813422e+02	1.2339002e+19	3.7161217e-01
7.1879052e+05	2.1752287e+02	1.2250488e+19	3.6791240e-01
7.2500815e+05	2.1691323e+02	1.2162614e+19	3.6424959e-01
7.3120835e+05	2.1630531e+02	1.2075374e+19	3.6062336e-01
7.3739118e+05	2.1569908e+02	1.1988763e+19	3.5703334e-01
7.4355668e+05	2.1509456e+02	1.1902777e+19	3.5347917e-01
7.4970490e+05	2.1449173e+02	1.1817411e+19	3.4996047e-01
7.5583589e+05	2.1389059e+02	1.1732660e+19	3.4647688e-01
7.6194969e+05	2.1329113e+02	1.1648520e+19	3.4302806e-01
7.6804636e+05	2.1269335e+02	1.1564986e+19	3.3961364e-01
7.7412595e+05	2.1209725e+02	1.1482053e+19	3.3623328e-01
7.8018849e+05	2.1150282e+02	1.1399717e+19	3.3288664e-01
7.8623404e+05	2.1091006e+02	1.1317975e+19	3.2957337e-01
7.9226265e+05	2.1031895e+02	1.1236820e+19	3.2629314e-01
7.9827437e+05	2.0972951e+02	1.1156249e+19	3.2304561e-01
8.0426924e+05	2.0914171e+02	1.1076258e+19	3.1983046e-01
8.1024730e+05	2.0855557e+02	1.0996841e+19	3.1664735e-01
8.1620861e+05	2.0797106e+02	1.0917996e+19	3.1349597e-01
8.2215321e+05	2.0738820e+02	1.0839718e+19	3.1037600e-01
8.2808115e+05	2.0680696e+02	1.0762002e+19	3.0728711e-01
8.3399248e+05	2.0622736e+02	1.0684845e+19	3.0422901e-01
8.3988724e+05	2.0564938e+02	1.0608242e+19	3.0120137e-01
8.4576548e+05	2.0507302e+02	1.0532189e+19	2.9820389e-01
8.5162725e+05	2.0449828e+02	1.0456683e+19	2.9523627e-01
8.5747259e+05	2.0392515e+02	1.0381719e+19	2.9229821e-01
8.6330154e+05	2.0335362e+02	1.0307293e+19	2.8938942e-01
8.6911416e+05	2.0278369e+02	1.0233402e+19	2.8650960e-01
8.7491049e+05	2.0221537e+02	1.0160041e+19	2.8365846e-01
8.8069057e+05	2.0164863e+02	1.0087207e+19	2.8083571e-01
8.8645445e+05	2.0108349e+02	1.0014896e+19	2.7804107e-01
8.9220218e+05	2.0051992e+02	9.9431035e+18	2.7527426e-01
8.9793381e+05	1.9995794e+02	9.8718264e+18	2.7253500e-01
9.0364936e+05	1.9939753e+02	9.8010609e+18	2.6982301e-01
9.0934890e+05	1.9883869e+02	9.7308032e+18	2.6713802e-01
9.1503247e+05	1.9828142e+02	9.6610495e+18	2.6447976e-01
9.2070010e+05	1.9772571e+02	9.5917964e+18	2.6184797e-01
9.2635185e+05	1.9717156e+02	9.5230401e+18	2.5924238e-01
9.3198777e+05	1.9661896e+02	9.4547771e+18	2.5666273e-01
9.3760788e+05	1.9606791e+02	9.3870037e+18	2.5410875e-01
9.4321225e+05	1.9551841e+02	9.3197165e+18	2.5158020e-01
9.4880091e+05	1.9497044e+02	9.2529120e+18	2.4907682e-01
9.5437390e+05	1.9442401e+02	9.1865865e+18	2.4659836e-01
9.5993128e+05	1.9387911e+02	9.1207368e+18	2.4414456e-01
9.6547308e+05	1.9333574e+02	9.0553594e+18	2.4171519e-01
9.7099935e+05	1.9279389e+02	8.9904508e+18	2.3931000e-01
9.7651013e+05	1.9225356e+02	8.9260077e+18	2.3692875e-01
9.8200547e+05	1.9171475e+02	8.8620267e+18	2.3457120e-01
9.8748540e+05	1.9117744e+02	8.7985045e+18	2.3223711e-01
9.9294998e+05	1.9064164e+02	8.7354378e+18	2.2992625e-01
9.9839924e+05	1.9010734e+02	8.6728234e+18	2.2763839e-01
1.0038332e+06	1.8957454e+02	8.6106579e+18	2.2537330e-01
1.0092520e+06	1.8904323e+02	8.5489381e+18	2.2313075e-01
1.0146556e+06	1.8851342e+02	8.4876608e+18	2.2091052e-01
1.0200440e+06	1.8798508e+02	8.4268229e+18	2.1871238e-01
1.0254173e+06	1.8745823e+02	8.3664212e+18	2.1653612e-01
1.0307756e+06	1.8693285e+02	8.3064525e+18	2.1438152e-01
1.0361188e+06	1.8640895e+02	8.2469138e+18	2.1224835e-01
1.0414471e+06	1.8588652e+02	8.1878019e+18	2.1013642e-01
1.0467605e+06	1.8536554e+02	8.1291138e+18	2.0804550e-01
1.0520589e+06	1.8484603e+02	8.0708464e+18	2.0597539e-01
1.0573425e+06	1.8432798e+02	8.0129967e+18	2.0392588e-01
1.0626113e+06	1.8381137e+02	7.9555618e+18	2.0189676e-01
1.0678653e+06	1.8329622e+02	7.8985386e+18	1.9988784e-01
1.0731046e+06	1.8278251e+02	7.8419241e+18	1.9789890e-01
1.0783293e+06	1.8227024e+02	7.7857156e+18	1.9592976e-01
1.0835392e+06	1.8175940e+02	7.7299099e+18	1.9398021e-01
1.0887346e+06	1.8125000e+02	7.6745043e+18	1.9205006e-01
1.0939154e+06	1.8074202e+02	7.6194958e+18	1.9013912e-01
1.0990817e+06	1.8023547e+02	7.5648817e+18	1.8824719e-01
1.1042335e+06	1.7973033e+02	7.5106591e+18	1.8637409e-01
1.1093709e+06	1.7922662e+02	7.4568251e+18	1.8451963e-01
1.1144939e+06	1.7872431e+02	7.4033771e+18	1.8268362e-01
1.1196025e+06	1.7822341e+02	7.3503121e+18	1.8086588e-01
1.1246968e+06	1.7772392e+02	7.2976276e+18	1.7906623e-01
1.1297768e+06	1.7722582e+02	7.2453207e+18	1.7728448e-01
1.1348426e+06	1.7672912e+02	7.1933887e+18	1.7552047e-01
1.1398942e+06	1.7623382e+02	7.1418290e+18	1.7377400e-01
1.1449316e+06	1.7573990e+02	7.0906388e+18	1.7204492e-01
1.1499549e+06	1.7524737e+02	7.0398156e+18	1.7033304e-01
1.1549642e+06	1.7475621e+02	6.9893567e+18	1.6863819e-01
1.1599594e+06	1.7426643e+02	6.9392594e+18	1.6696021e-01
1.1649406e+06	1.7377803e+02	6.8895213e+18	1.6529893e-01
1.1699078e+06	1.7329099e+02	6.8401397e+18	1.6365417e-01
1.1748611e+06	1.7280532e+02	6.7911120e+18	1.6202578e-01
1.1798006e+06	1.7232101e+02	6.7424357e+18	1.6041360e-01
1.1847261e+06	1.7183806e+02	6.6941084e+18	1.5881745e-01
1.1896379e+06	1.7135646e+02	6.6461275e+18	1.5723719e-01
1.1945359e+06	1.7087622e+02	6.5984904e+18	1.5567265e-01
1.1994202e+06	1.7039731e+02	6.5511949e+18	1.5412368e-01
1.2042908e+06	1.6991975e+02	6.5042383e+18	1.5259012e-01
1.2091478e+06	1.6944353e+02	6.4576183e+18	1.5107182e-01
1.2139911e+06	1.6896864e+02	6.4113325e+18	1.4956863e-01
1.2188209e+06	1.6849509e+02	6.3653784e+18	1.4808040e-01
1.2236371e+06	1.6802286e+02	6.3197537e+18	1.4660697e-01
1.2284399e+06	1.6755195e+02	6.2744560e+18	1.4514821e-01
1.2332291e+06	1.6708236e+02	6.2294830e+18	1.4370396e-01
1.2380050e+06	1.6661409e+02	6.1848324e+18	1.4227408e-01
1.2427674e+06	1.6614714e+02	6.1405018e+18	1.4085843e-01
1.2475166e+06	1.6568149e+02	6.0964890e+18	1.3945686e-01
1.2522524e+06	1.6521714e+02	6.0527916e+18	1.3806924e-01
1.2569749e+06	1.6475410e+02	6.0094075e+18	1.3669543e-01
1.2616842e+06	1.6429236e+02	5.9663343e+18	1.3533529e-01
1.2663803e+06	1.6383191e+02	5.9235698e+18	1.3398868e-01
1.2710632e+06	1.6337274e+02	5.8811119e+18	1.3265547e-01
1.2757330e+06	1.6291487e+02	5.8389582e+18	1.3133552e-01
1.2803898e+06	1.6245828e+02	5.7971068e+18	1.3002871e-01
1.2850334e+06	1.6200297e+02	5.7555553e+18	1.2873491e-01
1.2896641e+06	1.6154894e+02	5.7143016e+18	1.2745397e-01
1.2942818e+06	1.6109617e+02	5.6733436e+18	1.2618578e-01
1.2988865e+06	1.6064468e+02	5.6326792e+18	1.2493021e-01
1.3034784e+06	1.6019445e+02	5.5923063e+18	1.2368714e-01
1.3080573e+06	1.5974549e+02	5.5522227e+18	1.2245643e-01
1.3126235e+06	1.5929778e+02	5.5124265e+18	1.2123797e-01
1.3171768e+06	1.5885133e+02	5.4729155e+18	1.2003163e-01
1.3217174e+06	1.5840613e+02	5.4336877e+18	1.1883730e-01
1.3262452e+06	1.5796217e+02	5.3947410e+18	1.1765484e-01
1.3307604e+06	1.5751946e+02	5.3560735e+18	1.1648416e-01
1.3352629e+06	1.5707799e+02	5.3176832e+18	1.1532512e-01
1.3397528e+06	1.5663776e+02	5.2795681e+18	1.1417762e-01
1.3442301e+06	1.5619876e+02	5.2417261e+18	1.1304153e-01
1.3486948e+06	1.5576100e+02	5.2041554e+18	1.1191675e-01
1.3531471e+06	1.5532446e+02	5.1668539e+18	1.1080316e-01
1.3575868e+06	1.5488914e+02	5.1298199e+18	1.0970065e-01
1.3620141e+06	1.5445504e+02	5.0930512e+18	1.0860911e-01
1.3664291e+06	1.5402216e+02	5.0565462e+18	1.0752843e-01
1.3708316e+06	1.5359050e+02	5.0203027e+18	1.0645850e-01
1.3752218e+06	1.5316004e+02	4.9843191e+18	1.0539922e-01
1.3795997e+06	1.5273079e+02	4.9485934e+18	1.0435049e-01
1.3839653e+06	1.5230274e+02	4.9131237e+18	1.0331218e-01
1.3883187e+06	1.5187589e+02	4.8779083e+18	1.0228421e-01
1.3926599e+06	1.5145024e+02	4.8429453e+18	1.0126646e-01
1.3969889e+06	1.5102578e+02	4.8082328e+18	1.0025884e-01
1.4013087e+06	1.5091625e+02	4.7638452e+18	9.9261252e-02
1.4056285e+06	1.5091625e+02	4.7164441e+18	9.8273586e-02
1.4099484e+06	1.5091625e+02	4.6695147e+18	9.7295747e-02
1.4142682e+06	1.5091625e+02	4.6230523e+18	9.6327638e-02
1.4185880e+06	1.5091625e+02	4.5770521e+18	9.5369162e-02
1.4229078e+06	1.5091625e+02	4.5315097e+18	9.4420223e-02
1.4272276e+06	1.5091625e+02	4.4864204e+18	9.3480726e-02
1.4315475e+06	1.5091625e+02	4.4417798e+18	9.2550578e-02
1.4358673e+06	1.5091625e+02	4.3975833e+18	9.1629684e-02
1.4401871e+06	1.5091625e+02	4.3538267e+18	9.0717953e-02
1.4445069e+06	1.5091625e+02	4.3105054e+18	8.9815295e-02
1.4488267e+06	1.5091625e+02	4.2676151e+18	8.8921618e-02
1.4531465e+06	1.5091625e+02	4.2251516e+18	8.8036833e-02
1.4574664e+06	1.5091625e+02	4.1831107e+18	8.7160852e-02
1.4617862e+06	1.5091625e+02	4.1414880e+18	8.6293587e-02
1.4661060e+06	1.5091625e+02	4.1002795e+18	8.5434951e-02
1.4704258e+06	1.5091625e+02	4.0594811e+18	8.4584859e-02
1.4747456e+06	1.5091625e+02	4.0190886e+18	8.3743226e-02
1.4790654e+06	1.5091625e+02	3.9790980e+18	8.2909967e-02
1.4833853e+06	1.5091625e+02	3.9395053e+18	8.2084999e-02
1.4877051e+06	1.5091625e+02	3.9003065e+18	8.1268239e-02
1.4920249e+06	1.5091625e+02	3.8614978e+18	8.0459607e-02
1.4963447e+06	1.5091625e+02	3.8230753e+18	7.9659020e-02
1.5006645e+06	1.5091625e+02	3.7850351e+18	7.8866400e-02
1.5049843e+06	1.5091625e+02	3.7473733e+18	7.8081666e-02
1.5093042e+06	1.5091625e+02	3.7100863e+18	7.7304741e-02
1.5136240e+06	1.5091625e+02	3.6731704e+18	7.6535546e-02
1.5179438e+06	1.5091625e+02	3.6366217e+18	7.5774004e-02
1.5222636e+06	1.5091625e+02	3.6004367e+18	7.5020040e-02
1.5265834e+06	1.5091625e+02	3.5646118e+18	7.4273578e-02
1.5309032e+06	1.5091625e+02	3.5291433e+18	7.3534544e-02
1.5352231e+06	1.5091625e+02	3.4940277e+18	7.2802863e-02
1.5395429e+06	1.5091625e+02	3.4592616e+18	7.2078462e-02
1.5438627e+06	1.5091625e+02	3.4248413e+18	7.1361270e-02
1.5481825e+06	1.5091625e+02	3.3907636e+18	7.0651213e-02
1.5525023e+06	1.5091625e+02	3.3570249e+18	6.9948222e-02
1.5568221e+06	1.5091625e+02	3.3236220e+18	6.9252225e-02
1.5611420e+06	1.5091625e+02	3.2905514e+18	6.8563154e-02
1.5654618e+06	1.5091625e+02	3.2578099e+18	6.7880940e-02
1.5697816e+06	1.5091625e+02	3.2253941e+18	6.7205513e-02
1.5741014e+06	1.5091625e+02	3.1933009e+18	6.6536807e-02
1.5784212e+06	1.5091625e+02	3.1615270e+18	6.5874755e-02
1.5827410e+06	1.5091625e+02	3.1300693e+18	6.5219290e-02
1.5870609e+06	1.5091625e+02	3.0989246e+18	6.4570347e-02
1.5913807e+06	1.5091625e+02	3.0680898e+18	6.3927861e-02
1.5957005e+06	1.5091625e+02	3.0375618e+18	6.3291768e-02
1.6000203e+06	1.5091625e+02	3.0073375e+18	6.2662005e-02
1.6043401e+06	1.5091625e+02	2.9774140e+18	6.2038507e-02
1.6086600e+06	1.5091625e+02	2.9477883e+18	6.1421214e-02
1.6129798e+06	1.5091625e+02	2.9184573e+18	6.0810063e-02
1.6172996e+06	1.5091625e+02	2.8894181e+18	6.0204993e-02
1.6216194e+06	1.5091625e+02	2.8606680e+18	5.9605943e-02
1.6259392e+06	1.5091625e+02	2.8322038e+18	5.9012854e-02
1.6302590e+06	1.5091625e+02	2.8040229e+18	5.8425666e-02
1.6345789e+06	1.5091625e+02	2.7761224e+18	5.7844321e-02
1.6388987e+06	1.5091625e+02	2.7484996e+18	5.7268760e-02
1.6432185e+06	1.5091625e+02	2.7211515e+18	5.6698927e-02
1.6475383e+06	1.5091625e+02	2.6940756e+18	5.6134763e-02
1.6518581e+06	1.5091625e+02	2.6672691e+18	5.5576213e-02
1.6561779e+06	1.5091625e+02	2.6407294e+18	5.5023220e-02
1.6604978e+06	1.5091625e+02	2.6144537e+18	5.4475730e-02
1.6648176e+06	1.5091625e+02	2.5884394e+18	5.3933687e-02
1.6691374e+06	1.5091625e+02	2.5626840e+18	5.3397038e-02
1.6734572e+06	1.5091625e+02	2.5371849e+18	5.2865729e-02
1.6777770e+06	1.5091625e+02	2.5119395e+18	5.2339706e-02
1.6820968e+06	1.5091625e+02	2.4869452e+18	5.1818917e-02
1.6864167e+06	1.5091625e+02	2.4621997e+18	5.1303310e-02
1.6907365e+06	1.5091625e+02	2.4377004e+18	5.0792834e-02
1.6950563e+06	1.5091625e+02	2.4134449e+18	5.0287437e-02
1.6993761e+06	1.5091625e+02	2.3894307e+18	4.9787068e-02
1.7036959e+06	1.5091625e+02	2.3656555e+18	4.9291679e-02
1.7080157e+06	1.5091625e+02	2.3421168e+18	4.8801218e-02
1.7123356e+06	1.5091625e+02	2.3188124e+18	4.8315638e-02
1.7166554e+06	1.5091625e+02	2.2957398e+18	4.7834890e-02
1.7209752e+06	1.5091625e+02	2.2728968e+18	4.7358924e-02
1.7252950e+06	1.5091625e+02	2.2502811e+18	4.6887695e-02
1.7296148e+06	1.5091625e+02	2.2278904e+18	4.6421155e-02
1.7339346e+06	1.5091625e+02	2.2057226e+18	4.5959257e-02
1.7382545e+06	1.5091625e+02	2.1837753e+18	4.5501954e-02
1.7425743e+06	1.5091625e+02	2.1620463e+18	4.5049202e-02
1.7468941e+06	1.5091625e+02	2.1405336e+18	4.4600955e-02
1.7512139e+06	1.5091625e+02	2.1192349e+18	4.4157169e-02
1.7555337e+06	1.5091625e+02	2.0981482e+18	4.3717797e-02
1.7598535e+06	1.5091625e+02	2.0772713e+18	4.3282798e-02
1.7641734e+06	1.5091625e+02	2.0566021e+18	4.2852127e-02
1.7684932e+06	1.5091625e+02	2.0361386e+18	4.2425741e-02
1.7728130e+06	1.5091625e+02	2.0158786e+18	4.2003598e-02
1.7771328e+06	1.5091625e+02	1.9958203e+18	4.1585655e-02
1.7814526e+06	1.5091625e+02	1.9759616e+18	4.1171871e-02
1.7857724e+06	1.5091625e+02	1.9563004e+18	4.0762204e-02
1.7900923e+06	1.5091625e+02	1.9368349e+18	4.0356613e-02
1.7944121e+06	1.5091625e+02	1.9175631e+18	3.9955058e-02
1.7987319e+06	1.5091625e+02	1.8984830e+18	3.9557499e-02
1.8030517e+06	1.5091625e+02	1.8795928e+18	3.9163895e-02
1.8073715e+06	1.5091625e+02	1.8608905e+18	3.8774208e-02
1.8116914e+06	1.5091625e+02	1.8423744e+18	3.8388398e-02
1.8160112e+06	1.5091625e+02	1.8240424e+18	3.8006427e-02
1.8203310e+06	1.5091625e+02	1.8058929e+18	3.7628257e-02
1.8246508e+06	1.5091625e+02	1.7879240e+18	3.7253849e-02
1.8289706e+06	1.5091625e+02	1.7701338e+18	3.6883167e-02
1.8332904e+06	1.5091625e+02	1.7525207e+18	3.6516174e-02
1.8376103e+06	1.5091625e+02	1.7350828e+18	3.6152832e-02
1.8419301e+06	1.5091625e+02	1.7178185e+18	3.5793105e-02
1.8462499e+06	1.5091625e+02	1.7007259e+18	3.5436958e-02
1.8505697e+06	1.5091625e+02	1.6838034e+18	3.5084354e-02
1.8548895e+06	1.5091625e+02	1.6670493e+18	3.4735259e-02
1.8592093e+06	1.5091625e+02	1.6504618e+18	3.4389637e-02
1.8635292e+06	1.5091625e+02	1.6340395e+18	3.4047455e-02
1.8678490e+06	1.5091625e+02	1.6177805e+18	3.3708677e-02
1.8721688e+06	1.5091625e+02	1.6016833e+18	3.3373270e-02
1.8764886e+06	1.5091625e+02	1.5857463e+18	3.3041200e-02
1.8808084e+06	1.5091625e+02	1.5699679e+18	3.2712435e-02
1.8851282e+06	1.5091625e+02	1.5543464e+18	3.2386941e-02
1.8894481e+06	1.5091625e+02	1.5388804e+18	3.2064685e-02
1.8937679e+06	1.5091625e+02	1.5235683e+18	3.1745636e-02
1.8980877e+06	1.5091625e+02	1.5084085e+18	3.1429762e-02
1.9024075e+06	1.5091625e+02	1.4933996e+18	3.1117031e-02
1.9067273e+06	1.5091625e+02	1.4785401e+18	3.0807411e-02
1.9110471e+06	1.5091625e+02	1.4638283e+18	3.0500872e-02
1.9153670e+06	1.5091625e+02	1.4492630e+18	3.0197383e-02
1.9196868e+06	1.5091625e+02	1.4348426e+18	2.9896914e-02
1.9240066e+06	1.5091625e+02	1.4205657e+18	2.9599435e-02
1.9283264e+06	1.5091625e+02	1.4064308e+18	2.9304916e-02
1.9326462e+06	1.5091625e+02	1.3924366e+18	2.9013327e-02
1.9369660e+06	1.5091625e+02	1.3785816e+18	2.8724640e-02
1.9412859e+06	1.5091625e+02	1.3648645e+18	2.8438825e-02
1.9456057e+06	1.5091625e+02	1.3512839e+18	2.8155854e-02
1.9499255e+06	1.5091625e+02	1.3378384e+18	2.7875698e-02
1.9542453e+06	1.5091625e+02	1.3245266e+18	2.7598330e-02
1.9585651e+06	1.5091625e+02	1.3113474e+18	2.7323722e-02
1.9628849e+06	1.5091625e+02	1.2982993e+18	2.7051847e-02
1.9672048e+06	1.5091625e+02	1.2853810e+18	2.6782677e-02
1.9715246e+06	1.5091625e+02	1.2725912e+18	2.6516184e-02
1.9758444e+06	1.5091625e+02	1.2599287e+18	2.6252344e-02
1.9801642e+06	1.5091625e+02	1.2473922e+18	2.5991129e-02
1.9844840e+06	1.5091625e+02	1.2349805e+18	2.5732513e-02
1.9888039e+06	1.5091625e+02	1.2226922e+18	2.5476470e-02
1.9931237e+06	1.5091625e+02	1.2105262e+18	2.5222975e-02
1.9974435e+06	1.5091625e+02	1.1984813e+18	2.4972002e-02
2.0017633e+06	1.5091625e+02	1.1865562e+18	2.4723527e-02
2.0060831e+06	1.5091625e+02	1.1747498e+18	2.4477523e-02
2.0104029e+06	1.5091625e+02	1.1630608e+18	2.4233968e-02
2.0147228e+06	1.5091625e+02	1.1514881e+18	2.3992836e-02
2.0190426e+06	1.5091625e+02	1.1400307e+18	2.3754103e-02
2.0233624e+06	1.5091625e+02	1.1286872e+18	2.3517746e-02
2.0276822e+06	1.5091625e+02	1.1174565e+18	2.3283740e-02
2.0320020e+06	1.5091625e+02	1.1063377e+18	2.3052063e-02
2.0363218e+06	1.5091625e+02	1.0953294e+18	2.2822691e-02
2.0406417e+06	1.5091625e+02	1.0844307e+18	2.2595602e-02
2.0449615e+06	1.5091625e+02	1.0736404e+18	2.2370772e-02
2.0492813e+06	1.5091625e+02	1.0629575e+18	2.2148179e-02
2.0536011e+06	1.5091625e+02	1.0523809e+18	2.1927801e-02
2.0579209e+06	1.5091625e+02	1.0419096e+18	2.1709616e-02
2.0622407e+06	1.5091625e+02	1.0315424e+18	2.1493601e-02
2.0665606e+06	1.5091625e+02	1.0212784e+18	2.1279736e-02
2.0708804e+06	1.5091625e+02	1.0111165e+18	2.1068000e-02
2.0752002e+06	1.5091625e+02	1.0010557e+18	2.0858369e-02
2.0795200e+06	1.5091625e+02	9.9109503e+17	2.0650825e-02
2.0838398e+06	1.5091625e+02	9.8123347e+17	2.0445346e-02
2.0881596e+06	1.5091625e+02	9.7147004e+17	2.0241911e-02
2.0924795e+06	1.5091625e+02	9.6180375e+17	2.0040501e-02
2.0967993e+06	1.5091625e+02	9.5223364e+17	1.9841095e-02
2.1011191e+06	1.5091625e+02	9.4275876e+17	1.9643673e-02
2.1054389e+06	1.5091625e+02	9.3337815e+17	1.9448215e-02
2.1097587e+06	1.5091625e+02	9.2409089e+17	1.9254702e-02
2.1140785e+06	1.5091625e+02	9.1489603e+17	1.9063114e-02
2.1183984e+06	1.5091625e+02	9.0579266e+17	1.8873433e-02
2.1227182e+06	1.5091625e+02	8.9677987e+17	1.8685639e-02
2.1270380e+06	1.5091625e+02	8.8785676e+17	1.8499714e-02
2.1313578e+06	1.5091625e+02	8.7902244e+17	1.8315639e-02
2.1356776e+06	1.5091625e+02	8.7027602e+17	1.8133395e-02
2.1399974e+06	1.5091625e+02	8.6161663e+17	1.7952965e-02
2.1443173e+06	1.5091625e+02	8.5304340e+17	1.7774330e-02
2.1486371e+06	1.5091625e+02	8.4455548e+17	1.7597472e-02
2.1529569e+06	1.5091625e+02	8.3615201e+17	1.7422375e-02
2.1572767e+06	1.5091625e+02	8.2783216e+17	1.7249019e-02
2.1615965e+06	1.5091625e+02	8.1959509e+17	1.7077389e-02
2.1659163e+06	1.5091625e+02	8.1143998e+17	1.6907466e-02
2.1702362e+06	1.5091625e+02	8.0336602e+17	1.6739234e-02
2.1745560e+06	1.5091625e+02	7.9537240e+17	1.6572675e-02
2.1788758e+06	1.5091625e+02	7.8745831e+17	1.6407775e-02
2.1831956e+06	1.5091625e+02	7.7962297e+17	1.6244514e-02
2.1875154e+06	1.5091625e+02	7.7186559e+17	1.6082879e-02
2.1918353e+06	1.5091625e+02	7.6418540e+17	1.5922852e-02
2.1961551e+06	1.5091625e+02	7.5658163e+17	1.5764417e-02
2.2004749e+06	1.5091625e+02	7.4905351e+17	1.5607558e-02
2.2047947e+06	1.5091625e+02	7.4160031e+17	1.5452260e-02
2.2091145e+06	1.5091625e+02	7.3422126e+17	1.5298508e-02
2.2134343e+06	1.5091625e+02	7.2691564e+17	1.5146285e-02
2.2177542e+06	1.5091625e+02	7.1968270e+17	1.4995577e-02
2.2220740e+06	1.5091625e+02	7.1252174e+17	1.4846368e-02
2.2263938e+06	1.5091625e+02	7.0543203e+17	1.4698645e-02
2.2307136e+06	1.5091625e+02	6.9841287e+17	1.4552391e-02
2.2350334e+06	1.5091625e+02	6.9146354e+17	1.4407592e-02
2.2393532e+06	1.5091625e+02	6.8458337e+17	1.4264234e-02
2.2436731e+06	1.5091625e+02	6.7777165e+17	1.4122302e-02
2.2479929e+06	1.5091625e+02	6.7102771e+17	1.3981783e-02
2.2523127e+06	1.5091625e+02	6.6435087e+17	1.3842662e-02
2.2566325e+06	1.5091625e+02	6.5774047e+17	1.3704925e-02
2.2609523e+06	1.5091625e+02	6.5119584e+17	1.3568559e-02
2.2652721e+06	1.5091625e+02	6.4471633e+17	1.3433550e-02
2.2695920e+06	1.5091625e+02	6.3830130e+17	1.3299884e-02
2.2739118e+06	1.5091625e+02	6.3195009e+17	1.3167548e-02
2.2782316e+06	1.5091625e+02	6.2566209e+17	1.3036528e-02
2.2825514e+06	1.5091625e+02	6.1943664e+17	1.2906813e-02
2.2868712e+06	1.5091625e+02	6.1327315e+17	1.2778388e-02
2.2911910e+06	1.5091625e+02	6.0717098e+17	1.2651241e-02
2.2955109e+06	1.5091625e+02	6.0112953e+17	1.2525359e-02
2.2998307e+06	1.5091625e+02	5.9514819e+17	1.2400729e-02
2.3041505e+06	1.5091625e+02	5.8922636e+17	1.2277340e-02
2.3084703e+06	1.5091625e+02	5.8336346e+17	1.2155178e-02
2.3127901e+06	1.5091625e+02	5.7755890e+17	1.2034232e-02
2.3171099e+06	1.5091625e+02	5.7181209e+17	1.1914490e-02
2.3214298e+06	1.5091625e+02	5.6612247e+17	1.1795939e-02
2.3257496e+06	1.5091625e+02	5.6048945e+17	1.1678567e-02
2.3300694e+06	1.5091625e+02	5.5491249e+17	1.1562363e-02
2.3343892e+06	1.5091625e+02	5.4939102e+17	1.1447316e-02
2.3387090e+06	1.5091625e+02	5.4392449e+17	1.1333413e-02
2.3430288e+06	1.5091625e+02	5.3851235e+17	1.1220644e-02
2.3473487e+06	1.5091625e+02	5.3315406e+17	1.1108997e-02
2.3516685e+06	1.5091625e+02	5.2784909e+17	1.0998460e-02
2.3559883e+06	1.5091625e+02	5.2259690e+17	1.0889024e-02
2.3603081e+06	1.5091625e+02	5.1739698e+17	1.0780676e-02
2.3646279e+06	1.5091625e+02	5.1224879e+17	1.0673407e-02
2.3689478e+06	1.5091625e+02	5.0715183e+17	1.0567204e-02
2.3732676e+06	1.5091625e+02	5.0210559e+17	1.0462059e-02
2.3775874e+06	1.5091625e+02	4.9710955e+17	1.0357960e-02
2.3819072e+06	1.5091625e+02	4.9216323e+17	1.0254896e-02
2.3862270e+06	1.5091625e+02	4.8726612e+17	1.0152858e-02
2.3905468e+06	1.5091625e+02	4.8241774e+17	1.0051836e-02
2.3948667e+06	1.5091625e+02	4.7761761e+17	9.9518183e-03
2.3991865e+06	1.5091625e+02	4.7286523e+17	9.8527961e-03
2.4035063e+06	1.5091625e+02	4.6816014e+17	9.7547591e-03
2.4078261e+06	1.5091625e+02	4.6350187e+17	9.6576976e-03
2.4121459e+06	1.5091625e+02	4.5888995e+17	9.5616019e-03
2.4164657e+06	1.5091625e+02	4.5432392e+17	9.4664624e-03
2.4207856e+06	1.5091625e+02	4.4980332e+17	9.3722695e-03
2.4251054e+06	1.5091625e+02	4.4532771e+17	9.2790139e-03
2.4294252e+06	1.5091625e+02	4.4089662e+17	9.1866862e-03
2.4337450e+06	1.5091625e+02	4.3650963e+17	9.0952771e-03
2.4380648e+06	1.5091625e+02	4.3216628e+17	9.0047776e-03
2.4423846e+06	1.5091625e+02	4.2786616e+17	8.9151786e-03
2.4467045e+06	1.5091625e+02	4.2360882e+17	8.8264711e-03
2.4510243e+06	1.5091625e+02	4.1939384e+17	8.7386462e-03
2.4553441e+06	1.5091625e+02	4.1522080e+17	8.6516952e-03
2.4596639e+06	1.5091625e+02	4.1108928e+17	8.5656094e-03
2.4639837e+06	1.5091625e+02	4.0699888e+17	8.4803802e-03
2.4683035e+06	1.5091625e+02	4.0294917e+17	8.3959990e-03
2.4726234e+06	1.5091625e+02	3.9893976e+17	8.3124574e-03
2.4769432e+06	1.5091625e+02	3.9497024e+17	8.2297471e-03
2.4812630e+06	1.5091625e+02	3.9104022e+17	8.1478597e-03
2.4855828e+06	1.5091625e+02	3.8714931e+17	8.0667872e-03
2.4899026e+06	1.5091625e+02	3.8329711e+17	7.9865213e-03
2.4942224e+06	1.5091625e+02	3.7948324e+17	7.9070541e-03
2.4985423e+06	1.5091625e+02	3.7570732e+17	7.8283776e-03
2.5028621e+06	1.5091625e+02	3.7196897e+17	7.7504839e-03
2.5071819e+06	1.5091625e+02	3.6826781e+17	7.6733653e-03
2.5115017e+06	1.5091625e+02	3.6460349e+17	7.5970140e-03
2.5158215e+06	1.5091625e+02	3.6097562e+17	7.5214225e-03
2.5201413e+06	1.5091625e+02	3.5738385e+17	7.4465831e-03
2.5244612e+06	1.5091625e+02	3.5382783e+17	7.3724883e-03
2.5287810e+06	1.5091625e+02	3.5030718e+17	7.2991309e-03
2.5331008e+06	1.5091625e+02	3.4682157e+17	7.2265033e-03
2.5374206e+06	1.5091625e+02	3.4337063e+17	7.1545984e-03
2.5417404e+06	1.5091625e+02	3.3995404e+17	7.0834089e-03
2.5460603e+06	1.5091625e+02	3.3657144e+17	7.0129278e-03
2.5503801e+06	1.5091625e+02	3.3322250e+17	6.9431480e-03
2.5546999e+06	1.5091625e+02	3.2990688e+17	6.8740626e-03
2.5590197e+06	1.5091625e+02	3.2662425e+17	6.8056645e-03
2.5633395e+06	1.5091625e+02	3.2337428e+17	6.7379470e-03
2.5676593e+06	1.5091625e+02	3.2015666e+17	6.6709033e-03
2.5719792e+06	1.5091625e+02	3.1697104e+17	6.6045267e-03
2.5762990e+06	1.5091625e+02	3.1381713e+17	6.5388106e-03
2.5806188e+06	1.5091625e+02	3.1069460e+17	6.4737483e-03
2.5849386e+06	1.5091625e+02	3.0760313e+17	6.4093335e-03
2.5892584e+06	1.5091625e+02	3.0454243e+17	6.3455595e-03
2.5935782e+06	1.5091625e+02	3.0151218e+17	6.2824202e-03
2.5978981e+06	1.5091625e+02	2.9851209e+17	6.2199090e-03
2.6022179e+06	1.5091625e+02	2.9554184e+17	6.1580199e-03
2.6065377e+06	1.5091625e+02	2.9260115e+17	6.0967466e-03
2.6108575e+06	1.5091625e+02	2.8968972e+17	6.0360829e-03
2.6151773e+06	1.5091625e+02	2.8680726e+17	5.9760229e-03
2.6194971e+06	1.5091625e+02	2.8395348e+17	5.9165605e-03
2.6238170e+06	1.5091625e+02	2.8112810e+17	5.8576897e-03
2.6281368e+06	1.5091625e+02	2.7833083e+17	5.7994047e-03
2.6324566e+06	1.5091625e+02	2.7556139e+17	5.7416997e-03
2.6367764e+06	1.5091625e+02	2.7281951e+17	5.6845688e-03
2.6410962e+06	1.5091625e+02	2.7010491e+17	5.6280064e-03
2.6454160e+06	1.5091625e+02	2.6741732e+17	5.5720068e-03
2.6497359e+06	1.5091625e+02	2.6475647e+17	5.5165644e-03
2.6540557e+06	1.5091625e+02	2.6212210e+17	5.4616737e-03
2.6583755e+06	1.5091625e+02	2.5951394e+17	5.4073291e-03
2.6626953e+06	1.5091625e+02	2.5693174e+17	5.3535253e-03
2.6670151e+06	1.5091625e+02	2.5437522e+17	5.3002568e-03
2.6713349e+06	1.5091625e+02	2.5184415e+17	5.2475184e-03
2.6756548e+06	1.5091625e+02	2.4933825e+17	5.1953047e-03
2.6799746e+06	1.5091625e+02	2.4685730e+17	5.1436106e-03
2.6842944e+06	1.5091625e+02	2.4440103e+17	5.0924308e-03
2.6886142e+06	1.5091625e+02	2.4196920e+17	5.0417603e-03
2.6929340e+06	1.5091625e+02	2.3956156e+17	4.9915939e-03
2.6972538e+06	1.5091625e+02	2.3717788e+17	4.9419267e-03
2.7015737e+06	1.5091625e+02	2.3481793e+17	4.8927537e-03
2.7058935e+06	1.5091625e+02	2.3248145e+17	4.8440700e-03
2.7102133e+06	1.5091625e+02	2.3016822e+17	4.7958707e-03
2.7145331e+06	1.5091625e+02	2.2787801e+17	4.7481510e-03
2.7188529e+06	1.5091625e+02	2.2561058e+17	4.7009061e-03
2.7231727e+06	1.5091625e+02	2.2336572e+17	4.6541313e-03
2.7274926e+06	1.5091625e+02	2.2114319e+17	4.6078219e-03
2.7318124e+06	1.5091625e+02	2.1894278e+17	4.5619733e-03
2.7361322e+06	1.5091625e+02	2.1676427e+17	4.5165810e-03
2.7404520e+06	1.5091625e+02	2.1460742e+17	4.4716402e-03
2.7447718e+06	1.5091625e+02	2.1247205e+17	4.4271467e-03
2.7490917e+06	1.5091625e+02	2.1035791e+17	4.3830958e-03
2.7534115e+06	1.5091625e+02	2.0826482e+17	4.3394833e-03
2.7577313e+06	1.5091625e+02	2.0619255e+17	4.2963047e-03
2.7620511e+06	1.5091625e+02	2.0414090e+17	4.2535558e-03
2.7663709e+06	1.5091625e+02	2.0210966e+17	4.2112322e-03
2.7706907e+06	1.5091625e+02	2.0009864e+17	4.1693297e-03
2.7750106e+06	1.5091625e+02	1.9810762e+17	4.1278442e-03
2.7793304e+06	1.5091625e+02	1.9613642e+17	4.0867714e-03
2.7836502e+06	1.5091625e+02	1.9418483e+17	4.0461074e-03
2.7879700e+06	1.5091625e+02	1.9225266e+17	4.0058479e-03
2.7922898e+06	1.5091625e+02	1.9033971e+17	3.9659891e-03
2.7966096e+06	1.5091625e+02	1.8844580e+17	3.9265268e-03
2.8009295e+06	1.5091625e+02	1.8657073e+17	3.8874573e-03
2.8052493e+06	1.5091625e+02	1.8471432e+17	3.8487764e-03
2.8095691e+06	1.5091625e+02	1.8287638e+17	3.8104804e-03
2.8138889e+06	1.5091625e+02	1.8105673e+17	3.7725655e-03
2.8182087e+06	1.5091625e+02	1.7925519e+17	3.7350279e-03
2.8225285e+06	1.5091625e+02	1.7747157e+17	3.6978637e-03
2.8268484e+06	1.5091625e+02	1.7570570e+17	3.6610694e-03
2.8311682e+06	1.5091625e+02	1.7395740e+17	3.6246411e-03
2.8354880e+06	1.5091625e+02	1.7222649e+17	3.5885753e-03
2.8398078e+06	1.5091625e+02	1.7051281e+17	3.5528684e-03
2.8441276e+06	1.5091625e+02	1.6881618e+17	3.5175168e-03
2.8484474e+06	1.5091625e+02	1.6713643e+17	3.4825169e-03
2.8527673e+06	1.5091625e+02	1.6547340e+17	3.4478653e-03
2.8570871e+06	1.5091625e+02	1.6382691e+17	3.4135584e-03
2.8614069e+06	1.5091625e+02	1.6219680e+17	3.3795930e-03
2.8657267e+06	1.5091625e+02	1.6058292e+17	3.3459655e-03
2.8700465e+06	1.5091625e+02	1.5898509e+17	3.3126726e-03
2.8743663e+06	1.5091625e+02	1.5740316e+17	3.2797109e-03
2.8786862e+06	1.5091625e+02	1.5583697e+17	3.2470772e-03
2.8830060e+06	1.5091625e+02	1.5428637e+17	3.2147683e-03
2.8873258e+06	1.5091625e+02	1.5275120e+17	3.1827808e-03
2.8916456e+06	1.5091625e+02	1.5123130e+17	3.1511116e-03
2.8959654e+06	1.5091625e+02	1.4972652e+17	3.1197575e-03
2.9002852e+06	1.5091625e+02	1.4823672e+17	3.0887154e-03
2.9046051e+06	1.5091625e+02	1.4676174e+17	3.0579822e-03
2.9089249e+06	1.5091625e+02	1.4530143e+17	3.0275548e-03
2.9132447e+06	1.5091625e+02	1.4385566e+17	2.9974301e-03
2.9175645e+06	1.5091625e+02	1.4242427e+17	2.9676052e-03
2.9218843e+06	1.5091625e+02	1.4100713e+17	2.9380770e-03
2.9262042e+06	1.5091625e+02	1.3960408e+17	2.9088426e-03
2.9305240e+06	1.5091625e+02	1.3821500e+17	2.8798992e-03
2.9348438e+06	1.5091625e+02	1.3683974e+17	2.8512437e-03
2.9391636e+06	1.5091625e+02	1.3547816e+17	2.8228733e-03
2.9434834e+06	1.5091625e+02	1.3413013e+17	2.7947853e-03
2.9478032e+06	1.5091625e+02	1.3279551e+17	2.7669767e-03
2.9521231e+06	1.5091625e+02	1.3147417e+17	2.7394448e-03
2.9564429e+06	1.5091625e+02	1.3016598e+17	2.7121869e-03
2.9607627e+06	1.5091625e+02	1.2887081e+17	2.6852002e-03
2.9650825e+06	1.5091625e+02	1.2758852e+17	2.6584820e-03
2.9694023e+06	1.5091625e+02	1.2631900e+17	2.6320297e-03
2.9737221e+06	1.5091625e+02	1.2506210e+17	2.6058405e-03
2.9780420e+06	1.5091625e+02	1.2381771e+17	2.5799120e-03
2.9823618e+06	1.5091625e+02	1.2258571e+17	2.5542414e-03
2.9866816e+06	1.5091625e+02	1.2136596e+17	2.5288263e-03
2.9910014e+06	1.5091625e+02	1.2015835e+17	2.5036641e-03
2.9953212e+06	1.5091625e+02	1.1896275e+17	2.4787522e-03
2.9996410e+06	1.5091625e+02	1.1777905e+17	2.4540882e-03
3.0039609e+06	1.5091625e+02	1.1660713e+17	2.4296696e-03
3.0082807e+06	1.5091625e+02	1.1544687e+17	2.4054940e-03
3.0126005e+06	1.5091625e+02	1.1429815e+17	2.3815589e-03
3.0169203e+06	1.5091625e+02	1.1316087e+17	2.3578620e-03
3.0212401e+06	1.5091625e+02	1.1203490e+17	2.3344009e-03
3.0255599e+06	1.5091625e+02	1.1092013e+17	2.3111732e-03
3.0298798e+06	1.5091625e+02	1.0981646e+17	2.2881767e-03
3.0341996e+06	1.5091625e+02	1.0872377e+17	2.2654089e-03
3.0385194e+06	1.5091625e+02	1.0764195e+17	2.2428677e-03
3.0428392e+06	1.5091625e+02	1.0657089e+17	2.2205508e-03
3.0471590e+06	1.5091625e+02	1.0551050e+17	2.1984560e-03
3.0514788e+06	1.5091625e+02	1.0446065e+17	2.1765810e-03
3.0557987e+06	1.5091625e+02	1.0342125e+17	2.1549236e-03
3.0601185e+06	1.5091625e+02	1.0239219e+17	2.1334818e-03
3.0644383e+06	1.5091625e+02	1.0137337e+17	2.1122533e-03
3.0687581e+06	1.5091625e+02	1.0036469e+17	2.0912360e-03
3.0730779e+06	1.5091625e+02	9.9366042e+16	2.0704279e-03
3.0773977e+06	1.5091625e+02	9.8377334e+16	2.0498268e-03
3.0817176e+06	1.5091625e+02	9.7398463e+16	2.0294306e-03
3.0860374e+06	1.5091625e+02	9.6429332e+16	2.0092375e-03
3.0903572e+06	1.5091625e+02	9.5469844e+16	1.9892452e-03
3.0946770e+06	1.5091625e+02	9.4519903e+16	1.9694519e-03
3.0989968e+06	1.5091625e+02	9.3579414e+16	1.9498555e-03
3.1033167e+06	1.5091625e+02	9.2648284e+16	1.9304541e-03
3.1076365e+06	1.5091625e+02	9.1726418e+16	1.9112458e-03
3.1119563e+06	1.5091625e+02	9.0813725e+16	1.8922286e-03
3.1162761e+06	1.5091625e+02	8.9910113e+16	1.8734006e-03
3.1205959e+06	1.5091625e+02	8.9015492e+16	1.8547600e-03
3.1249157e+06	1.5091625e+02	8.8129774e+16	1.8363048e-03
3.1292356e+06	1.5091625e+02	8.7252868e+16	1.8180332e-03
3.1335554e+06	1.5091625e+02	8.6384687e+16	1.7999435e-03
3.1378752e+06	1.5091625e+02	8.5525145e+16	1.7820338e-03
3.1421950e+06	1.5091625e+02	8.4674156e+16	1.7643022e-03
3.1465148e+06	1.5091625e+02	8.3831634e+16	1.7467471e-03
3.1508346e+06	1.5091625e+02	8.2997495e+16	1.7293667e-03
3.1551545e+06	1.5091625e+02	8.2171656e+16	1.7121592e-03
3.1594743e+06	1.5091625e+02	8.1354035e+16	1.6951230e-03
3.1637941e+06	1.5091625e+02	8.0544548e+16	1.6782562e-03
3.1681139e+06	1.5091625e+02	7.9743117e+16	1.6615573e-03
3.1724337e+06	1.5091625e+02	7.8949659e+16	1.6450245e-03
3.1767535e+06	1.5091625e+02	7.8164097e+16	1.6286562e-03
3.1810734e+06	1.5091625e+02	7.7386351e+16	1.6124508e-03
3.1853932e+06	1.5091625e+02	7.6616344e+16	1.5964067e-03
3.1897130e+06	1.5091625e+02	7.5853999e+16	1.5805222e-03
3.1940328e+06	1.5091625e+02	7.5099239e+16	1.5647957e-03
3.1983526e+06	1.5091625e+02	7.4351989e+16	1.5492257e-03
3.2026724e+06	1.5091625e+02	7.3612175e+16	1.5338107e-03
3.2069923e+06	1.5091625e+02	7.2879721e+16	1.5185490e-03
3.2113121e+06	1.5091625e+02	7.2154556e+16	1.5034392e-03
3.2156319e+06	1.5091625e+02	7.1436606e+16	1.4884797e-03
3.2199517e+06	1.5091625e+02	7.0725800e+16	1.4736691e-03
3.2242715e+06	1.5091625e+02	7.0022066e+16	1.4590059e-03
3.2285913e+06	1.5091625e+02	6.9325335e+16	1.4444885e-03
3.2329112e+06	1.5091625e+02	6.8635537e+16	1.4301156e-03
3.2372310e+06	1.5091625e+02	6.7952602e+16	1.4158857e-03
3.2415508e+06	1.5091625e+02	6.7276462e+16	1.4017974e-03
3.2458706e+06	1.5091625e+02	6.6607050e+16	1.3878493e-03
3.2501904e+06	1.5091625e+02	6.5944299e+16	1.3740400e-03
3.2545102e+06	1.5091625e+02	6.5288142e+16	1.3603680e-03
3.2588301e+06	1.5091625e+02	6.4638514e+16	1.3468322e-03
3.2631499e+06	1.5091625e+02	6.3995350e+16	1.3334309e-03
3.2674697e+06	1.5091625e+02	6.3358586e+16	1.3201631e-03
3.2717895e+06	1.5091625e+02	6.2728157e+16	1.3070272e-03
3.2761093e+06	1.5091625e+02	6.2104002e+16	1.2940221e-03
3.2804291e+06	1.5091625e+02	6.1486057e+16	1.2811464e-03
3.2847490e+06	1.5091625e+02	6.0874260e+16	1.2683988e-03
3.2890688e+06	1.5091625e+02	6.0268551e+16	1.2557780e-03
3.2933886e+06	1.5091625e+02	5.9668869e+16	1.2432828e-03
3.2977084e+06	1.5091625e+02	5.9075154e+16	1.2309119e-03
3.3020282e+06	1.5091625e+02	5.8487346e+16	1.2186641e-03
3.3063481e+06	1.5091625e+02	5.7905387e+16	1.2065382e-03
3.3106679e+06	1.5091625e+02	5.7329219e+16	1.1945330e-03
3.3149877e+06	1.5091625e+02	5.6758784e+16	1.1826472e-03
3.3193075e+06	1.5091625e+02	5.6194025e+16	1.1708796e-03
3.3236273e+06	1.5091625e+02	5.5634885e+16	1.1592292e-03
3.3279471e+06	1.5091625e+02	5.5081308e+16	1.1476947e-03
3.3322670e+06	1.5091625e+02	5.4533240e+16	1.1362749e-03
3.3365868e+06	1.5091625e+02	5.3990625e+16	1.1249688e-03
3.3409066e+06	1.5091625e+02	5.3453410e+16	1.1137751e-03
3.3452264e+06	1.5091625e+02	5.2921539e+16	1.1026929e-03
3.3495462e+06	1.5091625e+02	5.2394961e+16	1.0917209e-03
3.3538660e+06	1.5091625e+02	5.1873623e+16	1.0808581e-03
3.3581859e+06	1.5091625e+02	5.1357471e+16	1.0701034e-03
3.3625057e+06	1.5091625e+02	5.0846456e+16	1.0594557e-03
3.3668255e+06	1.5091625e+02	5.0340525e+16	1.0489139e-03
3.3711453e+06	1.5091625e+02	4.9839629e+16	1.0384771e-03
3.3754651e+06	1.5091625e+02	4.9343716e+16	1.0281440e-03
3.3797849e+06	1.5091625e+02	4.8852738e+16	1.0179138e-03
3.3841048e+06	1.5091625e+02	4.8366645e+16	1.0077854e-03
3.3884246e+06	1.5091625e+02	4.7885389e+16	9.9775780e-04
3.3927444e+06	1.5091625e+02	4.7408921e+16	9.8782994e-04
3.3970642e+06	1.5091625e+02	4.6937195e+16	9.7800087e-04
3.4013840e+06	1.5091625e+02	4.6470162e+16	9.6826960e-04
3.4057038e+06	1.5091625e+02	4.6007776e+16	9.5863516e-04
3.4100237e+06	1.5091625e+02	4.5549991e+16	9.4909658e-04
3.4143435e+06	1.5091625e+02	4.5096761e+16	9.3965291e-04
3.4186633e+06	1.5091625e+02	4.4648041e+16	9.3030320e-04
3.4229831e+06	1.5091625e+02	4.4203785e+16	9.2104653e-04
3.4273029e+06	1.5091625e+02	4.3763950e+16	9.1188197e-04
3.4316227e+06	1.5091625e+02	4.3328492e+16	9.0280859e-04
3.4359426e+06	1.5091625e+02	4.2897366e+16	8.9382549e-04
3.4402624e+06	1.5091625e+02	4.2470530e+16	8.8493178e-04
3.4445822e+06	1.5091625e+02	4.2047941e+16	8.7612656e-04
3.4489020e+06	1.5091625e+02	4.1629557e+16	8.6740896e-04
3.4532218e+06	1.5091625e+02	4.1215336e+16	8.5877810e-04
3.4575416e+06	1.5091625e+02	4.0805237e+16	8.5023311e-04
3.4618615e+06	1.5091625e+02	4.0399218e+16	8.4177315e-04
3.4661813e+06	1.5091625e+02	3.9997239e+16	8.3339737e-04
3.4705011e+06	1.5091625e+02	3.9599260e+16	8.2510492e-04
3.4748209e+06	1.5091625e+02	3.9205241e+16	8.1689499e-04
3.4791407e+06	1.5091625e+02	3.8815142e+16	8.0876675e-04
3.4834606e+06	1.5091625e+02	3.8428925e+16	8.0071939e-04
3.4877804e+06	1.5091625e+02	3.8046551e+16	7.9275210e-04
3.4921002e+06	1.5091625e+02	3.7667981e+16	7.8486408e-04
3.4964200e+06	1.5091625e+02	3.7293178e+16	7.7705455e-04
3.5007398e+06	1.5091625e+02	3.6922105e+16	7.6932273e-04
3.5050596e+06	1.5091625e+02	3.6554724e+16	7.6166784e-04
3.5093795e+06	1.5091625e+02	3.6190998e+16	7.5408912e-04
3.5136993e+06	1.5091625e+02	3.5830892e+16	7.4658581e-04
3.5180191e+06	1.5091625e+02	3.5474369e+16	7.3915716e-04
3.5223389e+06	1.5091625e+02	3.5121393e+16	7.3180242e-04
3.5266587e+06	1.5091625e+02	3.4771929e+16	7.2452086e-04
3.5309785e+06	1.5091625e+02	3.4425943e+16	7.1731176e-04
3.5352984e+06	1.5091625e+02	3.4083399e+16	7.1017439e-04
3.5396182e+06	1.5091625e+02	3.3744263e+16	7.0310804e-04
3.5439380e+06	1.5091625e+02	3.3408502e+16	6.9611200e-04
3.5482578e+06	1.5091625e+02	3.3076082e+16	6.8918556e-04
3.5525776e+06	1.5091625e+02	3.2746970e+16	6.8232805e-04
3.5568974e+06	1.5091625e+02	3.2421132e+16	6.7553878e-04
3.5612173e+06	1.5091625e+02	3.2098536e+16	6.6881705e-04
3.5655371e+06	1.5091625e+02	3.1779150e+16	6.6216221e-04
3.5698569e+06	1.5091625e+02	3.1462943e+16	6.5557359e-04
3.5741767e+06	1.5091625e+02	3.1149881e+16	6.4905052e-04
3.5784965e+06	1.5091625e+02	3.0839935e+16	6.4259236e-04
3.5828163e+06	1.5091625e+02	3.0533072e+16	6.3619846e-04
3.5871362e+06	1.5091625e+02	3.0229263e+16	6.2986818e-04
3.5914560e+06	1.5091625e+02	2.9928477e+16	6.2360089e-04
3.5957758e+06	1.5091625e+02	2.9630683e+16	6.1739595e-04
3.6000956e+06	1.5091625e+02	2.9335853e+16	6.1125276e-04
3.6044154e+06	1.5091625e+02	2.9043957e+16	6.0517070e-04
3.6087352e+06	1.5091625e+02	2.8754964e+16	5.9914915e-04
3.6130551e+06	1.5091625e+02	2.8468848e+16	5.9318751e-04
3.6173749e+06	1.5091625e+02	2.8185578e+16	5.8728520e-04
3.6216947e+06	1.5091625e+02	2.7905127e+16	5.8144161e-04
3.6260145e+06	1.5091625e+02	2.7627466e+16	5.7565617e-04
3.6303343e+06	1.5091625e+02	2.7352568e+16	5.6992830e-04
3.6346541e+06	1.5091625e+02	2.7080406e+16	5.6425742e-04
3.6389740e+06	1.5091625e+02	2.6810951e+16	5.5864296e-04
3.6432938e+06	1.5091625e+02	2.6544178e+16	5.5308437e-04
3.6476136e+06	1.5091625e+02	2.6280059e+16	5.4758109e-04
3.6519334e+06	1.5091625e+02	2.6018568e+16	5.4213257e-04
3.6562532e+06	1.5091625e+02	2.5759679e+16	5.3673826e-04
3.6605730e+06	1.5091625e+02	2.5503366e+16	5.3139762e-04
3.6648929e+06	1.5091625e+02	2.5249603e+16	5.2611013e-04
3.6692127e+06	1.5091625e+02	2.4998365e+16	5.2087524e-04
3.6735325e+06	1.5091625e+02	2.4749627e+16	5.1569245e-04
3.6778523e+06	1.5091625e+02	2.4503364e+16	5.1056122e-04
3.6821721e+06	1.5091625e+02	2.4259552e+16	5.0548105e-04
3.6864920e+06	1.5091625e+02	2.4018165e+16	5.0045143e-04
3.6908118e+06	1.5091625e+02	2.3779180e+16	4.9547186e-04
3.6951316e+06	1.5091625e+02	2.3542574e+16	4.9054183e-04
3.6994514e+06	1.5091625e+02	2.3308321e+16	4.8566086e-04
3.7037712e+06	1.5091625e+02	2.3076399e+16	4.8082845e-04
3.7080910e+06	1.5091625e+02	2.2846785e+16	4.7604413e-04
3.7124109e+06	1.5091625e+02	2.2619456e+16	4.7130741e-04
3.7167307e+06	1.5091625e+02	2.2394389e+16	4.6661782e-04
3.7210505e+06	1.5091625e+02	2.2171561e+16	4.6197490e-04
3.7253703e+06	1.5091625e+02	2.1950950e+16	4.5737817e-04
3.7296901e+06	1.5091625e+02	2.1732535e+16	4.5282718e-04
3.7340099e+06	1.5091625e+02	2.1516292e+16	4.4832148e-04
3.7383298e+06	1.5091625e+02	2.1302202e+16	4.4386060e-04
3.7426496e+06	1.5091625e+02	2.1090241e+16	4.3944412e-04
3.7469694e+06	1.5091625e+02	2.0880390e+16	4.3507158e-04
3.7512892e+06	1.5091625e+02	2.0672626e+16	4.3074254e-04
3.7556090e+06	1.5091625e+02	2.0466930e+16	4.2645658e-04
3.7599288e+06	1.5091625e+02	2.0263281e+16	4.2221327e-04
3.7642487e+06	1.5091625e+02	2.0061658e+16	4.1801218e-04
3.7685685e+06	1.5091625e+02	1.9862041e+16	4.1385288e-04
3.7728883e+06	1.5091625e+02	1.9664410e+16	4.0973498e-04
3.7772081e+06	1.5091625e+02	1.9468746e+16	4.0565805e-04
3.7815279e+06	1.5091625e+02	1.9275029e+16	4.0162168e-04
3.7858477e+06	1.5091625e+02	1.9083239e+16	3.9762548e-04
3.7901676e+06	1.5091625e+02	1.8893358e+16	3.9366904e-04
3.7944874e+06	1.5091625e+02	1.8705366e+16	3.8975197e-04
3.7988072e+06	1.5091625e+02	1.8519244e+16	3.8587387e-04
3.8031270e+06	1.5091625e+02	1.8334975e+16	3.8203436e-04
3.8074468e+06	1.5091625e+02	1.8152539e+16	3.7823306e-04
3.8117666e+06	1.5091625e+02	1.7971918e+16	3.7446958e-04
3.8160865e+06	1.5091625e+02	1.7793094e+16	3.7074354e-04
3.8204063e+06	1.5091625e+02	1.7616050e+16	3.6705458e-04
3.8247261e+06	1.5091625e+02	1.7440768e+16	3.6340233e-04
3.8290459e+06	1.5091625e+02	1.7267229e+16	3.5978641e-04
3.8333657e+06	1.5091625e+02	1.7095417e+16	3.5620648e-04
3.8376855e+06	1.5091625e+02	1.6925315e+16	3.5266217e-04
3.8420054e+06	1.5091625e+02	1.6756905e+16	3.4915312e-04
3.8463252e+06	1.5091625e+02	1.6590171e+16	3.4567899e-04
3.8506450e+06	1.5091625e+02	1.6425096e+16	3.4223942e-04
3.8549648e+06	1.5091625e+02	1.6261664e+16	3.3883408e-04
3.8592846e+06	1.5091625e+02	1.6099858e+16	3.3546263e-04
3.8636045e+06	1.5091625e+02	1.5939661e+16	3.3212472e-04
3.8679243e+06	1.5091625e+02	1.5781059e+16	3.2882002e-04
3.8722441e+06	1.5091625e+02	1.5624035e+16	3.2554821e-04
3.8765639e+06	1.5091625e+02	1.5468573e+16	3.2230895e-04
3.8808837e+06	1.5091625e+02	1.5314658e+16	3.1910192e-04
3.8852035e+06	1.5091625e+02	1.5162275e+16	3.1592681e-04
3.8895234e+06	1.5091625e+02	1.5011408e+16	3.1278328e-04
3.8938432e+06	1.5091625e+02	1.4862042e+16	3.0967104e-04
3.8981630e+06	1.5091625e+02	1.4714162e+16	3.0658976e-04
3.9024828e+06	1.5091625e+02	1.4567754e+16	3.0353914e-04
3.9068026e+06	1.5091625e+02	1.4422802e+16	3.0051887e-04
3.9111224e+06	1.5091625e+02	1.4279293e+16	2.9752866e-04
3.9154423e+06	1.5091625e+02	1.4137211e+16	2.9456820e-04
3.9197621e+06	1.5091625e+02	1.3996544e+16	2.9163720e-04
3.9240819e+06	1.5091625e+02	1.3857276e+16	2.8873536e-04
3.9284017e+06	1.5091625e+02	1.3719394e+16	2.8586240e-04
3.9327215e+06	1.5091625e+02	1.3582883e+16	2.8301802e-04
3.9370413e+06	1.5091625e+02	1.3447731e+16	2.8020194e-04
3.9413612e+06	1.5091625e+02	1.3313924e+16	2.7741388e-04
3.9456810e+06	1.5091625e+02	1.3181449e+16	2.7465357e-04
3.9500008e+06	1.5091625e+02	1.3050291e+16	2.7192072e-04
3.9543206e+06	1.5091625e+02	1.2920438e+16	2.6921507e-04
3.9586404e+06	1.5091625e+02	1.2791878e+16	2.6653633e-04
3.9629602e+06	1.5091625e+02	1.2664597e+16	2.6388425e-04
3.9672801e+06	1.5091625e+02	1.2538582e+16	2.6125856e-04
3.9715999e+06	1.5091625e+02	1.2413821e+16	2.5865899e-04
3.9759197e+06	1.5091625e+02	1.2290301e+16	2.5608529e-04
3.9802395e+06	1.5091625e+02	1.2168011e+16	2.5353720e-04
3.9845593e+06	1.5091625e+02	1.2046937e+16	2.5101446e-04
3.9888791e+06	1.5091625e+02	1.1927068e+16	2.4851683e-04
3.9931990e+06	1.5091625e+02	1.1808392e+16	2.4604404e-04
3.9975188e+06	1.5091625e+02	1.1690896e+16	2.4359586e-04
4.0018386e+06	1.5091625e+02	1.1574570e+16	2.4117205e-04
4.0061584e+06	1.5091625e+02	1.1459401e+16	2.3877234e-04
4.0104782e+06	1.5091625e+02	1.1345378e+16	2.3639652e-04
4.0147980e+06	1.5091625e+02	1.1232490e+16	2.3404433e-04
4.0191179e+06	1.5091625e+02	1.1120724e+16	2.3171555e-04
4.0234377e+06	1.5091625e+02	1.1010071e+16	2.2940995e-04
4.0277575e+06	1.5091625e+02	1.0900519e+16	2.2712728e-04
4.0320773e+06	1.5091625e+02	1.0792057e+16	2.2486732e-04
4.0363971e+06	1.5091625e+02	1.0684675e+16	2.2262986e-04
4.0407170e+06	1.5091625e+02	1.0578360e+16	2.2041465e-04
4.0450368e+06	1.5091625e+02	1.0473104e+16	2.1822149e-04
4.0493566e+06	1.5091625e+02	1.0368895e+16	2.1605015e-04
4.0536764e+06	1.5091625e+02	1.0265722e+16	2.1390042e-04
4.0579962e+06	1.5091625e+02	1.0163577e+16	2.1177207e-04
4.0623160e+06	1.5091625e+02	1.0062448e+16	2.0966490e-04
4.0666359e+06	1.5091625e+02	9.9623245e+15	2.0757870e-04
4.0709557e+06	1.5091625e+02	9.8631977e+15	2.0551326e-04
4.0752755e+06	1.5091625e+02	9.7650573e+15	2.0346837e-04
4.0795953e+06	1.5091625e+02	9.6678933e+15	2.0144383e-04
4.0839151e+06	1.5091625e+02	9.5716962e+15	1.9943943e-04
4.0882349e+06	1.5091625e+02	9.4764562e+15	1.9745497e-04
4.0925548e+06	1.5091625e+02	9.3821639e+15	1.9549026e-04
4.0968746e+06	1.5091625e+02	9.2888098e+15	1.9354510e-04
4.1011944e+06	1.5091625e+02	9.1963846e+15	1.9161929e-04
4.1055142e+06	1.5091625e+02	9.1048790e+15	1.8971265e-04
4.1098340e+06	1.5091625e+02	9.0142840e+15	1.8782498e-04
4.1141538e+06	1.5091625e+02	8.9245903e+15	1.8595609e-04
4.1184737e+06	1.5091625e+02	8.8357892e+15	1.8410579e-04
4.1227935e+06	1.5091625e+02	8.7478716e+15	1.8227391e-04
4.1271133e+06	1.5091625e+02	8.6608288e+15	1.8046026e-04
4.1314331e+06	1.5091625e+02	8.5746522e+15	1.7866465e-04
4.1357529e+06	1.5091625e+02	8.4893329e+15	1.7688690e-04
4.1400727e+06	1.5091625e+02	8.4048627e+15	1.7512685e-04
4.1443926e+06	1.5091625e+02	8.3212329e+15	1.7338431e-04
4.1487124e+06	1.5091625e+02	8.2384352e+15	1.7165910e-04
4.1530322e+06	1.5091625e+02	8.1564614e+15	1.6995107e-04
4.1573520e+06	1.5091625e+02	8.0753033e+15	1.6826003e-04
4.1616718e+06	1.5091625e+02	7.9949527e+15	1.6658581e-04
4.1659916e+06	1.5091625e+02	7.9154016e+15	1.6492825e-04
4.1703115e+06	1.5091625e+02	7.8366420e+15	1.6328719e-04
4.1746313e+06	1.5091625e+02	7.7586661e+15	1.6166246e-04
4.1789511e+06	1.5091625e+02	7.6814661e+15	1.6005389e-04
4.1832709e+06	1.5091625e+02	7.6050342e+15	1.5846133e-04
4.1875907e+06	1.5091625e+02	7.5293629e+15	1.5688461e-04
4.1919105e+06	1.5091625e+02	7.4544445e+15	1.5532358e-04
4.1962304e+06	1.5091625e+02	7.3802715e+15	1.5377809e-04
4.2005502e+06	1.5091625e+02	7.3068366e+15	1.5224797e-04
4.2048700e+06	1.5091625e+02	7.2341323e+15	1.5073308e-04
4.2091898e+06	1.5091625e+02	7.1621515e+15	1.4923326e-04
4.2135096e+06	1.5091625e+02	7.0908869e+15	1.4774836e-04
4.2178294e+06	1.5091625e+02	7.0203314e+15	1.4627824e-04
4.2221493e+06	1.5091625e+02	6.9504780e+15	1.4482275e-04
4.2264691e+06	1.5091625e+02	6.8813195e+15	1.4338174e-04
4.2307889e+06	1.5091625e+02	6.8128493e+15	1.4195506e-04
4.2351087e+06	1.5091625e+02	6.7450603e+15	1.4054259e-04
4.2394285e+06	1.5091625e+02	6.6779458e+15	1.3914417e-04
4.2437484e+06	1.5091625e+02	6.6114991e+15	1.3775966e-04
4.2480682e+06	1.5091625e+02	6.5457136e+15	1.3638893e-04
4.2523880e+06	1.5091625e+02	6.4805827e+15	1.3503183e-04
4.2567078e+06	1.5091625e+02	6.4160998e+15	1.3368825e-04
4.2610276e+06	1.5091625e+02	6.3522586e+15	1.3235802e-04
4.2653474e+06	1.5091625e+02	6.2890525e+15	1.3104104e-04
4.2696673e+06	1.5091625e+02	6.2264754e+15	1.2973716e-04
4.2739871e+06	1.5091625e+02	6.1645209e+15	1.2844625e-04
4.2783069e+06	1.5091625e+02	6.1031829e+15	1.2716819e-04
4.2826267e+06	1.5091625e+02	6.0424552e+15	1.2590285e-04
4.2869465e+06	1.5091625e+02	5.9823318e+15	1.2465009e-04
4.2912663e+06	1.5091625e+02	5.9228066e+15	1.2340980e-04
4.2955862e+06	1.5091625e+02	5.8638737e+15	1.2218186e-04
4.2999060e+06	1.5091625e+02	5.8055272e+15	1.2096613e-04
4.3042258e+06	1.5091625e+02	5.7477612e+15	1.1976249e-04
4.3085456e+06	1.5091625e+02	5.6905700e+15	1.1857084e-04
4.3128654e+06	1.5091625e+02	5.6339479e+15	1.1739104e-04
4.3171852e+06	1.5091625e+02	5.5778892e+15	1.1622298e-04
4.3215051e+06	1.5091625e+02	5.5223883e+15	1.1506654e-04
4.3258249e+06	1.5091625e+02	5.4674396e+15	1.1392161e-04
4.3301447e+06	1.5091625e+02	5.4130377e+15	1.1278807e-04
4.3344645e+06	1.5091625e+02	5.3591770e+15	1.1166581e-04
4.3387843e+06	1.5091625e+02	5.3058523e+15	1.1055472e-04
4.3431041e+06	1.5091625e+02	5.2530582e+15	1.0945468e-04
4.3474240e+06	1.5091625e+02	5.2007894e+15	1.0836559e-04
4.3517438e+06	1.5091625e+02	5.1490407e+15	1.0728733e-04
4.3560636e+06	1.5091625e+02	5.0978069e+15	1.0621980e-04
4.3603834e+06	1.5091625e+02	5.0470829e+15	1.0516290e-04
4.3647032e+06	1.5091625e+02	4.9968636e+15	1.0411651e-04
4.3690230e+06	1.5091625e+02	4.9471439e+15	1.0308053e-04
4.3733429e+06	1.5091625e+02	4.8979190e+15	1.0205486e-04
4.3776627e+06	1.5091625e+02	4.8491839e+15	1.0103940e-04
4.3819825e+06	1.5091625e+02	4.8009337e+15	1.0003404e-04
4.3863023e+06	1.5091625e+02	4.7531636e+15	9.9038688e-05
4.3906221e+06	1.5091625e+02	4.7058689e+15	9.8053236e-05
4.3949419e+06	1.5091625e+02	4.6590447e+15	9.7077590e-05
4.3992618e+06	1.5091625e+02	4.6126864e+15	9.6111652e-05
4.4035816e+06	1.5091625e+02	4.5667894e+15	9.5155325e-05
4.4079014e+06	1.5091625e+02	4.5213491e+15	9.4208514e-05
4.4122212e+06	1.5091625e+02	4.4763609e+15	9.3271124e-05
4.4165410e+06	1.5091625e+02	4.4318204e+15	9.2343060e-05
4.4208609e+06	1.5091625e+02	4.3877231e+15	9.1424232e-05
4.4251807e+06	1.5091625e+02	4.3440645e+15	9.0514545e-05
4.4295005e+06	1.5091625e+02	4.3008403e+15	8.9613911e-05
4.4338203e+06	1.5091625e+02	4.2580462e+15	8.8722237e-05
4.4381401e+06	1.5091625e+02	4.2156780e+15	8.7839436e-05
4.4424599e+06	1.5091625e+02	4.1737313e+15	8.6965419e-05
4.4467798e+06	1.5091625e+02	4.1322020e+15	8.6100099e-05
4.4510996e+06	1.5091625e+02	4.0910859e+15	8.5243389e-05
4.4554194e+06	1.5091625e+02	4.0503789e+15	8.4395203e-05
4.4597392e+06	1.5091625e+02	4.0100769e+15	8.3555456e-05
4.4640590e+06	1.5091625e+02	3.9701760e+15	8.2724066e-05
4.4683788e+06	1.5091625e+02	3.9306721e+15	8.1900948e-05
4.4726987e+06	1.5091625e+02	3.8915613e+15	8.1086019e-05
4.4770185e+06	1.5091625e+02	3.8528396e+15	8.0279200e-05
4.4813383e+06	1.5091625e+02	3.8145032e+15	7.9480409e-05
4.4856581e+06	1.5091625e+02	3.7765482e+15	7.8689565e-05
4.4899779e+06	1.5091625e+02	3.7389710e+15	7.7906591e-05
4.4942977e+06	1.5091625e+02	3.7017676e+15	7.7131408e-05
4.4986176e+06	1.5091625e+02	3.6649344e+15	7.6363937e-05
4.5029374e+06	1.5091625e+02	3.6284677e+15	7.5604103e-05
4.5072572e+06	1.5091625e+02	3.5923638e+15	7.4851830e-05
4.5115770e+06	1.5091625e+02	3.5566192e+15	7.4107042e-05
4.5158968e+06	1.5091625e+02	3.5212302e+15	7.3369664e-05
4.5202166e+06	1.5091625e+02	3.4861934e+15	7.2639624e-05
4.5245365e+06	1.5091625e+02	3.4515052e+15	7.1916848e-05
4.5288563e+06	1.5091625e+02	3.4171622e+15	7.1201263e-05
4.5331761e+06	1.5091625e+02	3.3831608e+15	7.0492799e-05
4.5374959e+06	1.5091625e+02	3.3494978e+15	6.9791384e-05
4.5418157e+06	1.5091625e+02	3.3161698e+15	6.9096948e-05
4.5461355e+06	1.5091625e+02	3.2831733e+15	6.8409422e-05
4.5504554e+06	1.5091625e+02	3.2505052e+15	6.7728737e-05
4.5547752e+06	1.5091625e+02	3.2181621e+15	6.7054824e-05
4.5590950e+06	1.5091625e+02	3.1861409e+15	6.6387618e-05
4.5634148e+06	1.5091625e+02	3.1544382e+15	6.5727050e-05
4.5677346e+06	1.5091625e+02	3.1230511e+15	6.5073055e-05
4.5720544e+06	1.5091625e+02	3.0919762e+15	6.4425567e-05
4.5763743e+06	1.5091625e+02	3.0612105e+15	6.3784522e-05
4.5806941e+06	1.5091625e+02	3.0307510e+15	6.3149855e-05
4.5850139e+06	1.5091625e+02	3.0005945e+15	6.2521504e-05
4.5893337e+06	1.5091625e+02	2.9707381e+15	6.1899405e-05
4.5936535e+06	1.5091625e+02	2.9411787e+15	6.1283495e-05
4.5979734e+06	1.5091625e+02	2.9119135e+15	6.0673714e-05
4.6022932e+06	1.5091625e+02	2.8829395e+15	6.0070001e-05
4.6066130e+06	1.5091625e+02	2.8542538e+15	5.9472294e-05
4.6109328e+06	1.5091625e+02	2.8258535e+15	5.8880535e-05
4.6152526e+06	1.5091625e+02	2.7977357e+15	5.8294664e-05
4.6195724e+06	1.5091625e+02	2.7698978e+15	5.7714622e-05
4.6238923e+06	1.5091625e+02	2.7423369e+15	5.7140352e-05
4.6282121e+06	1.5091625e+02	2.7150502e+15	5.6571796e-05
4.6325319e+06	1.5091625e+02	2.6880350e+15	5.6008897e-05
4.6368517e+06	1.5091625e+02	2.6612886e+15	5.5451600e-05
4.6411715e+06	1.5091625e+02	2.6348083e+15	5.4899847e-05
4.6454913e+06	1.5091625e+02	2.6085915e+15	5.4353584e-05
4.6498112e+06	1.5091625e+02	2.5826356e+15	5.3812757e-05
4.6541310e+06	1.5091625e+02	2.5569379e+15	5.3277311e-05
4.6584508e+06	1.5091625e+02	2.5314960e+15	5.2747193e-05
4.6627706e+06	1.5091625e+02	2.5063072e+15	5.2222350e-05
4.6670904e+06	1.5091625e+02	2.4813690e+15	5.1702729e-05
4.6714102e+06	1.5091625e+02	2.4566790e+15	5.1188278e-05
4.6757301e+06	1.5091625e+02	2.4322346e+15	5.0678946e-05
4.6800499e+06	1.5091625e+02	2.4080335e+15	5.0174682e-05
4.6843697e+06	1.5091625e+02	2.3840731e+15	4.9675436e-05
4.6886895e+06	1.5091625e+02	2.3603512e+15	4.9181157e-05
4.6930093e+06	1.5091625e+02	2.3368653e+15	4.8691796e-05
4.6973291e+06	1.5091625e+02	2.3136131e+15	4.8207305e-05
4.7016490e+06	1.5091625e+02	2.2905923e+15	4.7727634e-05
4.7059688e+06	1.5091625e+02	2.2678005e+15	4.7252736e-05
4.7102886e+06	1.5091625e+02	2.2452355e+15	4.6782564e-05
4.7146084e+06	1.5091625e+02	2.2228951e+15	4.6317069e-05
4.7189282e+06	1.5091625e+02	2.2007769e+15	4.5856207e-05
4.7232480e+06	1.5091625e+02	2.1788788e+15	4.5399930e-05
4.7275679e+06	1.5091625e+02	2.1571986e+15	4.4948193e-05
4.7318877e+06	1.5091625e+02	2.1357341e+15	4.4500951e-05
4.7362075e+06	1.5091625e+02	2.1144832e+15	4.4058159e-05
4.7405273e+06	1.5091625e+02	2.0934437e+15	4.3619773e-05
4.7448471e+06	1.5091625e+02	2.0726136e+15	4.3185749e-05
4.7491669e+06	1.5091625e+02	2.0519908e+15	4.2756044e-05
4.7534868e+06	1.5091625e+02	2.0315731e+15	4.2330614e-05
4.7578066e+06	1.5091625e+02	2.0113586e+15	4.1909417e-05
4.7621264e+06	1.5091625e+02	1.9913453e+15	4.1492412e-05
4.7664462e+06	1.5091625e+02	1.9715311e+15	4.1079555e-05
4.7707660e+06	1.5091625e+02	1.9519140e+15	4.0670807e-05
4.7750858e+06	1.5091625e+02	1.9324921e+15	4.0266126e-05
4.7794057e+06	1.5091625e+02	1.9132635e+15	3.9865471e-05
4.7837255e+06	1.5091625e+02	1.8942262e+15	3.9468803e-05
4.7880453e+06	1.5091625e+02	1.8753784e+15	3.9076082e-05
4.7923651e+06	1.5091625e+02	1.8567180e+15	3.8687268e-05
4.7966849e+06	1.5091625e+02	1.8382434e+15	3.8302323e-05
4.8010048e+06	1.5091625e+02	1.8199525e+15	3.7921209e-05
4.8053246e+06	1.5091625e+02	1.8018437e+15	3.7543887e-05
4.8096444e+06	1.5091625e+02	1.7839151e+15	3.7170319e-05
4.8139642e+06	1.5091625e+02	1.7661648e+15	3.6800468e-05
4.8182840e+06	1.5091625e+02	1.7485912e+15	3.6434297e-05
4.8226038e+06	1.5091625e+02	1.7311924e+15	3.6071770e-05
4.8269237e+06	1.5091625e+02	1.7139668e+15	3.5712850e-05
4.8312435e+06	1.5091625e+02	1.6969125e+15	3.5357501e-05
4.8355633e+06	1.5091625e+02	1.6800279e+15	3.5005688e-05
4.8398831e+06	1.5091625e+02	1.6633114e+15	3.4657375e-05
4.8442029e+06	1.5091625e+02	1.6467612e+15	3.4312529e-05
4.8485227e+06	1.5091625e+02	1.6303756e+15	3.3971113e-05
4.8528426e+06	1.5091625e+02	1.6141531e+15	3.3633095e-05
4.8571624e+06	1.5091625e+02	1.5980920e+15	3.3298440e-05
4.8614822e+06	1.5091625e+02	1.5821907e+15	3.2967115e-05
4.8658020e+06	1.5091625e+02	1.5664477e+15	3.2639087e-05
4.8701218e+06	1.5091625e+02	1.5508613e+15	3.2314323e-05
4.8744416e+06	1.5091625e+02	1.5354299e+15	3.1992790e-05
4.8787615e+06	1.5091625e+02	1.5201521e+15	3.1674456e-05
4.8830813e+06	1.5091625e+02	1.5050264e+15	3.1359290e-05
4.8874011e+06	1.5091625e+02	1.4900511e+15	3.1047260e-05
4.8917209e+06	1.5091625e+02	1.4752249e+15	3.0738335e-05
4.8960407e+06	1.5091625e+02	1.4605461e+15	3.0432483e-05
4.9003605e+06	1.5091625e+02	1.4460135e+15	3.0129675e-05
4.9046804e+06	1.5091625e+02	1.4316254e+15	2.9829880e-05
4.9090002e+06	1.5091625e+02	1.4173805e+15	2.9533067e-05
4.9133200e+06	1.5091625e+02	1.4032773e+15	2.9239208e-05
4.9176398e+06	1.5091625e+02	1.3893145e+15	2.8948273e-05
4.9219596e+06	1.5091625e+02	1.3754905e+15	2.8660233e-05
4.9262794e+06	1.5091625e+02	1.3618042e+15	2.8375059e-05
4.9305993e+06	1.5091625e+02	1.3482540e+15	2.8092723e-05
4.9349191e+06	1.5091625e+02	1.3348387e+15	2.7813195e-05
4.9392389e+06	1.5091625e+02	1.3215568e+15	2.7536449e-05
4.9435587e+06	1.5091625e+02	1.3084071e+15	2.7262457e-05
4.9478785e+06	1.5091625e+02	1.2953882e+15	2.6991191e-05
4.9521983e+06	1.5091625e+02	1.2824989e+15	2.6722624e-05
4.9565182e+06	1.5091625e+02	1.2697378e+15	2.6456730e-05
4.9608380e+06	1.5091625e+02	1.2571037e+15	2.6193481e-05
4.9651578e+06	1.5091625e+02	1.2445953e+15	2.5932851e-05
4.9694776e+06	1.5091625e+02	1.2322114e+15	2.5674815e-05
4.9737974e+06	1.5091625e+02	1.2199507e+15	2.5419347e-05
4.9781173e+06	1.5091625e+02	1.2078120e+15	2.5166420e-05
4.9824371e+06	1.5091625e+02	1.1957940e+15	2.4916010e-05
4.9867569e+06	1.5091625e+02	1.1838957e+15	2.4668091e-05
4.9910767e+06	1.5091625e+02	1.1721157e+15	2.4422640e-05
4.9953965e+06	1.5091625e+02	1.1604530e+15	2.4179630e-05
4.9997163e+06	1.5091625e+02	1.1489063e+15	2.3939039e-05
5.0040362e+06	1.5091625e+02	1.1374745e+15	2.3700842e-05
5.0083560e+06	1.5091625e+02	1.1261564e+15	2.3465014e-05
5.0126758e+06	1.5091625e+02	1.1149510e+15	2.3231534e-05
5.0169956e+06	1.5091625e+02	1.1038570e+15	2.3000376e-05
5.0213154e+06	1.5091625e+02	1.0928735e+15	2.2771518e-05
5.0256352e+06	1.5091625e+02	1.0819992e+15	2.2544938e-05
5.0299551e+06	1.5091625e+02	1.0712331e+15	2.2320612e-05
5.0342749e+06	1.5091625e+02	1.0605742e+15	2.2098518e-05
5.0385947e+06	1.5091625e+02	1.0500213e+15	2.1878634e-05
5.0429145e+06	1.5091625e+02	1.0395734e+15	2.1660938e-05
5.0472343e+06	1.5091625e+02	1.0292295e+15	2.1445408e-05
5.0515541e+06	1.5091625e+02	1.0189885e+15	2.1232023e-05
5.0558740e+06	1.5091625e+02	1.0088494e+15	2.1020761e-05
5.0601938e+06	1.5091625e+02	9.9881113e+14	2.0811601e-05
5.0645136e+06	1.5091625e+02	9.8887280e+14	2.0604522e-05
5.0688334e+06	1.5091625e+02	9.7903335e+14	2.0399503e-05
5.0731532e+06	1.5091625e+02	9.6929180e+14	2.0196525e-05
5.0774730e+06	1.5091625e+02	9.5964719e+14	1.9995566e-05
5.0817929e+06	1.5091625e+02	9.5009854e+14	1.9796607e-05
5.0861127e+06	1.5091625e+02	9.4064490e+14	1.9599627e-05
5.0904325e+06	1.5091625e+02	9.3128533e+14	1.9404608e-05
5.0947523e+06	1.5091625e+02	9.2201889e+14	1.9211529e-05
5.0990721e+06	1.5091625e+02	9.1284464e+14	1.9020371e-05
5.1033919e+06	1.5091625e+02	9.0376169e+14	1.8831115e-05
5.1077118e+06	1.5091625e+02	8.9476911e+14	1.8643742e-05
5.1120316e+06	1.5091625e+02	8.8586601e+14	1.8458234e-05
5.1163514e+06	1.5091625e+02	8.7705149e+14	1.8274572e-05
5.1206712e+06	1.5091625e+02	8.6832469e+14	1.8092737e-05
5.1249910e+06	1.5091625e+02	8.5968471e+14	1.7912711e-05
5.1293108e+06	1.5091625e+02	8.5113070e+14	1.7734476e-05
5.1336307e+06	1.5091625e+02	8.4266181e+14	1.7558015e-05
5.1379505e+06	1.5091625e+02	8.3427719e+14	1.7383310e-05
5.1422703e+06	1.5091625e+02	8.2597599e+14	1.7210343e-05
5.1465901e+06	1.5091625e+02	8.1775739e+14	1.7039098e-05
5.1509099e+06	1.5091625e+02	8.0962057e+14	1.6869556e-05
5.1552297e+06	1.5091625e+02	8.0156471e+14	1.6701701e-05
5.1595496e+06	1.5091625e+02	7.9358901e+14	1.6535516e-05
5.1638694e+06	1.5091625e+02	7.8569267e+14	1.6370985e-05
5.1681892e+06	1.5091625e+02	7.7787489e+14	1.6208091e-05
5.1725090e+06	1.5091625e+02	7.7013491e+14	1.6046818e-05
5.1768288e+06	1.5091625e+02	7.6247194e+14	1.5887149e-05
5.1811487e+06	1.5091625e+02	7.5488522e+14	1.5729069e-05
5.1854685e+06	1.5091625e+02	7.4737398e+14	1.5572563e-05
5.1897883e+06	1.5091625e+02	7.3993749e+14	1.5417613e-05
5.1941081e+06	1.5091625e+02	7.3257499e+14	1.5264205e-05
5.1984279e+06	1.5091625e+02	7.2528574e+14	1.5112324e-05
5.2027477e+06	1.5091625e+02	7.1806903e+14	1.4961954e-05
5.2070676e+06	1.5091625e+02	7.1092412e+14	1.4813080e-05
5.2113874e+06	1.5091625e+02	7.0385031e+14	1.4665687e-05
5.2157072e+06	1.5091625e+02	6.9684688e+14	1.4519761e-05
5.2200270e+06	1.5091625e+02	6.8991314e+14	1.4375287e-05
5.2243468e+06	1.5091625e+02	6.8304839e+14	1.4232251e-05
5.2286666e+06	1.5091625e+02	6.7625194e+14	1.4090637e-05
5.2329865e+06	1.5091625e+02	6.6952313e+14	1.3950433e-05
5.2373063e+06	1.5091625e+02	6.6286126e+14	1.3811624e-05
5.2416261e+06	1.5091625e+02	6.5626568e+14	1.3674196e-05
5.2459459e+06	1.5091625e+02	6.4973573e+14	1.3538136e-05
5.2502657e+06	1.5091625e+02	6.4327075e+14	1.3403429e-05
5.2545855e+06	1.5091625e+02	6.3687010e+14	1.3270063e-05
5.2589054e+06	1.5091625e+02	6.3053313e+14	1.3138023e-05
5.2632252e+06	1.5091625e+02	6.2425922e+14	1.3007298e-05
5.2675450e+06	1.5091625e+02	6.1804774e+14	1.2877873e-05
5.2718648e+06	1.5091625e+02	6.1189806e+14	1.2749736e-05
5.2761846e+06	1.5091625e+02	6.0580958e+14	1.2622874e-05
5.2805044e+06	1.5091625e+02	5.9978167e+14	1.2497274e-05
5.2848243e+06	1.5091625e+02	5.9381374e+14	1.2372924e-05
5.2891441e+06	1.5091625e+02	5.8790520e+14	1.2249812e-05
5.2934639e+06	1.5091625e+02	5.8205544e+14	1.2127924e-05
5.2977837e+06	1.5091625e+02	5.7626389e+14	1.2007249e-05
5.3021035e+06	1.5091625e+02	5.7052997e+14	1.1887775e-05
5.3064233e+06	1.5091625e+02	5.6485310e+14	1.1769490e-05
5.3107432e+06	1.5091625e+02	5.5923272e+14	1.1652381e-05
5.3150630e+06	1.5091625e+02	5.5366826e+14	1.1536438e-05
5.3193828e+06	1.5091625e+02	5.4815917e+14	1.1421649e-05
5.3237026e+06	1.5091625e+02	5.4270490e+14	1.1308001e-05
5.3280224e+06	1.5091625e+02	5.3730489e+14	1.1195485e-05
5.3323422e+06	1.5091625e+02	5.3195862e+14	1.1084088e-05
5.3366621e+06	1.5091625e+02	5.2666554e+14	1.0973799e-05
5.3409819e+06	1.5091625e+02	5.2142513e+14	1.0864608e-05
5.3453017e+06	1.5091625e+02	5.1623687e+14	1.0756504e-05
5.3496215e+06	1.5091625e+02	5.1110023e+14	1.0649475e-05
5.3539413e+06	1.5091625e+02	5.0601469e+14	1.0543511e-05
5.3582612e+06	1.5091625e+02	5.0097976e+14	1.0438601e-05
5.3625810e+06	1.5091625e+02	4.9599493e+14	1.0334735e-05
5.3669008e+06	1.5091625e+02	4.9105970e+14	1.0231903e-05
5.3712206e+06	1.5091625e+02	4.8617357e+14	1.0130094e-05
5.3755404e+06	1.5091625e+02	4.8133607e+14	1.0029298e-05
5.3798602e+06	1.5091625e+02	4.7654669e+14	9.9295043e-06
5.3841801e+06	1.5091625e+02	4.7180497e+14	9.8307041e-06
5.3884999e+06	1.5091625e+02	4.6711043e+14	9.7328870e-06
5.3928197e+06	1.5091625e+02	4.6246261e+14	9.6360431e-06
5.3971395e+06	1.5091625e+02	4.5786103e+14	9.5401629e-06
5.4014593e+06	1.5091625e+02	4.5330523e+14	9.4452367e-06
5.4057791e+06	1.5091625e+02	4.4879477e+14	9.3512550e-06
5.4100990e+06	1.5091625e+02	4.4432919e+14	9.2582085e-06
5.4144188e+06	1.5091625e+02	4.3990804e+14	9.1660878e-06
5.4187386e+06	1.5091625e+02	4.3553088e+14	9.0748837e-06
5.4230584e+06	1.5091625e+02	4.3119728e+14	8.9845871e-06
5.4273782e+06	1.5091625e+02	4.2690679e+14	8.8951889e-06
5.4316980e+06	1.5091625e+02	4.2265900e+14	8.8066803e-06
5.4360179e+06	1.5091625e+02	4.1845347e+14	8.7190524e-06
5.4403377e+06	1.5091625e+02	4.1428979e+14	8.6322964e-06
5.4446575e+06	1.5091625e+02	4.1016754e+14	8.5464036e-06
5.4489773e+06	1.5091625e+02	4.0608630e+14	8.4613654e-06
5.4532971e+06	1.5091625e+02	4.0204568e+14	8.3771734e-06
5.4576169e+06	1.5091625e+02	3.9804526e+14	8.2938192e-06
5.4619368e+06	1.5091625e+02	3.9408464e+14	8.2112943e-06
5.4662566e+06	1.5091625e+02	3.9016343e+14	8.1295906e-06
5.4705764e+06	1.5091625e+02	3.8628124e+14	8.0486998e-06
5.4748962e+06	1.5091625e+02	3.8243768e+14	7.9686139e-06
5.4792160e+06	1.5091625e+02	3.7863236e+14	7.8893248e-06
5.4835358e+06	1.5091625e+02	3.7486490e+14	7.8108247e-06
5.4878557e+06	1.5091625e+02	3.7113494e+14	7.7331057e-06
5.4921755e+06	1.5091625e+02	3.6744208e+14	7.6561601e-06
5.4964953e+06	1.5091625e+02	3.6378597e+14	7.5799800e-06
5.5008151e+06	1.5091625e+02	3.6016624e+14	7.5045579e-06
5.5051349e+06	1.5091625e+02	3.5658253e+14	7.4298863e-06
5.5094547e+06	1.5091625e+02	3.5303447e+14	7.3559577e-06
5.5137746e+06	1.5091625e+02	3.4952172e+14	7.2827647e-06
5.5180944e+06	1.5091625e+02	3.4604392e+14	7.2103000e-06
5.5224142e+06	1.5091625e+02	3.4260073e+14	7.1385563e-06
5.5267340e+06	1.5091625e+02	3.3919179e+14	7.0675265e-06
5.5310538e+06	1.5091625e+02	3.3581678e+14	6.9972034e-06
5.5353737e+06	1.5091625e+02	3.3247534e+14	6.9275801e-06
5.5396935e+06	1.5091625e+02	3.2916716e+14	6.8586495e-06
5.5440133e+06	1.5091625e+02	3.2589189e+14	6.7904048e-06
5.5483331e+06	1.5091625e+02	3.2264921e+14	6.7228392e-06
5.5526529e+06	1.5091625e+02	3.1943880e+14	6.6559458e-06
5.5569727e+06	1.5091625e+02	3.1626033e+14	6.5897180e-06
5.5612926e+06	1.5091625e+02	3.1311349e+14	6.5241492e-06
5.5656124e+06	1.5091625e+02	3.0999796e+14	6.4592329e-06
5.5699322e+06	1.5091625e+02	3.0691343e+14	6.3949624e-06
5.5742520e+06	1.5091625e+02	3.0385959e+14	6.3313315e-06
5.5785718e+06	1.5091625e+02	3.0083613e+14	6.2683337e-06
5.5828916e+06	1.5091625e+02	2.9784276e+14	6.2059627e-06
5.5872115e+06	1.5091625e+02	2.9487918e+14	6.1442124e-06
5.5915313e+06	1.5091625e+02	2.9194508e+14	6.0830764e-06
5.5958511e+06	1.5091625e+02	2.8904018e+14	6.0225488e-06
5.6001709e+06	1.5091625e+02	2.8616418e+14	5.9626234e-06
5.6044907e+06	1.5091625e+02	2.8331680e+14	5.9032944e-06
5.6088105e+06	1.5091625e+02	2.8049775e+14	5.8445556e-06
5.6131304e+06	1.5091625e+02	2.7770675e+14	5.7864013e-06
5.6174502e+06	1.5091625e+02	2.7494352e+14	5.7288256e-06
5.6217700e+06	1.5091625e+02	2.7220779e+14	5.6718229e-06
5.6260898e+06	1.5091625e+02	2.6949928e+14	5.6153873e-06
5.6304096e+06	1.5091625e+02	2.6681771e+14	5.5595133e-06
5.6347294e+06	1.5091625e+02	2.6416283e+14	5.5041952e-06
5.6390493e+06	1.5091625e+02	2.6153437e+14	5.4494275e-06
5.6433691e+06	1.5091625e+02	2.5893206e+14	5.3952048e-06
5.6476889e+06	1.5091625e+02	2.5635564e+14	5.3415216e-06
5.6520087e+06	1.5091625e+02	2.5380486e+14	5.2883726e-06
5.6563285e+06	1.5091625e+02	2.5127946e+14	5.2357524e-06
5.6606483e+06	1.5091625e+02	2.4877919e+14	5.1836558e-06
5.6649682e+06	1.5091625e+02	2.4630379e+14	5.1320776e-06
5.6692880e+06	1.5091625e+02	2.4385303e+14	5.0810125e-06
5.6736078e+06	1.5091625e+02	2.4142665e+14	5.0304556e-06
5.6779276e+06	1.5091625e+02	2.3902442e+14	4.9804017e-06
5.6822474e+06	1.5091625e+02	2.3664608e+14	4.9308459e-06
5.6865672e+06	1.5091625e+02	2.3429142e+14	4.8817832e-06
5.6908871e+06	1.5091625e+02	2.3196018e+14	4.8332086e-06
5.6952069e+06	1.5091625e+02	2.2965213e+14	4.7851174e-06
5.6995267e+06	1.5091625e+02	2.2736706e+14	4.7375047e-06
5.7038465e+06	1.5091625e+02	2.2510472e+14	4.6903657e-06
5.7081663e+06	1.5091625e+02	2.2286489e+14	4.6436958e-06
5.7124861e+06	1.5091625e+02	2.2064735e+14	4.5974903e-06
5.7168060e+06	1.5091625e+02	2.1845187e+14	4.5517445e-06
5.7211258e+06	1.5091625e+02	2.1627824e+14	4.5064539e-06
5.7254456e+06	1.5091625e+02	2.1412623e+14	4.4616139e-06
5.7297654e+06	1.5091625e+02	2.1199564e+14	4.4172201e-06
5.7340852e+06	1.5091625e+02	2.0988625e+14	4.3732680e-06
5.7384051e+06	1.5091625e+02	2.0779784e+14	4.3297533e-06
5.7427249e+06	1.5091625e+02	2.0573022e+14	4.2866715e-06
5.7470447e+06	1.5091625e+02	2.0368317e+14	4.2440184e-06
5.7513645e+06	1.5091625e+02	2.0165649e+14	4.2017897e-06
5.7556843e+06	1.5091625e+02	1.9964997e+14	4.1599812e-06
5.7600041e+06	1.5091625e+02	1.9766342e+14	4.1185887e-06
5.7643240e+06	1.5091625e+02	1.9569664e+14	4.0776081e-06
5.7686438e+06	1.5091625e+02	1.9374943e+14	4.0370352e-06
5.7729636e+06	1.5091625e+02	1.9182159e+14	3.9968660e-06
5.7772834e+06	1.5091625e+02	1.8991293e+14	3.9570965e-06
5.7816032e+06	1.5091625e+02	1.8802327e+14	3.9177228e-06
5.7859230e+06	1.5091625e+02	1.8615240e+14	3.8787408e-06
5.7902429e+06	1.5091625e+02	1.8430016e+14	3.8401467e-06
5.7945627e+06	1.5091625e+02	1.8246634e+14	3.8019366e-06
5.7988825e+06	1.5091625e+02	1.8065077e+14	3.7641067e-06
5.8032023e+06	1.5091625e+02	1.7885326e+14	3.7266532e-06
5.8075221e+06	1.5091625e+02	1.7707364e+14	3.6895724e-06
5.8118419e+06	1.5091625e+02	1.7531173e+14	3.6528605e-06
5.8161618e+06	1.5091625e+02	1.7356735e+14	3.6165139e-06
5.8204816e+06	1.5091625e+02	1.7184033e+14	3.5805290e-06
5.8248014e+06	1.5091625e+02	1.7013049e+14	3.5449022e-06
5.8291212e+06	1.5091625e+02	1.6843766e+14	3.5096298e-06
5.8334410e+06	1.5091625e+02	1.6676168e+14	3.4747084e-06
5.8377608e+06	1.5091625e+02	1.6510237e+14	3.4401345e-06
5.8420807e+06	1.5091625e+02	1.6345957e+14	3.4059046e-06
5.8464005e+06	1.5091625e+02	1.6183312e+14	3.3720152e-06
5.8507203e+06	1.5091625e+02	1.6022286e+14	3.3384631e-06
5.8550401e+06	1.5091625e+02	1.5862861e+14	3.3052449e-06
5.8593599e+06	1.5091625e+02	1.5705023e+14	3.2723571e-06
5.8636797e+06	1.5091625e+02	1.5548756e+14	3.2397966e-06
5.8679996e+06	1.5091625e+02	1.5394043e+14	3.2075601e-06
5.8723194e+06	1.5091625e+02	1.5240870e+14	3.1756444e-06
5.8766392e+06	1.5091625e+02	1.5089220e+14	3.1440462e-06
5.8809590e+06	1.5091625e+02	1.4939080e+14	3.1127624e-06
5.8852788e+06	1.5091625e+02	1.4790434e+14	3.0817899e-06
5.8895986e+06	1.5091625e+02	1.4643267e+14	3.0511256e-06
5.8939185e+06	1.5091625e+02	1.4497564e+14	3.0207664e-06
5.8982383e+06	1.5091625e+02	1.4353311e+14	2.9907092e-06
5.9025581e+06	1.5091625e+02	1.4210493e+14	2.9609512e-06
5.9068779e+06	1.5091625e+02	1.4069096e+14	2.9314892e-06
5.9111977e+06	1.5091625e+02	1.3929106e+14	2.9023204e-06
5.9155176e+06	1.5091625e+02	1.3790509e+14	2.8734418e-06
5.9198374e+06	1.5091625e+02	1.3653291e+14	2.8448506e-06
5.9241572e+06	1.5091625e+02	1.3517439e+14	2.8165439e-06
5.9284770e+06	1.5091625e+02	1.3382938e+14	2.7885188e-06
5.9327968e+06	1.5091625e+02	1.3249776e+14	2.7607726e-06
5.9371166e+06	1.5091625e+02	1.3117938e+14	2.7333024e-06
5.9414365e+06	1.5091625e+02	1.2987412e+14	2.7061056e-06
5.9457563e+06	1.5091625e+02	1.2858186e+14	2.6791794e-06
5.9500761e+06	1.5091625e+02	1.2730244e+14	2.6525211e-06
5.9543959e+06	1.5091625e+02	1.2603576e+14	2.6261281e-06
5.9587157e+06	1.5091625e+02	1.2478169e+14	2.5999977e-06
5.9630355e+06	1.5091625e+02	1.2354009e+14	2.5741273e-06
5.9673554e+06	1.5091625e+02	1.2231084e+14	2.5485143e-06
5.9716752e+06	1.5091625e+02	1.2109383e+14	2.5231562e-06
5.9759950e+06	1.5091625e+02	1.1988893e+14	2.4980503e-06
5.9803148e+06	1.5091625e+02	1.1869601e+14	2.4731943e-06
5.9846346e+06	1.5091625e+02	1.1751497e+14	2.4485856e-06
5.9889544e+06	1.5091625e+02	1.1634567e+14	2.4242218e-06
5.9932743e+06	1.5091625e+02	1.1518801e+14	2.4001004e-06
5.9975941e+06	1.5091625e+02	1.1404188e+14	2.3762190e-06
6.0019139e+06	1.5091625e+02	1.1290714e+14	2.3525752e-06
6.0062337e+06	1.5091625e+02	1.1178369e+14	2.3291667e-06
6.0105535e+06	1.5091625e+02	1.1067143e+14	2.3059911e-06
6.0148733e+06	1.5091625e+02	1.0957023e+14	2.2830461e-06
6.0191932e+06	1.5091625e+02	1.0847999e+14	2.2603294e-06
6.0235130e+06	1.5091625e+02	1.0740059e+14	2.2378388e-06
6.0278328e+06	1.5091625e+02	1.0633194e+14	2.2155719e-06
6.0321526e+06	1.5091625e+02	1.0527392e+14	2.1935266e-06
6.0364724e+06	1.5091625e+02	1.0422643e+14	2.1717006e-06
6.0407922e+06	1.5091625e+02	1.0318936e+14	2.1500918e-06
6.0451121e+06	1.5091625e+02	1.0216260e+14	2.1286981e-06
6.0494319e+06	1.5091625e+02	1.0114607e+14	2.1075172e-06
6.0537517e+06	1.5091625e+02	1.0013965e+14	2.0865470e-06
6.0580715e+06	1.5091625e+02	9.9143243e+13	2.0657855e-06
6.0623913e+06	1.5091625e+02	9.8156752e+13	2.0452306e-06
6.0667111e+06	1.5091625e+02	9.7180076e+13	2.0248802e-06
6.0710310e+06	1.5091625e+02	9.6213118e+13	2.0047323e-06
6.0753508e+06	1.5091625e+02	9.5255781e+13	1.9847849e-06
6.0796706e+06	1.5091625e+02	9.4307970e+13	1.9650360e-06
6.0839904e+06	1.5091625e+02	9.3369590e+13	1.9454836e-06
6.0883102e+06	1.5091625e+02	9.2440547e+13	1.9261257e-06
6.0926301e+06	1.5091625e+02	9.1520749e+13	1.9069604e-06
6.0969499e+06	1.5091625e+02	9.0610102e+13	1.8879858e-06
6.1012697e+06	1.5091625e+02	8.9708516e+13	1.8692001e-06
6.1055895e+06	1.5091625e+02	8.8815902e+13	1.8506012e-06
6.1099093e+06	1.5091625e+02	8.7932169e+13	1.8321874e-06
6.1142291e+06	1.5091625e+02	8.7057229e+13	1.8139568e-06
6.1185490e+06	1.5091625e+02	8.6190995e+13	1.7959077e-06
6.1228688e+06	1.5091625e+02	8.5333380e+13	1.7780381e-06
6.1271886e+06	1.5091625e+02	8.4484299e+13	1.7603463e-06
6.1315084e+06	1.5091625e+02	8.3643666e+13	1.7428306e-06
6.1358282e+06	1.5091625e+02	8.2811398e+13	1.7254891e-06
6.1401480e+06	1.5091625e+02	8.1987411e+13	1.7083202e-06
6.1444679e+06	1.5091625e+02	8.1171622e+13	1.6913221e-06
6.1487877e+06	1.5091625e+02	8.0363951e+13	1.6744932e-06
6.1531075e+06	1.5091625e+02	7.9564316e+13	1.6578317e-06
6.1574273e+06	1.5091625e+02	7.8772638e+13	1.6413360e-06
6.1617471e+06	1.5091625e+02	7.7988837e+13	1.6250045e-06
6.1660669e+06	1.5091625e+02	7.7212836e+13	1.6088354e-06
6.1703868e+06	1.5091625e+02	7.6444555e+13	1.5928272e-06
6.1747066e+06	1.5091625e+02	7.5683919e+13	1.5769783e-06
6.1790264e+06	1.5091625e+02	7.4930851e+13	1.5612871e-06
6.1833462e+06	1.5091625e+02	7.4185277e+13	1.5457521e-06
6.1876660e+06	1.5091625e+02	7.3447121e+13	1.5303716e-06
6.1919858e+06	1.5091625e+02	7.2716310e+13	1.5151441e-06
6.1963057e+06	1.5091625e+02	7.1992771e+13	1.5000682e-06
6.2006255e+06	1.5091625e+02	7.1276431e+13	1.4851423e-06
6.2049453e+06	1.5091625e+02	7.0567218e+13	1.4703648e-06
6.2092651e+06	1.5091625e+02	6.9865063e+13	1.4557345e-06
6.2135849e+06	1.5091625e+02	6.9169894e+13	1.4412497e-06
6.2179047e+06	1.5091625e+02	6.8481642e+13	1.4269090e-06
6.2222246e+06	1.5091625e+02	6.7800238e+13	1.4127110e-06
6.2265444e+06	1.5091625e+02	6.7125614e+13	1.3986543e-06
6.2308642e+06	1.5091625e+02	6.6457703e+13	1.3847375e-06
6.2351840e+06	1.5091625e+02	6.5796438e+13	1.3709591e-06
6.2395038e+06	1.5091625e+02	6.5141753e+13	1.3573178e-06
6.2438236e+06	1.5091625e+02	6.4493581e+13	1.3438123e-06
6.2481435e+06	1.5091625e+02	6.3851860e+13	1.3304411e-06
6.2524633e+06	1.5091625e+02	6.3216523e+13	1.3172030e-06
6.2567831e+06	1.5091625e+02	6.2587508e+13	1.3040966e-06
6.2611029e+06	1.5091625e+02	6.1964752e+13	1.2911206e-06
6.2654227e+06	1.5091625e+02	6.1348192e+13	1.2782738e-06
6.2697425e+06	1.5091625e+02	6.0737768e+13	1.2655547e-06
6.2740624e+06	1.5091625e+02	6.0133417e+13	1.2529623e-06
6.2783822e+06	1.5091625e+02	5.9535079e+13	1.2404951e-06
6.2827020e+06	1.5091625e+02	5.8942695e+13	1.2281519e-06
6.2870218e+06	1.5091625e+02	5.8356206e+13	1.2159316e-06
6.2913416e+06	1.5091625e+02	5.7775552e+13	1.2038329e-06
6.2956615e+06	1.5091625e+02	5.7200675e+13	1.1918546e-06
6.2999813e+06	1.5091625e+02	5.6631519e+13	1.1799954e-06
6.3043011e+06	1.5091625e+02	5.6068026e+13	1.1682543e-06
6.3086209e+06	1.5091625e+02	5.5510140e+13	1.1566299e-06
6.3129407e+06	1.5091625e+02	5.4957805e+13	1.1451213e-06
6.3172605e+06	1.5091625e+02	5.4410966e+13	1.1337271e-06
6.3215804e+06	1.5091625e+02	5.3869567e+13	1.1224464e-06
6.3259002e+06	1.5091625e+02	5.3333556e+13	1.1112778e-06
6.3302200e+06	1.5091625e+02	5.2802878e+13	1.1002204e-06
6.3345398e+06	1.5091625e+02	5.2277481e+13	1.0892731e-06
6.3388596e+06	1.5091625e+02	5.1757311e+13	1.0784346e-06
6.3431794e+06	1.5091625e+02	5.1242318e+13	1.0677040e-06
6.3474993e+06	1.5091625e+02	5.0732448e+13	1.0570802e-06
6.3518191e+06	1.5091625e+02	5.0227652e+13	1.0465621e-06
6.3561389e+06	1.5091625e+02	4.9727878e+13	1.0361486e-06
6.3604587e+06	1.5091625e+02	4.9233078e+13	1.0258387e-06
6.3647785e+06	1.5091625e+02	4.8743200e+13	1.0156315e-06
6.3690983e+06	1.5091625e+02	4.8258197e+13	1.0055258e-06
6.3734182e+06	1.5091625e+02	4.7778020e+13	9.9552062e-07
6.3777380e+06	1.5091625e+02	4.7302621e+13	9.8561503e-07
6.3820578e+06	1.5091625e+02	4.6831952e+13	9.7580799e-07
6.3863776e+06	1.5091625e+02	4.6365966e+13	9.6609854e-07
6.3906974e+06	1.5091625e+02	4.5904617e+13	9.5648570e-07
6.3950172e+06	1.5091625e+02	4.5447859e+13	9.4696851e-07
6.3993371e+06	1.5091625e+02	4.4995645e+13	9.3754601e-07
6.4036569e+06	1.5091625e+02	4.4547931e+13	9.2821728e-07
6.4079767e+06	1.5091625e+02	4.4104671e+13	9.1898136e-07
6.4122965e+06	1.5091625e+02	4.3665823e+13	9.0983734e-07
6.4166163e+06	1.5091625e+02	4.3231340e+13	9.0078431e-07
6.4209361e+06	1.5091625e+02	4.2801181e+13	8.9182136e-07
6.4252560e+06	1.5091625e+02	4.2375303e+13	8.8294759e-07
6.4295758e+06	1.5091625e+02	4.1953661e+13	8.7416211e-07
6.4338956e+06	1.5091625e+02	4.1536215e+13	8.6546405e-07
6.4382154e+06	1.5091625e+02	4.1122923e+13	8.5685254e-07
6.4425352e+06	1.5091625e+02	4.0713743e+13	8.4832672e-07
6.4468550e+06	1.5091625e+02	4.0308635e+13	8.3988572e-07
6.4511749e+06	1.5091625e+02	3.9907557e+13	8.3152872e-07
6.4554947e+06	1.5091625e+02	3.9510470e+13	8.2325487e-07
6.4598145e+06	1.5091625e+02	3.9117334e+13	8.1506335e-07
6.4641343e+06	1.5091625e+02	3.8728111e+13	8.0695333e-07
6.4684541e+06	1.5091625e+02	3.8342759e+13	7.9892401e-07
6.4727740e+06	1.5091625e+02	3.7961243e+13	7.9097459e-07
6.4770938e+06	1.5091625e+02	3.7583522e+13	7.8310426e-07
6.4814136e+06	1.5091625e+02	3.7209560e+13	7.7531224e-07
6.4857334e+06	1.5091625e+02	3.6839318e+13	7.6759775e-07
6.4900532e+06	1.5091625e+02	3.6472761e+13	7.5996003e-07
6.4943730e+06	1.5091625e+02	3.6109851e+13	7.5239830e-07
6.4986929e+06	1.5091625e+02	3.5750552e+13	7.4491181e-07
6.5030127e+06	1.5091625e+02	3.5394828e+13	7.3749982e-07
6.5073325e+06	1.5091625e+02	3.5042644e+13	7.3016157e-07
6.5116523e+06	1.5091625e+02	3.4693963e+13	7.2289634e-07
6.5159721e+06	1.5091625e+02	3.4348753e+13	7.1570340e-07
6.5202919e+06	1.5091625e+02	3.4006977e+13	7.0858203e-07
6.5246118e+06	1.5091625e+02	3.3668602e+13	7.0153153e-07
6.5289316e+06	1.5091625e+02	3.3333594e+13	6.9455117e-07
6.5332514e+06	1.5091625e+02	3.3001919e+13	6.8764027e-07
6.5375712e+06	1.5091625e+02	3.2673544e+13	6.8079814e-07
6.5418910e+06	1.5091625e+02	3.2348437e+13	6.7402408e-07
6.5462108e+06	1.5091625e+02	3.2026565e+13	6.6731743e-07
6.5505307e+06	1.5091625e+02	3.1707895e+13	6.6067751e-07
6.5548505e+06	1.5091625e+02	3.1392396e+13	6.5410366e-07
6.5591703e+06	1.5091625e+02	3.1080037e+13	6.4759522e-07
6.5634901e+06	1.5091625e+02	3.0770785e+13	6.4115154e-07
6.5678099e+06	1.5091625e+02	3.0464611e+13	6.3477197e-07
6.5721297e+06	1.5091625e+02	3.0161483e+13	6.2845589e-07
6.5764496e+06	1.5091625e+02	2.9861371e+13	6.2220265e-07
6.5807694e+06	1.5091625e+02	2.9564245e+13	6.1601163e-07
6.5850892e+06	1.5091625e+02	2.9270076e+13	6.0988221e-07
6.5894090e+06	1.5091625e+02	2.8978834e+13	6.0381378e-07
6.5937288e+06	1.5091625e+02	2.8690490e+13	5.9780573e-07
6.5980486e+06	1.5091625e+02	2.8405015e+13	5.9185747e-07
6.6023685e+06	1.5091625e+02	2.8122380e+13	5.8596839e-07
6.6066883e+06	1.5091625e+02	2.7842558e+13	5.8013790e-07
6.6110081e+06	1.5091625e+02	2.7565520e+13	5.7436543e-07
6.6153279e+06	1.5091625e+02	2.7291238e+13	5.6865040e-07
6.6196477e+06	1.5091625e+02	2.7019686e+13	5.6299224e-07
6.6239675e+06	1.5091625e+02	2.6750835e+13	5.5739037e-07
6.6282874e+06	1.5091625e+02	2.6484660e+13	5.5184424e-07
6.6326072e+06	1.5091625e+02	2.6221133e+13	5.4635330e-07
6.6369270e+06	1.5091625e+02	2.5960229e+13	5.4091700e-07
6.6412468e+06	1.5091625e+02	2.5701920e+13	5.3553478e-07
6.6455666e+06	1.5091625e+02	2.5446182e+13	5.3020612e-07
6.6498864e+06	1.5091625e+02	2.5192988e+13	5.2493048e-07
6.6542063e+06	1.5091625e+02	2.4942314e+13	5.1970734e-07
6.6585261e+06	1.5091625e+02	2.4694134e+13	5.1453616e-07
6.6628459e+06	1.5091625e+02	2.4448423e+13	5.0941644e-07
6.6671657e+06	1.5091625e+02	2.4205157e+13	5.0434766e-07
6.6714855e+06	1.5091625e+02	2.3964312e+13	4.9932932e-07
6.6758054e+06	1.5091625e+02	2.3725863e+13	4.9436091e-07
6.6801252e+06	1.5091625e+02	2.3489786e+13	4.8944194e-07
6.6844450e+06	1.5091625e+02	2.3256059e+13	4.8457191e-07
6.6887648e+06	1.5091625e+02	2.3024657e+13	4.7975034e-07
6.6930846e+06	1.5091625e+02	2.2795558e+13	4.7497674e-07
6.6974044e+06	1.5091625e+02	2.2568739e+13	4.7025064e-07
6.7017243e+06	1.5091625e+02	2.2344176e+13	4.6557157e-07
6.7060441e+06	1.5091625e+02	2.2121848e+13	4.6093906e-07
6.7103639e+06	1.5091625e+02	2.1901732e+13	4.5635264e-07
6.7146837e+06	1.5091625e+02	2.1683806e+13	4.5181185e-07
6.7190035e+06	1.5091625e+02	2.1468048e+13	4.4731625e-07
6.7233233e+06	1.5091625e+02	2.1254438e+13	4.4286538e-07
6.7276432e+06	1.5091625e+02	2.1042953e+13	4.3845879e-07
6.7319630e+06	1.5091625e+02	2.0833572e+13	4.3409606e-07
6.7362828e+06	1.5091625e+02	2.0626274e+13	4.2977673e-07
6.7406026e+06	1.5091625e+02	2.0421039e+13	4.2550038e-07
6.7449224e+06	1.5091625e+02	2.0217847e+13	4.2126658e-07
6.7492422e+06	1.5091625e+02	2.0016676e+13	4.1707491e-07
6.7535621e+06	1.5091625e+02	1.9817506e+13	4.1292494e-07
6.7578819e+06	1.5091625e+02	1.9620319e+13	4.0881627e-07
6.7622017e+06	1.5091625e+02	1.9425093e+13	4.0474848e-07
6.7665215e+06	1.5091625e+02	1.9231811e+13	4.0072117e-07
6.7708413e+06	1.5091625e+02	1.9040451e+13	3.9673392e-07
6.7751611e+06	1.5091625e+02	1.8850995e+13	3.9278636e-07
6.7794810e+06	1.5091625e+02	1.8663425e+13	3.8887807e-07
6.7838008e+06	1.5091625e+02	1.8477720e+13	3.8500866e-07
6.7881206e+06	1.5091625e+02	1.8293864e+13	3.8117776e-07
6.7924404e+06	1.5091625e+02	1.8111837e+13	3.7738498e-07
6.7967602e+06	1.5091625e+02	1.7931621e+13	3.7362994e-07
6.8010800e+06	1.5091625e+02	1.7753199e+13	3.6991226e-07
6.8053999e+06	1.5091625e+02	1.7576551e+13	3.6623157e-07
6.8097197e+06	1.5091625e+02	1.7401662e+13	3.6258751e-07
6.8140395e+06	1.5091625e+02	1.7228512e+13	3.5897970e-07
6.8183593e+06	1.5091625e+02	1.7057086e+13	3.5540779e-07
6.8226791e+06	1.5091625e+02	1.6887365e+13	3.5187142e-07
6.8269989e+06	1.5091625e+02	1.6719333e+13	3.4837025e-07
6.8313188e+06	1.5091625e+02	1.6552973e+13	3.4490390e-07
6.8356386e+06	1.5091625e+02	1.6388268e+13	3.4147205e-07
6.8399584e+06	1.5091625e+02	1.6225202e+13	3.3807435e-07
6.8442782e+06	1.5091625e+02	1.6063758e+13	3.3471045e-07
6.8485980e+06	1.5091625e+02	1.5903921e+13	3.3138003e-07
6.8529179e+06	1.5091625e+02	1.5745675e+13	3.2808274e-07
6.8572377e+06	1.5091625e+02	1.5589003e+13	3.2481826e-07
6.8615575e+06	1.5091625e+02	1.5433889e+13	3.2158627e-07
6.8658773e+06	1.5091625e+02	1.5280320e+13	3.1838643e-07
6.8701971e+06	1.5091625e+02	1.5128278e+13	3.1521843e-07
6.8745169e+06	1.5091625e+02	1.4977749e+13	3.1208196e-07
6.8788368e+06	1.5091625e+02	1.4828718e+13	3.0897669e-07
6.8831566e+06	1.5091625e+02	1.4681170e+13	3.0590232e-07
6.8874764e+06	1.5091625e+02	1.4535090e+13	3.0285854e-07
6.8917962e+06	1.5091625e+02	1.4390463e+13	2.9984505e-07
6.8961160e+06	1.5091625e+02	1.4247276e+13	2.9686154e-07
6.9004358e+06	1.5091625e+02	1.4105513e+13	2.9390772e-07
6.9047557e+06	1.5091625e+02	1.3965161e+13	2.9098329e-07
6.9090755e+06	1.5091625e+02	1.3826205e+13	2.8808796e-07
6.9133953e+06	1.5091625e+02	1.3688632e+13	2.8522143e-07
6.9177151e+06	1.5091625e+02	1.3552428e+13	2.8238343e-07
6.9220349e+06	1.5091625e+02	1.3417579e+13	2.7957367e-07
