# Formed from form_atmospheric_profiles_paper_model.py
# Z (cm)	T (K)	DEN (cm**-3)	P (bar)
0.0000000e+00	2.8800000e+02	2.5149039e+13	1.0000000e-06
1.0000000e+04	2.8800000e+02	2.4845812e+13	9.8794279e-07
2.0000000e+04	2.8800000e+02	2.4546241e+13	9.7603096e-07
3.0000000e+04	2.8800000e+02	2.4250282e+13	9.6426275e-07
4.0000000e+04	2.8800000e+02	2.3957891e+13	9.5263644e-07
5.0000000e+04	2.8800000e+02	2.3669026e+13	9.4115030e-07
6.0000000e+04	2.8800000e+02	2.3383644e+13	9.2980266e-07
7.0000000e+04	2.8800000e+02	2.3101702e+13	9.1859184e-07
8.0000000e+04	2.8800000e+02	2.2823160e+13	9.0751619e-07
9.0000000e+04	2.8800000e+02	2.2547977e+13	8.9657408e-07
1.0000000e+05	2.8800000e+02	2.2276111e+13	8.8576390e-07
1.1000000e+05	2.8800000e+02	2.2007523e+13	8.7508406e-07
1.2000000e+05	2.8800000e+02	2.1742174e+13	8.6453299e-07
1.3000000e+05	2.8800000e+02	2.1480024e+13	8.5410913e-07
1.4000000e+05	2.8800000e+02	2.1221035e+13	8.4381096e-07
1.5000000e+05	2.8800000e+02	2.0965169e+13	8.3363696e-07
1.6000000e+05	2.8800000e+02	2.0712387e+13	8.2358563e-07
1.7000000e+05	2.8800000e+02	2.0462654e+13	8.1365548e-07
1.8000000e+05	2.8800000e+02	2.0215931e+13	8.0384507e-07
1.9000000e+05	2.8800000e+02	1.9972184e+13	7.9415295e-07
2.0000000e+05	2.8800000e+02	1.9731375e+13	7.8457768e-07
2.1000000e+05	2.8800000e+02	1.9493470e+13	7.7511786e-07
2.2000000e+05	2.8800000e+02	1.9258433e+13	7.6577211e-07
2.3000000e+05	2.8800000e+02	1.9026230e+13	7.5653903e-07
2.4000000e+05	2.8800000e+02	1.8796827e+13	7.4741729e-07
2.5000000e+05	2.8800000e+02	1.8570189e+13	7.3840552e-07
2.6000000e+05	2.8800000e+02	1.8346285e+13	7.2950241e-07
2.7000000e+05	2.8800000e+02	1.8125080e+13	7.2070665e-07
2.8000000e+05	2.8800000e+02	1.7906542e+13	7.1201694e-07
2.9000000e+05	2.8800000e+02	1.7690639e+13	7.0343201e-07
3.0000000e+05	2.8800000e+02	1.7477339e+13	6.9495058e-07
3.1000000e+05	2.8800000e+02	1.7266612e+13	6.8657142e-07
3.2000000e+05	2.8800000e+02	1.7058424e+13	6.7829328e-07
3.3000000e+05	2.8800000e+02	1.6852747e+13	6.7011496e-07
3.4000000e+05	2.8800000e+02	1.6649550e+13	6.6203525e-07
3.5000000e+05	2.8800000e+02	1.6448803e+13	6.5405295e-07
3.6000000e+05	2.8800000e+02	1.6250477e+13	6.4616690e-07
3.7000000e+05	2.8800000e+02	1.6054541e+13	6.3837593e-07
3.8000000e+05	2.8800000e+02	1.5860968e+13	6.3067890e-07
3.9000000e+05	2.8800000e+02	1.5669729e+13	6.2307467e-07
4.0000000e+05	2.8800000e+02	1.5480796e+13	6.1556213e-07
4.1000000e+05	2.8800000e+02	1.5294141e+13	6.0814017e-07
4.2000000e+05	2.8800000e+02	1.5109736e+13	6.0080770e-07
4.3000000e+05	2.8800000e+02	1.4927555e+13	5.9356364e-07
4.4000000e+05	2.8800000e+02	1.4747571e+13	5.8640692e-07
4.5000000e+05	2.8800000e+02	1.4569756e+13	5.7933649e-07
4.6000000e+05	2.8800000e+02	1.4394086e+13	5.7235131e-07
4.7000000e+05	2.8800000e+02	1.4220533e+13	5.6545035e-07
4.8000000e+05	2.8800000e+02	1.4049073e+13	5.5863260e-07
4.9000000e+05	2.8800000e+02	1.3879681e+13	5.5189705e-07
5.0000000e+05	2.8800000e+02	1.3712330e+13	5.4524271e-07
5.1000000e+05	2.8800000e+02	1.3546998e+13	5.3866861e-07
5.2000000e+05	2.8800000e+02	1.3383659e+13	5.3217377e-07
5.3000000e+05	2.8800000e+02	1.3222290e+13	5.2575724e-07
5.4000000e+05	2.8800000e+02	1.3062866e+13	5.1941808e-07
5.5000000e+05	2.8800000e+02	1.2905364e+13	5.1315535e-07
5.6000000e+05	2.8800000e+02	1.2749761e+13	5.0696813e-07
5.7000000e+05	2.8800000e+02	1.2596035e+13	5.0085551e-07
5.8000000e+05	2.8800000e+02	1.2444162e+13	4.9481659e-07
5.9000000e+05	2.8800000e+02	1.2294120e+13	4.8885048e-07
6.0000000e+05	2.8800000e+02	1.2145887e+13	4.8295631e-07
6.1000000e+05	2.8800000e+02	1.1999442e+13	4.7713321e-07
6.2000000e+05	2.8800000e+02	1.1854762e+13	4.7138031e-07
6.3000000e+05	2.8800000e+02	1.1711827e+13	4.6569678e-07
6.4000000e+05	2.8800000e+02	1.1570615e+13	4.6008178e-07
6.5000000e+05	2.8800000e+02	1.1431105e+13	4.5453448e-07
6.6000000e+05	2.8800000e+02	1.1293278e+13	4.4905406e-07
6.7000000e+05	2.8800000e+02	1.1157113e+13	4.4363973e-07
6.8000000e+05	2.8800000e+02	1.1022589e+13	4.3829067e-07
6.9000000e+05	2.8800000e+02	1.0889688e+13	4.3300611e-07
7.0000000e+05	2.8800000e+02	1.0758388e+13	4.2778526e-07
7.1000000e+05	2.8800000e+02	1.0628672e+13	4.2262737e-07
7.2000000e+05	2.8800000e+02	1.0500520e+13	4.1753166e-07
7.3000000e+05	2.8800000e+02	1.0373913e+13	4.1249740e-07
7.4000000e+05	2.8800000e+02	1.0248833e+13	4.0752383e-07
7.5000000e+05	2.8800000e+02	1.0125261e+13	4.0261023e-07
7.6000000e+05	2.8800000e+02	1.0003178e+13	3.9775588e-07
7.7000000e+05	2.8800000e+02	9.8825678e+12	3.9296005e-07
7.8000000e+05	2.8800000e+02	9.7634116e+12	3.8822205e-07
7.9000000e+05	2.8800000e+02	9.6456921e+12	3.8354118e-07
8.0000000e+05	2.8800000e+02	9.5293920e+12	3.7891674e-07
8.1000000e+05	2.8800000e+02	9.4144942e+12	3.7434806e-07
8.2000000e+05	2.8800000e+02	9.3009816e+12	3.6983447e-07
8.3000000e+05	2.8800000e+02	9.1888378e+12	3.6537530e-07
8.4000000e+05	2.8800000e+02	9.0780461e+12	3.6096990e-07
8.5000000e+05	2.8800000e+02	8.9685902e+12	3.5661761e-07
8.6000000e+05	2.8800000e+02	8.8604540e+12	3.5231779e-07
8.7000000e+05	2.8800000e+02	8.7536217e+12	3.4806983e-07
8.8000000e+05	2.8800000e+02	8.6480775e+12	3.4387308e-07
8.9000000e+05	2.8800000e+02	8.5438058e+12	3.3972693e-07
9.0000000e+05	2.8800000e+02	8.4407914e+12	3.3563077e-07
9.1000000e+05	2.8800000e+02	8.3390190e+12	3.3158400e-07
9.2000000e+05	2.8800000e+02	8.2384737e+12	3.2758602e-07
9.3000000e+05	2.8800000e+02	8.1391408e+12	3.2363625e-07
9.4000000e+05	2.8800000e+02	8.0410055e+12	3.1973410e-07
9.5000000e+05	2.8800000e+02	7.9440534e+12	3.1587900e-07
9.6000000e+05	2.8800000e+02	7.8482703e+12	3.1207038e-07
9.7000000e+05	2.8800000e+02	7.7536421e+12	3.0830769e-07
9.8000000e+05	2.8800000e+02	7.6601548e+12	3.0459036e-07
9.9000000e+05	2.8800000e+02	7.5677947e+12	3.0091785e-07
1.0000000e+06	2.8800000e+02	7.4765483e+12	2.9728962e-07
1.0100000e+06	2.8800000e+02	7.3864020e+12	2.9370514e-07
1.0200000e+06	2.8800000e+02	7.2973426e+12	2.9016387e-07
1.0300000e+06	2.8800000e+02	7.2093570e+12	2.8666531e-07
1.0400000e+06	2.8800000e+02	7.1224323e+12	2.8320892e-07
1.0500000e+06	2.8800000e+02	7.0365557e+12	2.7979421e-07
1.0600000e+06	2.8800000e+02	6.9517145e+12	2.7642068e-07
1.0700000e+06	2.8800000e+02	6.8678962e+12	2.7308782e-07
1.0800000e+06	2.8800000e+02	6.7850886e+12	2.6979514e-07
1.0900000e+06	2.8800000e+02	6.7032793e+12	2.6654216e-07
1.1000000e+06	2.8800000e+02	6.6224565e+12	2.6332841e-07
1.1100000e+06	2.8800000e+02	6.5426082e+12	2.6015340e-07
1.1200000e+06	2.8800000e+02	6.4637226e+12	2.5701668e-07
1.1300000e+06	2.8800000e+02	6.3857882e+12	2.5391778e-07
1.1400000e+06	2.8800000e+02	6.3087934e+12	2.5085624e-07
1.1500000e+06	2.8800000e+02	6.2327270e+12	2.4783161e-07
1.1600000e+06	2.8800000e+02	6.1575777e+12	2.4484346e-07
1.1700000e+06	2.8800000e+02	6.0833345e+12	2.4189133e-07
1.1800000e+06	2.8800000e+02	6.0099865e+12	2.3897479e-07
1.1900000e+06	2.8800000e+02	5.9375228e+12	2.3609343e-07
1.2000000e+06	2.8800000e+02	5.8659329e+12	2.3324680e-07
1.2100000e+06	2.8800000e+02	5.7952061e+12	2.3043449e-07
1.2200000e+06	2.8800000e+02	5.7253321e+12	2.2765610e-07
1.2300000e+06	2.8800000e+02	5.6563006e+12	2.2491120e-07
1.2400000e+06	2.8800000e+02	5.5881014e+12	2.2219940e-07
1.2500000e+06	2.8800000e+02	5.5207245e+12	2.1952030e-07
1.2600000e+06	2.8800000e+02	5.4541600e+12	2.1687349e-07
1.2700000e+06	2.8800000e+02	5.3883981e+12	2.1425861e-07
1.2800000e+06	2.8800000e+02	5.3234290e+12	2.1167524e-07
1.2900000e+06	2.8800000e+02	5.2592434e+12	2.0912303e-07
1.3000000e+06	2.8800000e+02	5.1958316e+12	2.0660159e-07
1.3100000e+06	2.8800000e+02	5.1331843e+12	2.0411055e-07
1.3200000e+06	2.8800000e+02	5.0712925e+12	2.0164955e-07
1.3300000e+06	2.8800000e+02	5.0101469e+12	1.9921822e-07
1.3400000e+06	2.8800000e+02	4.9497385e+12	1.9681621e-07
1.3500000e+06	2.8800000e+02	4.8900585e+12	1.9444315e-07
1.3600000e+06	2.8800000e+02	4.8310980e+12	1.9209871e-07
1.3700000e+06	2.8800000e+02	4.7728485e+12	1.8978254e-07
1.3800000e+06	2.8800000e+02	4.7153012e+12	1.8749429e-07
1.3900000e+06	2.8800000e+02	4.6584479e+12	1.8523363e-07
1.4000000e+06	2.8800000e+02	4.6022800e+12	1.8300023e-07
1.4100000e+06	2.8800000e+02	4.5467894e+12	1.8079376e-07
1.4200000e+06	2.8800000e+02	4.4919678e+12	1.7861389e-07
1.4300000e+06	2.8800000e+02	4.4378072e+12	1.7646031e-07
1.4400000e+06	2.8800000e+02	4.3842996e+12	1.7433269e-07
1.4500000e+06	2.8800000e+02	4.3314372e+12	1.7223072e-07
1.4600000e+06	2.8800000e+02	4.2792122e+12	1.7015410e-07
1.4700000e+06	2.8800000e+02	4.2276168e+12	1.6810252e-07
1.4800000e+06	2.8800000e+02	4.1766436e+12	1.6607567e-07
1.4900000e+06	2.8800000e+02	4.1262849e+12	1.6407326e-07
1.5000000e+06	2.8800000e+02	4.0765335e+12	1.6209500e-07
1.5100000e+06	2.8800000e+02	4.0273819e+12	1.6014059e-07
1.5200000e+06	2.8800000e+02	3.9788229e+12	1.5820974e-07
1.5300000e+06	2.8800000e+02	3.9308494e+12	1.5630217e-07
1.5400000e+06	2.8800000e+02	3.8834543e+12	1.5441760e-07
1.5500000e+06	2.8800000e+02	3.8366307e+12	1.5255576e-07
1.5600000e+06	2.8800000e+02	3.7903717e+12	1.5071636e-07
1.5700000e+06	2.8800000e+02	3.7446704e+12	1.4889914e-07
1.5800000e+06	2.8800000e+02	3.6995201e+12	1.4710383e-07
1.5900000e+06	2.8800000e+02	3.6549142e+12	1.4533017e-07
1.6000000e+06	2.8800000e+02	3.6108462e+12	1.4357790e-07
1.6100000e+06	2.8800000e+02	3.5673094e+12	1.4184675e-07
1.6200000e+06	2.8800000e+02	3.5242977e+12	1.4013647e-07
1.6300000e+06	2.8800000e+02	3.4818045e+12	1.3844682e-07
1.6400000e+06	2.8800000e+02	3.4398236e+12	1.3677754e-07
1.6500000e+06	2.8800000e+02	3.3983490e+12	1.3512838e-07
1.6600000e+06	2.8800000e+02	3.3573744e+12	1.3349911e-07
1.6700000e+06	2.8800000e+02	3.3168938e+12	1.3188948e-07
1.6800000e+06	2.8800000e+02	3.2769013e+12	1.3029927e-07
1.6900000e+06	2.8800000e+02	3.2373911e+12	1.2872822e-07
1.7000000e+06	2.8800000e+02	3.1983572e+12	1.2717612e-07
1.7100000e+06	2.8800000e+02	3.1597939e+12	1.2564273e-07
1.7200000e+06	2.8800000e+02	3.1216956e+12	1.2412783e-07
1.7300000e+06	2.8800000e+02	3.0840567e+12	1.2263119e-07
1.7400000e+06	2.8800000e+02	3.0468716e+12	1.2115260e-07
1.7500000e+06	2.8800000e+02	3.0101348e+12	1.1969184e-07
1.7600000e+06	2.8800000e+02	2.9738410e+12	1.1824869e-07
1.7700000e+06	2.8800000e+02	2.9379848e+12	1.1682294e-07
1.7800000e+06	2.8800000e+02	2.9025609e+12	1.1541439e-07
1.7900000e+06	2.8800000e+02	2.8675641e+12	1.1402281e-07
1.8000000e+06	2.8800000e+02	2.8329893e+12	1.1264801e-07
1.8100000e+06	2.8800000e+02	2.7988314e+12	1.1128979e-07
1.8200000e+06	2.8800000e+02	2.7650853e+12	1.0994795e-07
1.8300000e+06	2.8800000e+02	2.7317461e+12	1.0862228e-07
1.8400000e+06	2.8800000e+02	2.6988088e+12	1.0731260e-07
1.8500000e+06	2.8800000e+02	2.6662687e+12	1.0601871e-07
1.8600000e+06	2.8800000e+02	2.6341210e+12	1.0474042e-07
1.8700000e+06	2.8800000e+02	2.6023609e+12	1.0347755e-07
1.8800000e+06	2.8800000e+02	2.5709836e+12	1.0222990e-07
1.8900000e+06	2.8800000e+02	2.5399848e+12	1.0099729e-07
1.9000000e+06	2.8800000e+02	2.5093596e+12	9.9779543e-08
1.9100000e+06	2.8800000e+02	2.4791038e+12	9.8576480e-08
1.9200000e+06	2.8800000e+02	2.4492127e+12	9.7387923e-08
1.9300000e+06	2.8800000e+02	2.4196820e+12	9.6213697e-08
1.9400000e+06	2.8800000e+02	2.3905074e+12	9.5053629e-08
1.9500000e+06	2.8800000e+02	2.3616846e+12	9.3907547e-08
1.9600000e+06	2.8800000e+02	2.3332093e+12	9.2775285e-08
1.9700000e+06	2.8800000e+02	2.3050773e+12	9.1656674e-08
1.9800000e+06	2.8800000e+02	2.2772845e+12	9.0551550e-08
1.9900000e+06	2.8800000e+02	2.2498268e+12	8.9459752e-08
2.0000000e+06	2.8800000e+02	2.2227002e+12	8.8381117e-08
2.0100000e+06	2.8800000e+02	2.1959006e+12	8.7315487e-08
2.0200000e+06	2.8800000e+02	2.1694242e+12	8.6262706e-08
2.0300000e+06	2.8800000e+02	2.1432670e+12	8.5222619e-08
2.0400000e+06	2.8800000e+02	2.1174252e+12	8.4195072e-08
2.0500000e+06	2.8800000e+02	2.0918949e+12	8.3179915e-08
2.0600000e+06	2.8800000e+02	2.0666725e+12	8.2176998e-08
2.0700000e+06	2.8800000e+02	2.0417542e+12	8.1186172e-08
2.0800000e+06	2.8800000e+02	2.0171364e+12	8.0207294e-08
2.0900000e+06	2.8800000e+02	1.9928154e+12	7.9240218e-08
2.1000000e+06	2.8800000e+02	1.9687876e+12	7.8284802e-08
2.1100000e+06	2.8800000e+02	1.9450495e+12	7.7340906e-08
2.1200000e+06	2.8800000e+02	1.9215976e+12	7.6408391e-08
2.1300000e+06	2.8800000e+02	1.8984285e+12	7.5487119e-08
2.1400000e+06	2.8800000e+02	1.8755388e+12	7.4576955e-08
2.1500000e+06	2.8800000e+02	1.8529250e+12	7.3677766e-08
2.1600000e+06	2.8800000e+02	1.8305839e+12	7.2789418e-08
2.1700000e+06	2.8800000e+02	1.8085122e+12	7.1911780e-08
2.1800000e+06	2.8800000e+02	1.7867066e+12	7.1044725e-08
2.1900000e+06	2.8800000e+02	1.7651639e+12	7.0188124e-08
2.2000000e+06	2.8800000e+02	1.7438809e+12	6.9341852e-08
2.2100000e+06	2.8800000e+02	1.7228546e+12	6.8505782e-08
2.2200000e+06	2.8800000e+02	1.7020818e+12	6.7679794e-08
2.2300000e+06	2.8800000e+02	1.6815594e+12	6.6863765e-08
2.2400000e+06	2.8800000e+02	1.6612845e+12	6.6057575e-08
2.2500000e+06	2.8800000e+02	1.6412541e+12	6.5261105e-08
2.2600000e+06	2.8800000e+02	1.6214651e+12	6.4474238e-08
2.2700000e+06	2.8800000e+02	1.6019148e+12	6.3696859e-08
2.2800000e+06	2.8800000e+02	1.5826002e+12	6.2928853e-08
2.2900000e+06	2.8800000e+02	1.5635184e+12	6.2170106e-08
2.3000000e+06	2.8800000e+02	1.5446668e+12	6.1420509e-08
2.3100000e+06	2.8800000e+02	1.5260424e+12	6.0679949e-08
2.3200000e+06	2.8800000e+02	1.5076426e+12	5.9948318e-08
2.3300000e+06	2.8800000e+02	1.4894646e+12	5.9225509e-08
2.3400000e+06	2.8800000e+02	1.4715059e+12	5.8511415e-08
2.3500000e+06	2.8800000e+02	1.4537636e+12	5.7805930e-08
2.3600000e+06	2.8800000e+02	1.4362353e+12	5.7108952e-08
2.3700000e+06	2.8800000e+02	1.4189183e+12	5.6420378e-08
2.3800000e+06	2.8800000e+02	1.4018101e+12	5.5740106e-08
2.3900000e+06	2.8800000e+02	1.3849082e+12	5.5068036e-08
2.4000000e+06	2.8800000e+02	1.3682101e+12	5.4404069e-08
2.4100000e+06	2.8800000e+02	1.3517133e+12	5.3748108e-08
2.4200000e+06	2.8800000e+02	1.3354154e+12	5.3100056e-08
2.4300000e+06	2.8800000e+02	1.3193140e+12	5.2459817e-08
2.4400000e+06	2.8800000e+02	1.3034068e+12	5.1827299e-08
2.4500000e+06	2.8800000e+02	1.2876913e+12	5.1202406e-08
2.4600000e+06	2.8800000e+02	1.2721654e+12	5.0585048e-08
2.4700000e+06	2.8800000e+02	1.2568266e+12	4.9975134e-08
2.4800000e+06	2.8800000e+02	1.2416728e+12	4.9372573e-08
2.4900000e+06	2.8800000e+02	1.2267017e+12	4.8777278e-08
2.5000000e+06	2.8800000e+02	1.2119111e+12	4.8189160e-08
2.5100000e+06	2.8800000e+02	1.1972988e+12	4.7608133e-08
2.5200000e+06	2.8800000e+02	1.1828627e+12	4.7034112e-08
2.5300000e+06	2.8800000e+02	1.1686007e+12	4.6467012e-08
2.5400000e+06	2.8800000e+02	1.1545107e+12	4.5906750e-08
2.5500000e+06	2.8800000e+02	1.1405905e+12	4.5353243e-08
2.5600000e+06	2.8800000e+02	1.1268381e+12	4.4806409e-08
2.5700000e+06	2.8800000e+02	1.1132516e+12	4.4266169e-08
2.5800000e+06	2.8800000e+02	1.0998289e+12	4.3732443e-08
2.5900000e+06	2.8800000e+02	1.0865681e+12	4.3205152e-08
2.6000000e+06	2.8800000e+02	1.0734671e+12	4.2684218e-08
2.6100000e+06	2.8800000e+02	1.0605241e+12	4.2169566e-08
2.6200000e+06	2.8800000e+02	1.0477371e+12	4.1661119e-08
2.6300000e+06	2.8800000e+02	1.0351043e+12	4.1158802e-08
2.6400000e+06	2.8800000e+02	1.0226239e+12	4.0662542e-08
2.6500000e+06	2.8800000e+02	1.0102939e+12	4.0172265e-08
2.6600000e+06	2.8800000e+02	9.9811254e+11	3.9687900e-08
2.6700000e+06	2.8800000e+02	9.8607809e+11	3.9209374e-08
2.6800000e+06	2.8800000e+02	9.7418875e+11	3.8736619e-08
2.6900000e+06	2.8800000e+02	9.6244275e+11	3.8269563e-08
2.7000000e+06	2.8800000e+02	9.5083838e+11	3.7808139e-08
2.7100000e+06	2.8800000e+02	9.3937393e+11	3.7352279e-08
2.7200000e+06	2.8800000e+02	9.2804770e+11	3.6901915e-08
2.7300000e+06	2.8800000e+02	9.1685804e+11	3.6456981e-08
2.7400000e+06	2.8800000e+02	9.0580329e+11	3.6017411e-08
2.7500000e+06	2.8800000e+02	8.9488183e+11	3.5583142e-08
2.7600000e+06	2.8800000e+02	8.8409206e+11	3.5154109e-08
2.7700000e+06	2.8800000e+02	8.7343237e+11	3.4730248e-08
2.7800000e+06	2.8800000e+02	8.6290122e+11	3.4311498e-08
2.7900000e+06	2.8800000e+02	8.5249704e+11	3.3897798e-08
2.8000000e+06	2.8800000e+02	8.4221831e+11	3.3489085e-08
2.8100000e+06	2.8800000e+02	8.3206351e+11	3.3085300e-08
2.8200000e+06	2.8800000e+02	8.2203115e+11	3.2686384e-08
2.8300000e+06	2.8800000e+02	8.1211975e+11	3.2292277e-08
2.8400000e+06	2.8800000e+02	8.0232785e+11	3.1902923e-08
2.8500000e+06	2.8800000e+02	7.9265402e+11	3.1518262e-08
2.8600000e+06	2.8800000e+02	7.8309682e+11	3.1138240e-08
2.8700000e+06	2.8800000e+02	7.7365486e+11	3.0762800e-08
2.8800000e+06	2.8800000e+02	7.6432675e+11	3.0391886e-08
2.8900000e+06	2.8800000e+02	7.5511110e+11	3.0025445e-08
2.9000000e+06	2.8800000e+02	7.4600657e+11	2.9663422e-08
2.9100000e+06	2.8800000e+02	7.3701181e+11	2.9305764e-08
2.9200000e+06	2.8800000e+02	7.2812551e+11	2.8952419e-08
2.9300000e+06	2.8800000e+02	7.1934635e+11	2.8603333e-08
2.9400000e+06	2.8800000e+02	7.1067304e+11	2.8258457e-08
2.9500000e+06	2.8800000e+02	7.0210431e+11	2.7917739e-08
2.9600000e+06	2.8800000e+02	6.9363889e+11	2.7581129e-08
2.9700000e+06	2.8800000e+02	6.8527555e+11	2.7248578e-08
2.9800000e+06	2.8800000e+02	6.7701304e+11	2.6920036e-08
2.9900000e+06	2.8800000e+02	6.6885015e+11	2.6595455e-08
3.0000000e+06	2.8800000e+02	6.6078569e+11	2.6274788e-08
3.0100000e+06	2.8800000e+02	6.5281846e+11	2.5957988e-08
3.0200000e+06	2.8800000e+02	6.4494729e+11	2.5645007e-08
3.0300000e+06	2.8800000e+02	6.3717103e+11	2.5335800e-08
3.0400000e+06	2.8800000e+02	6.2948852e+11	2.5030321e-08
3.0500000e+06	2.8800000e+02	6.2189865e+11	2.4728525e-08
3.0600000e+06	2.8800000e+02	6.1440029e+11	2.4430368e-08
3.0700000e+06	2.8800000e+02	6.0699234e+11	2.4135806e-08
3.0800000e+06	2.8800000e+02	5.9967370e+11	2.3844796e-08
3.0900000e+06	2.8800000e+02	5.9244331e+11	2.3557294e-08
3.1000000e+06	2.8800000e+02	5.8530010e+11	2.3273259e-08
3.1100000e+06	2.8800000e+02	5.7824302e+11	2.2992648e-08
3.1200000e+06	2.8800000e+02	5.7127102e+11	2.2715421e-08
3.1300000e+06	2.8800000e+02	5.6438309e+11	2.2441537e-08
3.1400000e+06	2.8800000e+02	5.5757821e+11	2.2170955e-08
3.1500000e+06	2.8800000e+02	5.5085537e+11	2.1903635e-08
3.1600000e+06	2.8800000e+02	5.4421359e+11	2.1639538e-08
3.1700000e+06	2.8800000e+02	5.3765190e+11	2.1378626e-08
3.1800000e+06	2.8800000e+02	5.3116932e+11	2.1120859e-08
3.1900000e+06	2.8800000e+02	5.2476490e+11	2.0866201e-08
3.2000000e+06	2.8800000e+02	5.1843770e+11	2.0614613e-08
3.2100000e+06	2.8800000e+02	5.1218679e+11	2.0366058e-08
3.2200000e+06	2.8800000e+02	5.0601125e+11	2.0120500e-08
3.2300000e+06	2.8800000e+02	4.9991016e+11	1.9877903e-08
3.2400000e+06	2.8800000e+02	4.9388264e+11	1.9638231e-08
3.2500000e+06	2.8800000e+02	4.8792780e+11	1.9401449e-08
3.2600000e+06	2.8800000e+02	4.8204475e+11	1.9167522e-08
3.2700000e+06	2.8800000e+02	4.7623264e+11	1.8936415e-08
3.2800000e+06	2.8800000e+02	4.7049060e+11	1.8708095e-08
3.2900000e+06	2.8800000e+02	4.6481780e+11	1.8482527e-08
3.3000000e+06	2.8800000e+02	4.5921340e+11	1.8259680e-08
3.3100000e+06	2.8800000e+02	4.5367657e+11	1.8039519e-08
3.3200000e+06	2.8800000e+02	4.4820649e+11	1.7822013e-08
3.3300000e+06	2.8800000e+02	4.4280237e+11	1.7607129e-08
3.3400000e+06	2.8800000e+02	4.3746341e+11	1.7394836e-08
3.3500000e+06	2.8800000e+02	4.3218883e+11	1.7185103e-08
3.3600000e+06	2.8800000e+02	4.2697784e+11	1.6977899e-08
3.3700000e+06	2.8800000e+02	4.2182968e+11	1.6773193e-08
3.3800000e+06	2.8800000e+02	4.1674359e+11	1.6570955e-08
3.3900000e+06	2.8800000e+02	4.1171883e+11	1.6371155e-08
3.4000000e+06	2.8800000e+02	4.0675465e+11	1.6173765e-08
3.4100000e+06	2.8800000e+02	4.0185032e+11	1.5978754e-08
3.4200000e+06	2.8800000e+02	3.9700513e+11	1.5786095e-08
3.4300000e+06	2.8800000e+02	3.9221836e+11	1.5595759e-08
3.4400000e+06	2.8800000e+02	3.8748930e+11	1.5407718e-08
3.4500000e+06	2.8800000e+02	3.8281726e+11	1.5221944e-08
3.4600000e+06	2.8800000e+02	3.7820155e+11	1.5038410e-08
3.4700000e+06	2.8800000e+02	3.7364150e+11	1.4857088e-08
3.4800000e+06	2.8800000e+02	3.6913643e+11	1.4677953e-08
3.4900000e+06	2.8800000e+02	3.6468567e+11	1.4500978e-08
3.5000000e+06	2.8800000e+02	3.6028858e+11	1.4326137e-08
3.5100000e+06	2.8800000e+02	3.5594451e+11	1.4153404e-08
3.5200000e+06	2.8800000e+02	3.5165281e+11	1.3982753e-08
3.5300000e+06	2.8800000e+02	3.4741286e+11	1.3814160e-08
3.5400000e+06	2.8800000e+02	3.4322403e+11	1.3647600e-08
3.5500000e+06	2.8800000e+02	3.3908571e+11	1.3483048e-08
3.5600000e+06	2.8800000e+02	3.3499728e+11	1.3320480e-08
3.5700000e+06	2.8800000e+02	3.3095815e+11	1.3159872e-08
3.5800000e+06	2.8800000e+02	3.2696772e+11	1.3001201e-08
3.5900000e+06	2.8800000e+02	3.2302540e+11	1.2844443e-08
3.6000000e+06	2.8800000e+02	3.1913062e+11	1.2689575e-08
3.6100000e+06	2.8800000e+02	3.1528279e+11	1.2536574e-08
3.6200000e+06	2.8800000e+02	3.1148136e+11	1.2385418e-08
3.6300000e+06	2.8800000e+02	3.0772577e+11	1.2236084e-08
3.6400000e+06	2.8800000e+02	3.0401545e+11	1.2088551e-08
3.6500000e+06	2.8800000e+02	3.0034988e+11	1.1942797e-08
3.6600000e+06	2.8800000e+02	2.9672850e+11	1.1798800e-08
3.6700000e+06	2.8800000e+02	2.9315078e+11	1.1656540e-08
3.6800000e+06	2.8800000e+02	2.8961620e+11	1.1515995e-08
3.6900000e+06	2.8800000e+02	2.8612424e+11	1.1377144e-08
3.7000000e+06	2.8800000e+02	2.8267438e+11	1.1239967e-08
3.7100000e+06	2.8800000e+02	2.7926612e+11	1.1104445e-08
3.7200000e+06	2.8800000e+02	2.7589895e+11	1.0970556e-08
3.7300000e+06	2.8800000e+02	2.7257238e+11	1.0838282e-08
3.7400000e+06	2.8800000e+02	2.6928591e+11	1.0707602e-08
3.7500000e+06	2.8800000e+02	2.6603908e+11	1.0578499e-08
3.7600000e+06	2.8800000e+02	2.6283139e+11	1.0450951e-08
3.7700000e+06	2.8800000e+02	2.5966238e+11	1.0324942e-08
3.7800000e+06	2.8800000e+02	2.5653157e+11	1.0200452e-08
3.7900000e+06	2.8800000e+02	2.5343852e+11	1.0077463e-08
3.8000000e+06	2.8800000e+02	2.5038276e+11	9.9559572e-09
3.8100000e+06	2.8800000e+02	2.4736384e+11	9.8359162e-09
3.8200000e+06	2.8800000e+02	2.4438133e+11	9.7173225e-09
3.8300000e+06	2.8800000e+02	2.4143477e+11	9.6001587e-09
3.8400000e+06	2.8800000e+02	2.3852374e+11	9.4844076e-09
3.8500000e+06	2.8800000e+02	2.3564781e+11	9.3700522e-09
3.8600000e+06	2.8800000e+02	2.3280656e+11	9.2570755e-09
3.8700000e+06	2.8800000e+02	2.2999956e+11	9.1454610e-09
3.8800000e+06	2.8800000e+02	2.2722641e+11	9.0351923e-09
3.8900000e+06	2.8800000e+02	2.2448669e+11	8.9262531e-09
3.9000000e+06	2.8800000e+02	2.2178001e+11	8.8186275e-09
3.9100000e+06	2.8800000e+02	2.1910596e+11	8.7122994e-09
3.9200000e+06	2.8800000e+02	2.1646415e+11	8.6072534e-09
3.9300000e+06	2.8800000e+02	2.1385420e+11	8.5034740e-09
3.9400000e+06	2.8800000e+02	2.1127572e+11	8.4009459e-09
3.9500000e+06	2.8800000e+02	2.0872832e+11	8.2996539e-09
3.9600000e+06	2.8800000e+02	2.0621164e+11	8.1995833e-09
3.9700000e+06	2.8800000e+02	2.0372530e+11	8.1007192e-09
3.9800000e+06	2.8800000e+02	2.0126895e+11	8.0030471e-09
3.9900000e+06	2.8800000e+02	1.9884221e+11	7.9065528e-09
4.0000000e+06	2.8800000e+02	1.9644472e+11	7.8112218e-09
4.0100000e+06	2.8800000e+02	1.9407615e+11	7.7170403e-09
4.0200000e+06	2.8800000e+02	1.9173613e+11	7.6239943e-09
4.0300000e+06	2.8800000e+02	1.8942433e+11	7.5320703e-09
4.0400000e+06	2.8800000e+02	1.8714040e+11	7.4412545e-09
4.0500000e+06	2.8800000e+02	1.8488401e+11	7.3515338e-09
4.0600000e+06	2.8800000e+02	1.8265483e+11	7.2628948e-09
4.0700000e+06	2.8800000e+02	1.8045252e+11	7.1753246e-09
4.0800000e+06	2.8800000e+02	1.7827677e+11	7.0888102e-09
4.0900000e+06	2.8800000e+02	1.7612725e+11	7.0033390e-09
4.1000000e+06	2.8800000e+02	1.7400364e+11	6.9188983e-09
4.1100000e+06	2.8800000e+02	1.7190565e+11	6.8354757e-09
4.1200000e+06	2.8800000e+02	1.6983294e+11	6.7530589e-09
4.1300000e+06	2.8800000e+02	1.6778523e+11	6.6716359e-09
4.1400000e+06	2.8800000e+02	1.6576221e+11	6.5911946e-09
4.1500000e+06	2.8800000e+02	1.6376358e+11	6.5117232e-09
4.1600000e+06	2.8800000e+02	1.6178905e+11	6.4332100e-09
4.1700000e+06	2.8800000e+02	1.5983833e+11	6.3556435e-09
4.1800000e+06	2.8800000e+02	1.5791112e+11	6.2790122e-09
4.1900000e+06	2.8800000e+02	1.5600716e+11	6.2033048e-09
4.2000000e+06	2.8800000e+02	1.5412615e+11	6.1285103e-09
4.2100000e+06	2.8800000e+02	1.5226781e+11	6.0546176e-09
4.2200000e+06	2.8800000e+02	1.5043189e+11	5.9816158e-09
4.2300000e+06	2.8800000e+02	1.4861810e+11	5.9094942e-09
4.2400000e+06	2.8800000e+02	1.4682618e+11	5.8382422e-09
4.2500000e+06	2.8800000e+02	1.4505587e+11	5.7678493e-09
4.2600000e+06	2.8800000e+02	1.4330690e+11	5.6983052e-09
4.2700000e+06	2.8800000e+02	1.4157902e+11	5.6295995e-09
4.2800000e+06	2.8800000e+02	1.3987197e+11	5.5617223e-09
4.2900000e+06	2.8800000e+02	1.3818551e+11	5.4946634e-09
4.3000000e+06	2.8800000e+02	1.3651938e+11	5.4284131e-09
4.3100000e+06	2.8800000e+02	1.3487333e+11	5.3629616e-09
4.3200000e+06	2.8800000e+02	1.3324714e+11	5.2982993e-09
4.3300000e+06	2.8800000e+02	1.3164055e+11	5.2344166e-09
4.3400000e+06	2.8800000e+02	1.3005333e+11	5.1713042e-09
4.3500000e+06	2.8800000e+02	1.2848525e+11	5.1089527e-09
4.3600000e+06	2.8800000e+02	1.2693608e+11	5.0473530e-09
4.3700000e+06	2.8800000e+02	1.2540558e+11	4.9864960e-09
4.3800000e+06	2.8800000e+02	1.2389354e+11	4.9263728e-09
4.3900000e+06	2.8800000e+02	1.2239973e+11	4.8669745e-09
4.4000000e+06	2.8800000e+02	1.2092393e+11	4.8082924e-09
4.4100000e+06	2.8800000e+02	1.1946593e+11	4.7503178e-09
4.4200000e+06	2.8800000e+02	1.1802550e+11	4.6930422e-09
4.4300000e+06	2.8800000e+02	1.1660245e+11	4.6364572e-09
4.4400000e+06	2.8800000e+02	1.1519655e+11	4.5805545e-09
4.4500000e+06	2.8800000e+02	1.1380760e+11	4.5253258e-09
4.4600000e+06	2.8800000e+02	1.1243540e+11	4.4707630e-09
4.4700000e+06	2.8800000e+02	1.1107974e+11	4.4168581e-09
4.4800000e+06	2.8800000e+02	1.0974043e+11	4.3636032e-09
4.4900000e+06	2.8800000e+02	1.0841726e+11	4.3109903e-09
4.5000000e+06	2.8800000e+02	1.0711005e+11	4.2590118e-09
4.5100000e+06	2.8800000e+02	1.0581861e+11	4.2076600e-09
4.5200000e+06	2.8800000e+02	1.0454273e+11	4.1569274e-09
4.5300000e+06	2.8800000e+02	1.0328224e+11	4.1068064e-09
4.5400000e+06	2.8800000e+02	1.0203694e+11	4.0572898e-09
4.5500000e+06	2.8800000e+02	1.0080666e+11	4.0083702e-09
4.5600000e+06	2.8800000e+02	9.9591214e+10	3.9600405e-09
4.5700000e+06	2.8800000e+02	9.8390422e+10	3.9122935e-09
4.5800000e+06	2.8800000e+02	9.7204108e+10	3.8651221e-09
4.5900000e+06	2.8800000e+02	9.6032098e+10	3.8185196e-09
4.6000000e+06	2.8800000e+02	9.4874219e+10	3.7724789e-09
4.6100000e+06	2.8800000e+02	9.3730301e+10	3.7269933e-09
4.6200000e+06	2.8800000e+02	9.2600175e+10	3.6820562e-09
4.6300000e+06	2.8800000e+02	9.1483676e+10	3.6376609e-09
4.6400000e+06	2.8800000e+02	9.0380638e+10	3.5938008e-09
4.6500000e+06	2.8800000e+02	8.9290900e+10	3.5504696e-09
4.6600000e+06	2.8800000e+02	8.8214301e+10	3.5076609e-09
4.6700000e+06	2.8800000e+02	8.7150683e+10	3.4653683e-09
4.6800000e+06	2.8800000e+02	8.6099889e+10	3.4235856e-09
4.6900000e+06	2.8800000e+02	8.5061765e+10	3.3823068e-09
4.7000000e+06	2.8800000e+02	8.4036158e+10	3.3415256e-09
4.7100000e+06	2.8800000e+02	8.3022917e+10	3.3012361e-09
4.7200000e+06	2.8800000e+02	8.2021892e+10	3.2614324e-09
4.7300000e+06	2.8800000e+02	8.1032937e+10	3.2221087e-09
4.7400000e+06	2.8800000e+02	8.0055906e+10	3.1832590e-09
4.7500000e+06	2.8800000e+02	7.9090656e+10	3.1448778e-09
4.7600000e+06	2.8800000e+02	7.8137043e+10	3.1069594e-09
4.7700000e+06	2.8800000e+02	7.7194929e+10	3.0694981e-09
4.7800000e+06	2.8800000e+02	7.6264174e+10	3.0324885e-09
4.7900000e+06	2.8800000e+02	7.5344641e+10	2.9959252e-09
4.8000000e+06	2.8800000e+02	7.4436195e+10	2.9598027e-09
4.8100000e+06	2.8800000e+02	7.3538702e+10	2.9241158e-09
4.8200000e+06	2.8800000e+02	7.2652031e+10	2.8888591e-09
4.8300000e+06	2.8800000e+02	7.1776050e+10	2.8540275e-09
4.8400000e+06	2.8800000e+02	7.0910631e+10	2.8196159e-09
4.8500000e+06	2.8800000e+02	7.0055647e+10	2.7856192e-09
4.8600000e+06	2.8800000e+02	6.9210972e+10	2.7520324e-09
4.8700000e+06	2.8800000e+02	6.8376481e+10	2.7188506e-09
4.8800000e+06	2.8800000e+02	6.7552051e+10	2.6860689e-09
4.8900000e+06	2.8800000e+02	6.6737562e+10	2.6536824e-09
4.9000000e+06	2.8800000e+02	6.5932894e+10	2.6216864e-09
4.9100000e+06	2.8800000e+02	6.5137927e+10	2.5900762e-09
4.9200000e+06	2.8800000e+02	6.4352546e+10	2.5588471e-09
4.9300000e+06	2.8800000e+02	6.3576634e+10	2.5279945e-09
4.9400000e+06	2.8800000e+02	6.2810077e+10	2.4975140e-09
4.9500000e+06	2.8800000e+02	6.2052763e+10	2.4674009e-09
4.9600000e+06	2.8800000e+02	6.1304580e+10	2.4376510e-09
4.9700000e+06	2.8800000e+02	6.0565418e+10	2.4082597e-09
4.9800000e+06	2.8800000e+02	5.9835168e+10	2.3792228e-09
4.9900000e+06	2.8800000e+02	5.9113723e+10	2.3505360e-09
5.0000000e+06	2.8800000e+02	5.8400977e+10	2.3221951e-09
5.0100000e+06	2.8800000e+02	5.7696824e+10	2.2941960e-09
5.0200000e+06	2.8800000e+02	5.7001162e+10	2.2665344e-09
5.0300000e+06	2.8800000e+02	5.6313887e+10	2.2392063e-09
5.0400000e+06	2.8800000e+02	5.5634899e+10	2.2122077e-09
5.0500000e+06	2.8800000e+02	5.4964097e+10	2.1855347e-09
5.0600000e+06	2.8800000e+02	5.4301384e+10	2.1591832e-09
5.0700000e+06	2.8800000e+02	5.3646661e+10	2.1331495e-09
5.0800000e+06	2.8800000e+02	5.2999832e+10	2.1074297e-09
5.0900000e+06	2.8800000e+02	5.2360802e+10	2.0820200e-09
5.1000000e+06	2.8800000e+02	5.1729477e+10	2.0569166e-09
5.1100000e+06	2.8800000e+02	5.1105764e+10	2.0321159e-09
5.1200000e+06	2.8800000e+02	5.0489571e+10	2.0076143e-09
5.1300000e+06	2.8800000e+02	4.9880808e+10	1.9834081e-09
5.1400000e+06	2.8800000e+02	4.9279385e+10	1.9594937e-09
5.1500000e+06	2.8800000e+02	4.8685213e+10	1.9358677e-09
5.1600000e+06	2.8800000e+02	4.8098205e+10	1.9125265e-09
5.1700000e+06	2.8800000e+02	4.7518275e+10	1.8894668e-09
5.1800000e+06	2.8800000e+02	4.6945337e+10	1.8666851e-09
5.1900000e+06	2.8800000e+02	4.6379308e+10	1.8441781e-09
5.2000000e+06	2.8800000e+02	4.5820103e+10	1.8219425e-09
5.2100000e+06	2.8800000e+02	4.5267640e+10	1.7999749e-09
5.2200000e+06	2.8800000e+02	4.4721839e+10	1.7782723e-09
5.2300000e+06	2.8800000e+02	4.4182619e+10	1.7568313e-09
5.2400000e+06	2.8800000e+02	4.3649900e+10	1.7356488e-09
5.2500000e+06	2.8800000e+02	4.3123604e+10	1.7147217e-09
5.2600000e+06	2.8800000e+02	4.2603654e+10	1.6940470e-09
5.2700000e+06	2.8800000e+02	4.2089972e+10	1.6736215e-09
5.2800000e+06	2.8800000e+02	4.1582485e+10	1.6534423e-09
5.2900000e+06	2.8800000e+02	4.1081116e+10	1.6335064e-09
5.3000000e+06	2.8800000e+02	4.0585793e+10	1.6138109e-09
5.3100000e+06	2.8800000e+02	4.0096442e+10	1.5943528e-09
5.3200000e+06	2.8800000e+02	3.9612990e+10	1.5751294e-09
5.3300000e+06	2.8800000e+02	3.9135368e+10	1.5561377e-09
5.3400000e+06	2.8800000e+02	3.8663505e+10	1.5373750e-09
5.3500000e+06	2.8800000e+02	3.8197331e+10	1.5188386e-09
5.3600000e+06	2.8800000e+02	3.7736778e+10	1.5005256e-09
5.3700000e+06	2.8800000e+02	3.7281778e+10	1.4824335e-09
5.3800000e+06	2.8800000e+02	3.6832264e+10	1.4645595e-09
5.3900000e+06	2.8800000e+02	3.6388170e+10	1.4469010e-09
5.4000000e+06	2.8800000e+02	3.5949430e+10	1.4294554e-09
5.4100000e+06	2.8800000e+02	3.5515980e+10	1.4122202e-09
5.4200000e+06	2.8800000e+02	3.5087757e+10	1.3951927e-09
5.4300000e+06	2.8800000e+02	3.4664696e+10	1.3783706e-09
5.4400000e+06	2.8800000e+02	3.4246737e+10	1.3617513e-09
5.4500000e+06	2.8800000e+02	3.3833817e+10	1.3453324e-09
5.4600000e+06	2.8800000e+02	3.3425876e+10	1.3291114e-09
5.4700000e+06	2.8800000e+02	3.3022853e+10	1.3130861e-09
5.4800000e+06	2.8800000e+02	3.2624690e+10	1.2972539e-09
5.4900000e+06	2.8800000e+02	3.2231327e+10	1.2816127e-09
5.5000000e+06	2.8800000e+02	3.1842707e+10	1.2661600e-09
5.5100000e+06	2.8800000e+02	3.1458773e+10	1.2508936e-09
5.5200000e+06	2.8800000e+02	3.1079468e+10	1.2358113e-09
5.5300000e+06	2.8800000e+02	3.0704737e+10	1.2209109e-09
5.5400000e+06	2.8800000e+02	3.0334523e+10	1.2061901e-09
5.5500000e+06	2.8800000e+02	2.9968774e+10	1.1916469e-09
5.5600000e+06	2.8800000e+02	2.9607434e+10	1.1772789e-09
5.5700000e+06	2.8800000e+02	2.9250451e+10	1.1630842e-09
5.5800000e+06	2.8800000e+02	2.8897772e+10	1.1490607e-09
5.5900000e+06	2.8800000e+02	2.8549346e+10	1.1352062e-09
5.6000000e+06	2.8800000e+02	2.8205120e+10	1.1215188e-09
5.6100000e+06	2.8800000e+02	2.7865045e+10	1.1079964e-09
5.6200000e+06	2.8800000e+02	2.7529071e+10	1.0946371e-09
5.6300000e+06	2.8800000e+02	2.7197147e+10	1.0814388e-09
5.6400000e+06	2.8800000e+02	2.6869225e+10	1.0683997e-09
5.6500000e+06	2.8800000e+02	2.6545258e+10	1.0555178e-09
5.6600000e+06	2.8800000e+02	2.6225196e+10	1.0427912e-09
5.6700000e+06	2.8800000e+02	2.5908993e+10	1.0302180e-09
5.6800000e+06	2.8800000e+02	2.5596603e+10	1.0177965e-09
5.6900000e+06	2.8800000e+02	2.5287980e+10	1.0055247e-09
5.7000000e+06	2.8800000e+02	2.4983077e+10	9.9340086e-10
5.7100000e+06	2.8800000e+02	2.4681851e+10	9.8142322e-10
5.7200000e+06	2.8800000e+02	2.4384257e+10	9.6959000e-10
5.7300000e+06	2.8800000e+02	2.4090251e+10	9.5789945e-10
5.7400000e+06	2.8800000e+02	2.3799790e+10	9.4634986e-10
5.7500000e+06	2.8800000e+02	2.3512831e+10	9.3493952e-10
5.7600000e+06	2.8800000e+02	2.3229332e+10	9.2366676e-10
5.7700000e+06	2.8800000e+02	2.2949251e+10	9.1252992e-10
5.7800000e+06	2.8800000e+02	2.2672547e+10	9.0152736e-10
5.7900000e+06	2.8800000e+02	2.2399179e+10	8.9065746e-10
5.8000000e+06	2.8800000e+02	2.2129108e+10	8.7991862e-10
5.8100000e+06	2.8800000e+02	2.1862293e+10	8.6930926e-10
5.8200000e+06	2.8800000e+02	2.1598694e+10	8.5882782e-10
5.8300000e+06	2.8800000e+02	2.1338275e+10	8.4847275e-10
5.8400000e+06	2.8800000e+02	2.1080995e+10	8.3824254e-10
5.8500000e+06	2.8800000e+02	2.0826817e+10	8.2813568e-10
5.8600000e+06	2.8800000e+02	2.0575703e+10	8.1815067e-10
5.8700000e+06	2.8800000e+02	2.0327618e+10	8.0828606e-10
5.8800000e+06	2.8800000e+02	2.0082524e+10	7.9854039e-10
5.8900000e+06	2.8800000e+02	1.9840384e+10	7.8891222e-10
5.9000000e+06	2.8800000e+02	1.9601165e+10	7.7940014e-10
5.9100000e+06	2.8800000e+02	1.9364829e+10	7.7000275e-10
5.9200000e+06	2.8800000e+02	1.9131344e+10	7.6071867e-10
5.9300000e+06	2.8800000e+02	1.8900673e+10	7.5154653e-10
5.9400000e+06	2.8800000e+02	1.8672784e+10	7.4248498e-10
5.9500000e+06	2.8800000e+02	1.8447642e+10	7.3353268e-10
5.9600000e+06	2.8800000e+02	1.8225215e+10	7.2468833e-10
5.9700000e+06	2.8800000e+02	1.8005470e+10	7.1595061e-10
5.9800000e+06	2.8800000e+02	1.7788374e+10	7.0731824e-10
5.9900000e+06	2.8800000e+02	1.7573896e+10	6.9878996e-10
6.0000000e+06	2.8800000e+02	1.7362004e+10	6.9036451e-10
6.0100000e+06	2.8800000e+02	1.7152667e+10	6.8204064e-10
6.0200000e+06	2.8800000e+02	1.6945854e+10	6.7381713e-10
6.0300000e+06	2.8800000e+02	1.6741534e+10	6.6569278e-10
6.0400000e+06	2.8800000e+02	1.6539678e+10	6.5766639e-10
6.0500000e+06	2.8800000e+02	1.6340255e+10	6.4973677e-10
6.0600000e+06	2.8800000e+02	1.6143238e+10	6.4190276e-10
6.0700000e+06	2.8800000e+02	1.5948595e+10	6.3416320e-10
6.0800000e+06	2.8800000e+02	1.5756300e+10	6.2651696e-10
6.0900000e+06	2.8800000e+02	1.5566323e+10	6.1896292e-10
6.1000000e+06	2.8800000e+02	1.5378636e+10	6.1149996e-10
6.1100000e+06	2.8800000e+02	1.5193213e+10	6.0412697e-10
6.1200000e+06	2.8800000e+02	1.5010025e+10	5.9684289e-10
6.1300000e+06	2.8800000e+02	1.4829046e+10	5.8964663e-10
6.1400000e+06	2.8800000e+02	1.4650249e+10	5.8253714e-10
6.1500000e+06	2.8800000e+02	1.4473608e+10	5.7551337e-10
6.1600000e+06	2.8800000e+02	1.4299097e+10	5.6857429e-10
6.1700000e+06	2.8800000e+02	1.4126690e+10	5.6171887e-10
6.1800000e+06	2.8800000e+02	1.3956361e+10	5.5494611e-10
6.1900000e+06	2.8800000e+02	1.3788087e+10	5.4825501e-10
6.2000000e+06	2.8800000e+02	1.3621841e+10	5.4164458e-10
6.2100000e+06	2.8800000e+02	1.3457600e+10	5.3511386e-10
6.2200000e+06	2.8800000e+02	1.3295338e+10	5.2866188e-10
6.2300000e+06	2.8800000e+02	1.3135034e+10	5.2228770e-10
6.2400000e+06	2.8800000e+02	1.2976662e+10	5.1599037e-10
6.2500000e+06	2.8800000e+02	1.2820200e+10	5.0976896e-10
6.2600000e+06	2.8800000e+02	1.2665624e+10	5.0362257e-10
6.2700000e+06	2.8800000e+02	1.2512912e+10	4.9755029e-10
6.2800000e+06	2.8800000e+02	1.2362041e+10	4.9155123e-10
6.2900000e+06	2.8800000e+02	1.2212989e+10	4.8562449e-10
6.3000000e+06	2.8800000e+02	1.2065735e+10	4.7976922e-10
6.3100000e+06	2.8800000e+02	1.1920256e+10	4.7398454e-10
6.3200000e+06	2.8800000e+02	1.1776531e+10	4.6826961e-10
6.3300000e+06	2.8800000e+02	1.1634539e+10	4.6262359e-10
6.3400000e+06	2.8800000e+02	1.1494259e+10	4.5704564e-10
6.3500000e+06	2.8800000e+02	1.1355670e+10	4.5153494e-10
6.3600000e+06	2.8800000e+02	1.1218752e+10	4.4609069e-10
6.3700000e+06	2.8800000e+02	1.1083486e+10	4.4071209e-10
6.3800000e+06	2.8800000e+02	1.0949850e+10	4.3539833e-10
6.3900000e+06	2.8800000e+02	1.0817825e+10	4.3014864e-10
6.4000000e+06	2.8800000e+02	1.0687392e+10	4.2496225e-10
6.4100000e+06	2.8800000e+02	1.0558532e+10	4.1983839e-10
6.4200000e+06	2.8800000e+02	1.0431226e+10	4.1477631e-10
6.4300000e+06	2.8800000e+02	1.0305454e+10	4.0977527e-10
6.4400000e+06	2.8800000e+02	1.0181199e+10	4.0483452e-10
6.4500000e+06	2.8800000e+02	1.0058443e+10	3.9995335e-10
6.4600000e+06	2.8800000e+02	9.9371658e+09	3.9513103e-10
6.4700000e+06	2.8800000e+02	9.8173513e+09	3.9036685e-10
6.4800000e+06	2.8800000e+02	9.6989815e+09	3.8566012e-10
6.4900000e+06	2.8800000e+02	9.5820389e+09	3.8101014e-10
6.5000000e+06	2.8800000e+02	9.4665062e+09	3.7641622e-10
6.5100000e+06	2.8800000e+02	9.3523666e+09	3.7187769e-10
6.5200000e+06	2.8800000e+02	9.2396032e+09	3.6739388e-10
6.5300000e+06	2.8800000e+02	9.1281994e+09	3.6296414e-10
6.5400000e+06	2.8800000e+02	9.0181388e+09	3.5858781e-10
6.5500000e+06	2.8800000e+02	8.9094052e+09	3.5426424e-10
6.5600000e+06	2.8800000e+02	8.8019827e+09	3.4999280e-10
6.5700000e+06	2.8800000e+02	8.6958554e+09	3.4577287e-10
6.5800000e+06	2.8800000e+02	8.5910076e+09	3.4160381e-10
6.5900000e+06	2.8800000e+02	8.4874241e+09	3.3748502e-10
6.6000000e+06	2.8800000e+02	8.3850894e+09	3.3341590e-10
6.6100000e+06	2.8800000e+02	8.2839887e+09	3.2939583e-10
6.6200000e+06	2.8800000e+02	8.1841069e+09	3.2542424e-10
6.6300000e+06	2.8800000e+02	8.0854294e+09	3.2150053e-10
6.6400000e+06	2.8800000e+02	7.9879418e+09	3.1762413e-10
6.6500000e+06	2.8800000e+02	7.8916295e+09	3.1379447e-10
6.6600000e+06	2.8800000e+02	7.7964785e+09	3.1001099e-10
6.6700000e+06	2.8800000e+02	7.7024747e+09	3.0627312e-10
6.6800000e+06	2.8800000e+02	7.6096044e+09	3.0258032e-10
6.6900000e+06	2.8800000e+02	7.5178538e+09	2.9893205e-10
6.7000000e+06	2.8800000e+02	7.4272095e+09	2.9532776e-10
6.7100000e+06	2.8800000e+02	7.3376581e+09	2.9176693e-10
6.7200000e+06	2.8800000e+02	7.2491864e+09	2.8824904e-10
6.7300000e+06	2.8800000e+02	7.1617815e+09	2.8477356e-10
6.7400000e+06	2.8800000e+02	7.0754304e+09	2.8133999e-10
6.7500000e+06	2.8800000e+02	6.9901205e+09	2.7794781e-10
6.7600000e+06	2.8800000e+02	6.9058391e+09	2.7459654e-10
6.7700000e+06	2.8800000e+02	6.8225740e+09	2.7128567e-10
6.7800000e+06	2.8800000e+02	6.7403128e+09	2.6801472e-10
6.7900000e+06	2.8800000e+02	6.6590435e+09	2.6478322e-10
6.8000000e+06	2.8800000e+02	6.5787540e+09	2.6159067e-10
6.8100000e+06	2.8800000e+02	6.4994326e+09	2.5843662e-10
6.8200000e+06	2.8800000e+02	6.4210676e+09	2.5532059e-10
6.8300000e+06	2.8800000e+02	6.3436475e+09	2.5224214e-10
6.8400000e+06	2.8800000e+02	6.2671608e+09	2.4920080e-10
6.8500000e+06	2.8800000e+02	6.1915963e+09	2.4619614e-10
6.8600000e+06	2.8800000e+02	6.1169430e+09	2.4322770e-10
6.8700000e+06	2.8800000e+02	6.0431897e+09	2.4029505e-10
6.8800000e+06	2.8800000e+02	5.9703258e+09	2.3739777e-10
6.8900000e+06	2.8800000e+02	5.8983403e+09	2.3453541e-10
6.9000000e+06	2.8800000e+02	5.8272228e+09	2.3170757e-10
6.9100000e+06	2.8800000e+02	5.7569628e+09	2.2891382e-10
6.9200000e+06	2.8800000e+02	5.6875499e+09	2.2615376e-10
6.9300000e+06	2.8800000e+02	5.6189739e+09	2.2342698e-10
6.9400000e+06	2.8800000e+02	5.5512248e+09	2.2073308e-10
6.9500000e+06	2.8800000e+02	5.4842925e+09	2.1807165e-10
6.9600000e+06	2.8800000e+02	5.4181673e+09	2.1544232e-10
6.9700000e+06	2.8800000e+02	5.3528393e+09	2.1284468e-10
6.9800000e+06	2.8800000e+02	5.2882990e+09	2.1027837e-10
6.9900000e+06	2.8800000e+02	5.2245369e+09	2.0774300e-10
7.0000000e+06	2.8800000e+02	5.1615436e+09	2.0523820e-10
7.0100000e+06	2.8800000e+02	5.0993098e+09	2.0276360e-10
7.0200000e+06	2.8800000e+02	5.0378263e+09	2.0031884e-10
7.0300000e+06	2.8800000e+02	4.9770842e+09	1.9790355e-10
7.0400000e+06	2.8800000e+02	4.9170745e+09	1.9551739e-10
7.0500000e+06	2.8800000e+02	4.8577883e+09	1.9315999e-10
7.0600000e+06	2.8800000e+02	4.7992169e+09	1.9083102e-10
7.0700000e+06	2.8800000e+02	4.7413518e+09	1.8853014e-10
7.0800000e+06	2.8800000e+02	4.6841843e+09	1.8625699e-10
7.0900000e+06	2.8800000e+02	4.6277061e+09	1.8401125e-10
7.1000000e+06	2.8800000e+02	4.5719089e+09	1.8179259e-10
7.1100000e+06	2.8800000e+02	4.5167845e+09	1.7960068e-10
7.1200000e+06	2.8800000e+02	4.4623247e+09	1.7743519e-10
7.1300000e+06	2.8800000e+02	4.4085215e+09	1.7529582e-10
7.1400000e+06	2.8800000e+02	4.3553670e+09	1.7318224e-10
7.1500000e+06	2.8800000e+02	4.3028535e+09	1.7109415e-10
7.1600000e+06	2.8800000e+02	4.2509731e+09	1.6903123e-10
7.1700000e+06	2.8800000e+02	4.1997182e+09	1.6699319e-10
7.1800000e+06	2.8800000e+02	4.1490814e+09	1.6497972e-10
7.1900000e+06	2.8800000e+02	4.0990550e+09	1.6299052e-10
7.2000000e+06	2.8800000e+02	4.0496319e+09	1.6102531e-10
7.2100000e+06	2.8800000e+02	4.0008046e+09	1.5908380e-10
7.2200000e+06	2.8800000e+02	3.9525661e+09	1.5716569e-10
7.2300000e+06	2.8800000e+02	3.9049092e+09	1.5527071e-10
7.2400000e+06	2.8800000e+02	3.8578269e+09	1.5339858e-10
7.2500000e+06	2.8800000e+02	3.8113123e+09	1.5154902e-10
7.2600000e+06	2.8800000e+02	3.7653585e+09	1.4972176e-10
7.2700000e+06	2.8800000e+02	3.7199588e+09	1.4791654e-10
7.2800000e+06	2.8800000e+02	3.6751065e+09	1.4613308e-10
7.2900000e+06	2.8800000e+02	3.6307949e+09	1.4437112e-10
7.3000000e+06	2.8800000e+02	3.5870177e+09	1.4263041e-10
7.3100000e+06	2.8800000e+02	3.5437683e+09	1.4091068e-10
7.3200000e+06	2.8800000e+02	3.5010403e+09	1.3921169e-10
7.3300000e+06	2.8800000e+02	3.4588276e+09	1.3753319e-10
7.3400000e+06	2.8800000e+02	3.4171238e+09	1.3587492e-10
7.3500000e+06	2.8800000e+02	3.3759228e+09	1.3423665e-10
7.3600000e+06	2.8800000e+02	3.3352186e+09	1.3261813e-10
7.3700000e+06	2.8800000e+02	3.2950052e+09	1.3101913e-10
7.3800000e+06	2.8800000e+02	3.2552766e+09	1.2943940e-10
7.3900000e+06	2.8800000e+02	3.2160271e+09	1.2787873e-10
7.4000000e+06	2.8800000e+02	3.1772508e+09	1.2633686e-10
7.4100000e+06	2.8800000e+02	3.1389420e+09	1.2481360e-10
7.4200000e+06	2.8800000e+02	3.1010951e+09	1.2330869e-10
7.4300000e+06	2.8800000e+02	3.0637046e+09	1.2182193e-10
7.4400000e+06	2.8800000e+02	3.0267649e+09	1.2035310e-10
7.4500000e+06	2.8800000e+02	2.9902705e+09	1.1890198e-10
7.4600000e+06	2.8800000e+02	2.9542162e+09	1.1746835e-10
7.4700000e+06	2.8800000e+02	2.9185966e+09	1.1605201e-10
7.4800000e+06	2.8800000e+02	2.8834065e+09	1.1465275e-10
7.4900000e+06	2.8800000e+02	2.8486407e+09	1.1327036e-10
7.5000000e+06	2.8800000e+02	2.8142940e+09	1.1190463e-10
7.5100000e+06	2.8800000e+02	2.7803615e+09	1.1055538e-10
7.5200000e+06	2.8800000e+02	2.7468381e+09	1.0922239e-10
7.5300000e+06	2.8800000e+02	2.7137189e+09	1.0790547e-10
7.5400000e+06	2.8800000e+02	2.6809990e+09	1.0660443e-10
7.5500000e+06	2.8800000e+02	2.6486737e+09	1.0531908e-10
7.5600000e+06	2.8800000e+02	2.6167381e+09	1.0404923e-10
7.5700000e+06	2.8800000e+02	2.5851875e+09	1.0279468e-10
7.5800000e+06	2.8800000e+02	2.5540174e+09	1.0155527e-10
7.5900000e+06	2.8800000e+02	2.5232231e+09	1.0033079e-10
7.6000000e+06	2.8800000e+02	2.4928000e+09	9.9121084e-11
7.6100000e+06	2.8800000e+02	2.4627438e+09	9.7925961e-11
7.6200000e+06	2.8800000e+02	2.4330500e+09	9.6745247e-11
7.6300000e+06	2.8800000e+02	2.4037142e+09	9.5578770e-11
7.6400000e+06	2.8800000e+02	2.3747321e+09	9.4426357e-11
7.6500000e+06	2.8800000e+02	2.3460995e+09	9.3287839e-11
7.6600000e+06	2.8800000e+02	2.3178121e+09	9.2163048e-11
7.6700000e+06	2.8800000e+02	2.2898658e+09	9.1051819e-11
7.6800000e+06	2.8800000e+02	2.2622564e+09	8.9953988e-11
7.6900000e+06	2.8800000e+02	2.2349799e+09	8.8869394e-11
7.7000000e+06	2.8800000e+02	2.2080323e+09	8.7797878e-11
7.7100000e+06	2.8800000e+02	2.1814096e+09	8.6739280e-11
7.7200000e+06	2.8800000e+02	2.1551079e+09	8.5693447e-11
7.7300000e+06	2.8800000e+02	2.1291233e+09	8.4660223e-11
7.7400000e+06	2.8800000e+02	2.1034520e+09	8.3639458e-11
7.7500000e+06	2.8800000e+02	2.0780902e+09	8.2630999e-11
7.7600000e+06	2.8800000e+02	2.0530343e+09	8.1634700e-11
7.7700000e+06	2.8800000e+02	2.0282804e+09	8.0650414e-11
7.7800000e+06	2.8800000e+02	2.0038250e+09	7.9677995e-11
7.7900000e+06	2.8800000e+02	1.9796645e+09	7.8717301e-11
7.8000000e+06	2.8800000e+02	1.9557953e+09	7.7768190e-11
7.8100000e+06	2.8800000e+02	1.9322138e+09	7.6830523e-11
7.8200000e+06	2.8800000e+02	1.9089167e+09	7.5904161e-11
7.8300000e+06	2.8800000e+02	1.8859005e+09	7.4988969e-11
7.8400000e+06	2.8800000e+02	1.8631618e+09	7.4084812e-11
7.8500000e+06	2.8800000e+02	1.8406973e+09	7.3191556e-11
7.8600000e+06	2.8800000e+02	1.8185036e+09	7.2309070e-11
7.8700000e+06	2.8800000e+02	1.7965776e+09	7.1437225e-11
7.8800000e+06	2.8800000e+02	1.7749159e+09	7.0575891e-11
7.8900000e+06	2.8800000e+02	1.7535153e+09	6.9724943e-11
7.9000000e+06	2.8800000e+02	1.7323728e+09	6.8884255e-11
7.9100000e+06	2.8800000e+02	1.7114853e+09	6.8053703e-11
7.9200000e+06	2.8800000e+02	1.6908495e+09	6.7233166e-11
7.9300000e+06	2.8800000e+02	1.6704626e+09	6.6422522e-11
7.9400000e+06	2.8800000e+02	1.6503215e+09	6.5621652e-11
7.9500000e+06	2.8800000e+02	1.6304232e+09	6.4830438e-11
7.9600000e+06	2.8800000e+02	1.6107649e+09	6.4048764e-11
7.9700000e+06	2.8800000e+02	1.5913435e+09	6.3276514e-11
7.9800000e+06	2.8800000e+02	1.5721564e+09	6.2513576e-11
7.9900000e+06	2.8800000e+02	1.5532006e+09	6.1759837e-11
8.0000000e+06	2.8800000e+02	1.5344733e+09	6.1015186e-11
8.0100000e+06	2.8800000e+02	1.5159718e+09	6.0279513e-11
8.0200000e+06	2.8800000e+02	1.4976935e+09	5.9552711e-11
8.0300000e+06	2.8800000e+02	1.4796355e+09	5.8834672e-11
8.0400000e+06	2.8800000e+02	1.4617952e+09	5.8125290e-11
8.0500000e+06	2.8800000e+02	1.4441700e+09	5.7424461e-11
8.0600000e+06	2.8800000e+02	1.4267574e+09	5.6732082e-11
8.0700000e+06	2.8800000e+02	1.4095547e+09	5.6048052e-11
8.0800000e+06	2.8800000e+02	1.3925594e+09	5.5372269e-11
8.0900000e+06	2.8800000e+02	1.3757690e+09	5.4704634e-11
8.1000000e+06	2.8800000e+02	1.3591811e+09	5.4045049e-11
8.1100000e+06	2.8800000e+02	1.3427931e+09	5.3393417e-11
8.1200000e+06	2.8800000e+02	1.3266028e+09	5.2749641e-11
8.1300000e+06	2.8800000e+02	1.3106077e+09	5.2113628e-11
8.1400000e+06	2.8800000e+02	1.2948054e+09	5.1485283e-11
8.1500000e+06	2.8800000e+02	1.2791937e+09	5.0864514e-11
8.1600000e+06	2.8800000e+02	1.2637702e+09	5.0251230e-11
8.1700000e+06	2.8800000e+02	1.2485326e+09	4.9645341e-11
8.1800000e+06	2.8800000e+02	1.2334788e+09	4.9046757e-11
8.1900000e+06	2.8800000e+02	1.2186065e+09	4.8455390e-11
8.2000000e+06	2.8800000e+02	1.2039135e+09	4.7871153e-11
8.2100000e+06	2.8800000e+02	1.1893977e+09	4.7293961e-11
8.2200000e+06	2.8800000e+02	1.1750569e+09	4.6723728e-11
8.2300000e+06	2.8800000e+02	1.1608890e+09	4.6160370e-11
8.2400000e+06	2.8800000e+02	1.1468919e+09	4.5603805e-11
8.2500000e+06	2.8800000e+02	1.1330636e+09	4.5053950e-11
8.2600000e+06	2.8800000e+02	1.1194020e+09	4.4510726e-11
8.2700000e+06	2.8800000e+02	1.1059051e+09	4.3974051e-11
8.2800000e+06	2.8800000e+02	1.0925710e+09	4.3443846e-11
8.2900000e+06	2.8800000e+02	1.0793976e+09	4.2920035e-11
8.3000000e+06	2.8800000e+02	1.0663831e+09	4.2402539e-11
8.3100000e+06	2.8800000e+02	1.0535255e+09	4.1891283e-11
8.3200000e+06	2.8800000e+02	1.0408229e+09	4.1386191e-11
8.3300000e+06	2.8800000e+02	1.0282735e+09	4.0887189e-11
8.3400000e+06	2.8800000e+02	1.0158754e+09	4.0394204e-11
8.3500000e+06	2.8800000e+02	1.0036268e+09	3.9907163e-11
8.3600000e+06	2.8800000e+02	9.9152586e+08	3.9425994e-11
8.3700000e+06	2.8800000e+02	9.7957083e+08	3.8950626e-11
8.3800000e+06	2.8800000e+02	9.6775994e+08	3.8480991e-11
8.3900000e+06	2.8800000e+02	9.5609146e+08	3.8017017e-11
8.4000000e+06	2.8800000e+02	9.4456367e+08	3.7558638e-11
8.4100000e+06	2.8800000e+02	9.3317487e+08	3.7105786e-11
8.4200000e+06	2.8800000e+02	9.2192338e+08	3.6658394e-11
8.4300000e+06	2.8800000e+02	9.1080756e+08	3.6216396e-11
8.4400000e+06	2.8800000e+02	8.9982577e+08	3.5779727e-11
8.4500000e+06	2.8800000e+02	8.8897638e+08	3.5348324e-11
8.4600000e+06	2.8800000e+02	8.7825781e+08	3.4922122e-11
8.4700000e+06	2.8800000e+02	8.6766847e+08	3.4501059e-11
8.4800000e+06	2.8800000e+02	8.5720682e+08	3.4085072e-11
8.4900000e+06	2.8800000e+02	8.4687130e+08	3.3674101e-11
8.5000000e+06	2.8800000e+02	8.3666039e+08	3.3268086e-11
8.5100000e+06	2.8800000e+02	8.2657261e+08	3.2866966e-11
8.5200000e+06	2.8800000e+02	8.1660645e+08	3.2470682e-11
8.5300000e+06	2.8800000e+02	8.0676046e+08	3.2079176e-11
8.5400000e+06	2.8800000e+02	7.9703318e+08	3.1692391e-11
8.5500000e+06	2.8800000e+02	7.8742318e+08	3.1310269e-11
8.5600000e+06	2.8800000e+02	7.7792906e+08	3.0932755e-11
8.5700000e+06	2.8800000e+02	7.6854941e+08	3.0559792e-11
8.5800000e+06	2.8800000e+02	7.5928285e+08	3.0191326e-11
8.5900000e+06	2.8800000e+02	7.5012802e+08	2.9827303e-11
8.6000000e+06	2.8800000e+02	7.4108357e+08	2.9467669e-11
8.6100000e+06	2.8800000e+02	7.3214817e+08	2.9112371e-11
8.6200000e+06	2.8800000e+02	7.2332051e+08	2.8761358e-11
8.6300000e+06	2.8800000e+02	7.1459928e+08	2.8414576e-11
8.6400000e+06	2.8800000e+02	7.0598321e+08	2.8071975e-11
8.6500000e+06	2.8800000e+02	6.9747103e+08	2.7733506e-11
8.6600000e+06	2.8800000e+02	6.8906147e+08	2.7399117e-11
8.6700000e+06	2.8800000e+02	6.8075332e+08	2.7068760e-11
8.6800000e+06	2.8800000e+02	6.7254533e+08	2.6742387e-11
8.6900000e+06	2.8800000e+02	6.6443632e+08	2.6419948e-11
8.7000000e+06	2.8800000e+02	6.5642507e+08	2.6101397e-11
8.7100000e+06	2.8800000e+02	6.4851042e+08	2.5786688e-11
8.7200000e+06	2.8800000e+02	6.4069119e+08	2.5475772e-11
8.7300000e+06	2.8800000e+02	6.3296625e+08	2.5168605e-11
8.7400000e+06	2.8800000e+02	6.2533444e+08	2.4865142e-11
8.7500000e+06	2.8800000e+02	6.1779465e+08	2.4565338e-11
8.7600000e+06	2.8800000e+02	6.1034578e+08	2.4269149e-11
8.7700000e+06	2.8800000e+02	6.0298671e+08	2.3976531e-11
8.7800000e+06	2.8800000e+02	5.9571638e+08	2.3687441e-11
8.7900000e+06	2.8800000e+02	5.8853370e+08	2.3401836e-11
8.8000000e+06	2.8800000e+02	5.8143763e+08	2.3119676e-11
8.8100000e+06	2.8800000e+02	5.7442711e+08	2.2840917e-11
8.8200000e+06	2.8800000e+02	5.6750113e+08	2.2565519e-11
8.8300000e+06	2.8800000e+02	5.6065865e+08	2.2293442e-11
8.8400000e+06	2.8800000e+02	5.5389867e+08	2.2024645e-11
8.8500000e+06	2.8800000e+02	5.4722020e+08	2.1759090e-11
8.8600000e+06	2.8800000e+02	5.4062225e+08	2.1496736e-11
8.8700000e+06	2.8800000e+02	5.3410386e+08	2.1237545e-11
8.8800000e+06	2.8800000e+02	5.2766406e+08	2.0981480e-11
8.8900000e+06	2.8800000e+02	5.2130190e+08	2.0728502e-11
8.9000000e+06	2.8800000e+02	5.1501646e+08	2.0478574e-11
8.9100000e+06	2.8800000e+02	5.0880680e+08	2.0231659e-11
8.9200000e+06	2.8800000e+02	5.0267201e+08	1.9987722e-11
8.9300000e+06	2.8800000e+02	4.9661119e+08	1.9746726e-11
8.9400000e+06	2.8800000e+02	4.9062344e+08	1.9508636e-11
8.9500000e+06	2.8800000e+02	4.8470790e+08	1.9273416e-11
8.9600000e+06	2.8800000e+02	4.7886367e+08	1.9041032e-11
8.9700000e+06	2.8800000e+02	4.7308991e+08	1.8811451e-11
8.9800000e+06	2.8800000e+02	4.6738577e+08	1.8584637e-11
8.9900000e+06	2.8800000e+02	4.6175040e+08	1.8360558e-11
9.0000000e+06	2.8800000e+02	4.5618298e+08	1.8139181e-11
9.0100000e+06	2.8800000e+02	4.5068269e+08	1.7920474e-11
9.0200000e+06	2.8800000e+02	4.4524872e+08	1.7704403e-11
9.0300000e+06	2.8800000e+02	4.3988026e+08	1.7490937e-11
9.0400000e+06	2.8800000e+02	4.3457653e+08	1.7280045e-11
9.0500000e+06	2.8800000e+02	4.2933675e+08	1.7071696e-11
9.0600000e+06	2.8800000e+02	4.2416015e+08	1.6865859e-11
9.0700000e+06	2.8800000e+02	4.1904597e+08	1.6662504e-11
9.0800000e+06	2.8800000e+02	4.1399344e+08	1.6461601e-11
9.0900000e+06	2.8800000e+02	4.0900184e+08	1.6263120e-11
9.1000000e+06	2.8800000e+02	4.0407042e+08	1.6067032e-11
9.1100000e+06	2.8800000e+02	3.9919846e+08	1.5873308e-11
9.1200000e+06	2.8800000e+02	3.9438524e+08	1.5681921e-11
9.1300000e+06	2.8800000e+02	3.8963005e+08	1.5492841e-11
9.1400000e+06	2.8800000e+02	3.8493220e+08	1.5306040e-11
9.1500000e+06	2.8800000e+02	3.8029100e+08	1.5121492e-11
9.1600000e+06	2.8800000e+02	3.7570575e+08	1.4939169e-11
9.1700000e+06	2.8800000e+02	3.7117579e+08	1.4759044e-11
9.1800000e+06	2.8800000e+02	3.6670044e+08	1.4581092e-11
9.1900000e+06	2.8800000e+02	3.6227906e+08	1.4405284e-11
9.2000000e+06	2.8800000e+02	3.5791099e+08	1.4231597e-11
9.2100000e+06	2.8800000e+02	3.5359558e+08	1.4060004e-11
9.2200000e+06	2.8800000e+02	3.4933221e+08	1.3890479e-11
9.2300000e+06	2.8800000e+02	3.4512023e+08	1.3722999e-11
9.2400000e+06	2.8800000e+02	3.4095905e+08	1.3557538e-11
9.2500000e+06	2.8800000e+02	3.3684803e+08	1.3394072e-11
9.2600000e+06	2.8800000e+02	3.3278659e+08	1.3232577e-11
9.2700000e+06	2.8800000e+02	3.2877411e+08	1.3073029e-11
9.2800000e+06	2.8800000e+02	3.2481001e+08	1.2915404e-11
9.2900000e+06	2.8800000e+02	3.2089371e+08	1.2759681e-11
9.3000000e+06	2.8800000e+02	3.1702463e+08	1.2605835e-11
9.3100000e+06	2.8800000e+02	3.1320220e+08	1.2453843e-11
9.3200000e+06	2.8800000e+02	3.0942585e+08	1.2303685e-11
9.3300000e+06	2.8800000e+02	3.0569504e+08	1.2155337e-11
9.3400000e+06	2.8800000e+02	3.0200921e+08	1.2008777e-11
9.3500000e+06	2.8800000e+02	2.9836783e+08	1.1863985e-11
9.3600000e+06	2.8800000e+02	2.9477034e+08	1.1720939e-11
9.3700000e+06	2.8800000e+02	2.9121624e+08	1.1579617e-11
9.3800000e+06	2.8800000e+02	2.8770498e+08	1.1439999e-11
9.3900000e+06	2.8800000e+02	2.8423606e+08	1.1302065e-11
9.4000000e+06	2.8800000e+02	2.8080897e+08	1.1165793e-11
9.4100000e+06	2.8800000e+02	2.7742320e+08	1.1031165e-11
9.4200000e+06	2.8800000e+02	2.7407825e+08	1.0898160e-11
9.4300000e+06	2.8800000e+02	2.7077363e+08	1.0766759e-11
9.4400000e+06	2.8800000e+02	2.6750886e+08	1.0636941e-11
9.4500000e+06	2.8800000e+02	2.6428345e+08	1.0508690e-11
9.4600000e+06	2.8800000e+02	2.6109693e+08	1.0381984e-11
9.4700000e+06	2.8800000e+02	2.5794883e+08	1.0256806e-11
9.4800000e+06	2.8800000e+02	2.5483869e+08	1.0133138e-11
9.4900000e+06	2.8800000e+02	2.5176604e+08	1.0010961e-11
9.5000000e+06	2.8800000e+02	2.4873045e+08	9.8902565e-12
9.5100000e+06	2.8800000e+02	2.4573145e+08	9.7710076e-12
9.5200000e+06	2.8800000e+02	2.4276862e+08	9.6531966e-12
9.5300000e+06	2.8800000e+02	2.3984151e+08	9.5368060e-12
9.5400000e+06	2.8800000e+02	2.3694969e+08	9.4218187e-12
9.5500000e+06	2.8800000e+02	2.3409274e+08	9.3082179e-12
9.5600000e+06	2.8800000e+02	2.3127023e+08	9.1959868e-12
9.5700000e+06	2.8800000e+02	2.2848176e+08	9.0851089e-12
9.5800000e+06	2.8800000e+02	2.2572691e+08	8.9755678e-12
9.5900000e+06	2.8800000e+02	2.2300527e+08	8.8673476e-12
9.6000000e+06	2.8800000e+02	2.2031645e+08	8.7604321e-12
9.6100000e+06	2.8800000e+02	2.1766005e+08	8.6548058e-12
9.6200000e+06	2.8800000e+02	2.1503568e+08	8.5504530e-12
9.6300000e+06	2.8800000e+02	2.1244295e+08	8.4473584e-12
9.6400000e+06	2.8800000e+02	2.0988148e+08	8.3455069e-12
9.6500000e+06	2.8800000e+02	2.0735090e+08	8.2448834e-12
9.6600000e+06	2.8800000e+02	2.0485082e+08	8.1454731e-12
9.6700000e+06	2.8800000e+02	2.0238089e+08	8.0472614e-12
9.6800000e+06	2.8800000e+02	1.9994075e+08	7.9502339e-12
9.6900000e+06	2.8800000e+02	1.9753002e+08	7.8543763e-12
9.7000000e+06	2.8800000e+02	1.9514836e+08	7.7596745e-12
9.7100000e+06	2.8800000e+02	1.9279541e+08	7.6661145e-12
9.7200000e+06	2.8800000e+02	1.9047084e+08	7.5736826e-12
9.7300000e+06	2.8800000e+02	1.8817429e+08	7.4823651e-12
9.7400000e+06	2.8800000e+02	1.8590544e+08	7.3921487e-12
9.7500000e+06	2.8800000e+02	1.8366394e+08	7.3030200e-12
9.7600000e+06	2.8800000e+02	1.8144946e+08	7.2149660e-12
9.7700000e+06	2.8800000e+02	1.7926169e+08	7.1279736e-12
9.7800000e+06	2.8800000e+02	1.7710029e+08	7.0420302e-12
9.7900000e+06	2.8800000e+02	1.7496496e+08	6.9571230e-12
9.8000000e+06	2.8800000e+02	1.7285537e+08	6.8732395e-12
9.8100000e+06	2.8800000e+02	1.7077122e+08	6.7903674e-12
9.8200000e+06	2.8800000e+02	1.6871219e+08	6.7084946e-12
9.8300000e+06	2.8800000e+02	1.6667800e+08	6.6276089e-12
9.8400000e+06	2.8800000e+02	1.6466832e+08	6.5476984e-12
9.8500000e+06	2.8800000e+02	1.6268288e+08	6.4687514e-12
9.8600000e+06	2.8800000e+02	1.6072138e+08	6.3907564e-12
9.8700000e+06	2.8800000e+02	1.5878353e+08	6.3137017e-12
9.8800000e+06	2.8800000e+02	1.5686905e+08	6.2375761e-12
9.8900000e+06	2.8800000e+02	1.5497764e+08	6.1623683e-12
9.9000000e+06	2.8800000e+02	1.5310905e+08	6.0880674e-12
9.9100000e+06	2.8800000e+02	1.5126298e+08	6.0146623e-12
9.9200000e+06	2.8800000e+02	1.4943917e+08	5.9421423e-12
9.9300000e+06	2.8800000e+02	1.4763735e+08	5.8704966e-12
9.9400000e+06	2.8800000e+02	1.4585726e+08	5.7997148e-12
9.9500000e+06	2.8800000e+02	1.4409863e+08	5.7297865e-12
9.9600000e+06	2.8800000e+02	1.4236120e+08	5.6607013e-12
9.9700000e+06	2.8800000e+02	1.4064472e+08	5.5924490e-12
9.9800000e+06	2.8800000e+02	1.3894894e+08	5.5250197e-12
9.9900000e+06	2.8800000e+02	1.3727360e+08	5.4584034e-12
