     A       erg/s/cm^2/A
    1151.  0.450033E-01
    1152.  0.662820E-01
    1154.  0.698285E-01
    1156.  0.706846E-01
    1157.  0.569879E-01
    1159.  0.432912E-01
    1161.  0.505064E-01
    1162.  0.443919E-01
    1164.  0.487944E-01
    1166.  0.413346E-01
    1167.  0.407231E-01
    1169.  0.457371E-01
    1171.  0.346085E-01
    1172.  0.651814E-01
    1174.  0.933085E-01
    1176.  0.947760E-01
    1177.  0.759431E-01
    1179.  0.470823E-01
    1181.  0.225017E-01
    1182.  0.196889E-01
    1184.  0.211564E-01
    1186.  0.313067E-01
    1188.  0.260481E-01
    1189.  0.302060E-01
    1191.  0.366875E-01
    1192.  0.413346E-01
    1194.  0.423129E-01
    1196.  0.391333E-01
    1198.  0.442696E-01
    1199.  0.551535E-01
    1201.  0.675050E-01
    1203.  0.928193E-01
    1204.  0.141858E+00
    1206.  0.189552E+00
    1208.  0.238469E+00
    1209.  0.418237E+00
    1211.  0.748425E+00
    1213.  0.123515E+01
    1214.  0.162648E+01
    1216.  0.156533E+01
    1218.  0.114465E+01
    1219.  0.689725E+00
    1221.  0.332633E+00
    1223.  0.167540E+00
    1224.  0.677496E-01
    1226.  0.408454E-01
    1228.  0.320404E-01
    1229.  0.253144E-01
    1231.  0.244583E-01
    1233.  0.286162E-01
    1234.  0.270264E-01
    1236.  0.326519E-01
    1238.  0.376658E-01
    1239.  0.366875E-01
    1241.  0.361983E-01
    1243.  0.294723E-01
    1244.  0.251921E-01
    1246.  0.189552E-01
    1248.  0.180992E-01
    1250.  0.187106E-01
    1251.  0.182215E-01
    1253.  0.163871E-01
    1254.  0.171208E-01
    1256.  0.157756E-01
    1258.  0.196889E-01
    1259.  0.225017E-01
    1261.  0.239692E-01
    1263.  0.261704E-01
    1265.  0.265373E-01
    1266.  0.233577E-01
    1268.  0.143081E-01
    1270.  0.108106E-01
    1271.  0.820577E-02
    1273.  0.887837E-02
    1275.  0.127183E-01
    1276.  0.135744E-01
    1278.  0.155310E-01
    1280.  0.138190E-01
    1281.  0.150419E-01
    1283.  0.122292E-01
    1285.  0.799787E-02
    1286.  0.858487E-02
    1288.  0.113731E-01
    1290.  0.144304E-01
    1291.  0.140635E-01
    1293.  0.143081E-01
    1295.  0.143081E-01
    1296.  0.174877E-01
    1298.  0.217679E-01
    1300.  0.392556E-01
    1301.  0.623687E-01
    1303.  0.941645E-01
    1305.  0.104192E+00
    1306.  0.845035E-01
    1308.  0.538083E-01
    1310.  0.308175E-01
    1312.  0.193221E-01
    1313.  0.112875E-01
    1315.  0.116911E-01
    1316.  0.120335E-01
    1318.  0.874385E-02
    1320.  0.969772E-02
    1322.  0.922079E-02
    1323.  0.915964E-02
    1325.  0.130852E-01
    1327.  0.162648E-01
    1328.  0.189552E-01
    1330.  0.278825E-01
    1332.  0.478160E-01
    1333.  0.920856E-01
    1335.  0.147973E+00
    1337.  0.118867E+00
    1338.  0.579662E-01
    1340.  0.249475E-01
    1342.  0.141858E-01
    1343.  0.134521E-01
    1345.  0.107372E-01
    1347.  0.106271E-01
    1348.  0.109940E-01
    1350.  0.124737E-01
    1352.  0.135744E-01
    1353.  0.188329E-01
    1355.  0.194444E-01
    1357.  0.207896E-01
    1358.  0.189552E-01
    1360.  0.184660E-01
    1362.  0.147973E-01
    1364.  0.123515E-01
    1365.  0.127183E-01
    1367.  0.115076E-01
    1368.  0.127183E-01
    1370.  0.122292E-01
    1372.  0.123515E-01
    1373.  0.122292E-01
    1375.  0.107617E-01
    1377.  0.106761E-01
    1379.  0.101380E-01
    1380.  0.120824E-01
    1382.  0.115810E-01
    1384.  0.108106E-01
    1385.  0.917187E-02
    1387.  0.107250E-01
    1389.  0.158979E-01
    1390.  0.231131E-01
    1392.  0.364429E-01
    1394.  0.620018E-01
    1395.  0.566210E-01
    1397.  0.352200E-01
    1399.  0.266596E-01
    1400.  0.346085E-01
    1402.  0.396225E-01
    1404.  0.443919E-01
    1405.  0.366875E-01
    1407.  0.286162E-01
    1409.  0.166317E-01
    1410.  0.124737E-01
    1412.  0.154087E-01
    1414.  0.176100E-01
    1415.  0.154087E-01
    1417.  0.128406E-01
    1419.  0.956320E-02
    1420.  0.107983E-01
    1422.  0.139412E-01
    1424.  0.136967E-01
    1426.  0.135744E-01
    1427.  0.162648E-01
    1429.  0.183437E-01
    1430.  0.151642E-01
    1432.  0.138190E-01
    1434.  0.138190E-01
    1436.  0.141858E-01
    1437.  0.173654E-01
    1439.  0.173654E-01
    1441.  0.166317E-01
    1442.  0.190775E-01
    1444.  0.169985E-01
    1446.  0.158979E-01
    1447.  0.134521E-01
    1449.  0.191998E-01
    1451.  0.180992E-01
    1452.  0.178546E-01
    1454.  0.166317E-01
    1456.  0.150419E-01
    1457.  0.176100E-01
    1459.  0.172431E-01
    1461.  0.171208E-01
    1462.  0.207896E-01
    1464.  0.195667E-01
    1466.  0.204227E-01
    1467.  0.193221E-01
    1469.  0.187106E-01
    1471.  0.239692E-01
    1472.  0.259258E-01
    1474.  0.254367E-01
    1476.  0.237246E-01
    1478.  0.231131E-01
    1479.  0.258035E-01
    1481.  0.271487E-01
    1482.  0.238469E-01
    1484.  0.211564E-01
    1486.  0.201781E-01
    1488.  0.205450E-01
    1489.  0.214010E-01
    1491.  0.194444E-01
    1493.  0.172431E-01
    1494.  0.176100E-01
    1496.  0.206673E-01
    1498.  0.182215E-01
    1499.  0.187106E-01
    1501.  0.200558E-01
    1503.  0.222571E-01
    1504.  0.212787E-01
    1506.  0.244583E-01
    1508.  0.238469E-01
    1509.  0.229908E-01
    1511.  0.261704E-01
    1513.  0.262927E-01
    1514.  0.225017E-01
    1516.  0.239692E-01
    1518.  0.226239E-01
    1519.  0.249475E-01
    1521.  0.249475E-01
    1523.  0.251921E-01
    1524.  0.321627E-01
    1526.  0.319181E-01
    1528.  0.308175E-01
    1529.  0.311844E-01
    1531.  0.342417E-01
    1533.  0.364429E-01
    1534.  0.352200E-01
    1536.  0.319181E-01
    1538.  0.275156E-01
    1540.  0.267819E-01
    1541.  0.315512E-01
    1543.  0.450033E-01
    1544.  0.698285E-01
    1546.  0.116422E+00
    1548.  0.169985E+00
    1549.  0.179769E+00
    1551.  0.124737E+00
    1553.  0.731304E-01
    1555.  0.421906E-01
    1556.  0.359537E-01
    1558.  0.445141E-01
    1560.  0.553981E-01
    1561.  0.618796E-01
    1563.  0.496504E-01
    1565.  0.333856E-01
    1566.  0.227462E-01
    1568.  0.260481E-01
    1570.  0.270264E-01
    1571.  0.271487E-01
    1573.  0.313067E-01
    1575.  0.314289E-01
    1576.  0.289831E-01
    1578.  0.238469E-01
    1580.  0.178546E-01
    1581.  0.200558E-01
    1583.  0.232354E-01
    1585.  0.247029E-01
    1586.  0.250698E-01
    1588.  0.242137E-01
    1590.  0.243360E-01
    1592.  0.259258E-01
    1593.  0.284939E-01
    1595.  0.255589E-01
    1596.  0.269042E-01
    1598.  0.276379E-01
    1600.  0.255589E-01
    1602.  0.216456E-01
    1603.  0.242137E-01
    1605.  0.248252E-01
    1606.  0.240914E-01
    1608.  0.239692E-01
    1610.  0.260481E-01
    1612.  0.254367E-01
    1613.  0.238469E-01
    1615.  0.227462E-01
    1617.  0.182215E-01
    1618.  0.176100E-01
    1620.  0.185883E-01
    1622.  0.223794E-01
    1623.  0.258035E-01
    1625.  0.215233E-01
    1627.  0.232354E-01
    1628.  0.248252E-01
    1630.  0.308175E-01
    1632.  0.337525E-01
    1633.  0.401116E-01
    1635.  0.481829E-01
    1637.  0.723966E-01
    1638.  0.114832E+00
    1640.  0.157756E+00
    1642.  0.133298E+00
    1643.  0.809570E-01
    1645.  0.478160E-01
    1647.  0.328964E-01
    1648.  0.291054E-01
    1650.  0.282494E-01
    1652.  0.398671E-01
    1654.  0.643254E-01
    1655.  0.102113E+00
    1657.  0.136967E+00
    1658.  0.120824E+00
    1660.  0.803456E-01
    1662.  0.528300E-01
    1664.  0.419460E-01
    1665.  0.423129E-01
    1667.  0.425575E-01
    1669.  0.509956E-01
    1670.  0.612681E-01
    1672.  0.571102E-01
    1674.  0.456148E-01
    1675.  0.326519E-01
    1677.  0.247029E-01
    1679.  0.228685E-01
    1680.  0.212787E-01
    1682.  0.206673E-01
    1684.  0.233577E-01
    1685.  0.262927E-01
    1687.  0.260481E-01
    1689.  0.276379E-01
    1690.  0.278825E-01
    1692.  0.292277E-01
    1694.  0.346085E-01
    1695.  0.361983E-01
    1697.  0.360760E-01
    1699.  0.342417E-01
    1700.  0.327742E-01
    1702.  0.304506E-01
    1704.  0.313067E-01
    1705.  0.293500E-01
    1707.  0.271487E-01
    1709.  0.297169E-01
    1710.  0.344862E-01
    1712.  0.375435E-01
    1714.  0.374212E-01
    1716.  0.383996E-01
    1717.  0.368098E-01
    1719.  0.349754E-01
    1720.  0.322850E-01
    1722.  0.325296E-01
    1724.  0.320404E-01
    1726.  0.321627E-01
    1727.  0.288608E-01
    1729.  0.262927E-01
    1731.  0.251921E-01
    1732.  0.260481E-01
    1734.  0.278825E-01
    1736.  0.282494E-01
    1737.  0.281271E-01
    1739.  0.288608E-01
    1741.  0.294723E-01
    1742.  0.291054E-01
    1744.  0.271487E-01
    1746.  0.272710E-01
    1747.  0.295946E-01
    1749.  0.319181E-01
    1751.  0.322850E-01
    1752.  0.325296E-01
    1754.  0.293500E-01
    1756.  0.278825E-01
    1757.  0.288608E-01
    1759.  0.292277E-01
    1761.  0.293500E-01
    1762.  0.297169E-01
    1764.  0.313067E-01
    1766.  0.327742E-01
    1768.  0.320404E-01
    1769.  0.310621E-01
    1771.  0.316735E-01
    1772.  0.324073E-01
    1774.  0.331410E-01
    1776.  0.326519E-01
    1778.  0.325296E-01
    1779.  0.333856E-01
    1781.  0.320404E-01
    1783.  0.324073E-01
    1784.  0.354646E-01
    1786.  0.357092E-01
    1788.  0.346085E-01
    1789.  0.338748E-01
    1791.  0.321627E-01
    1793.  0.322850E-01
    1794.  0.321627E-01
    1796.  0.322850E-01
    1798.  0.316735E-01
    1799.  0.352200E-01
    1801.  0.399894E-01
    1803.  0.524631E-01
    1804.  0.835252E-01
    1806.  0.134521E+00
    1808.  0.168762E+00
    1809.  0.154087E+00
    1811.  0.124737E+00
    1813.  0.133298E+00
    1814.  0.193221E+00
    1816.  0.262927E+00
    1818.  0.247029E+00
    1819.  0.173654E+00
    1821.  0.106638E+00
    1823.  0.656706E-01
    1824.  0.512402E-01
    1826.  0.470823E-01
    1828.  0.453702E-01
    1830.  0.421906E-01
    1831.  0.401116E-01
    1833.  0.403562E-01
    1834.  0.392556E-01
    1836.  0.392556E-01
    1838.  0.392556E-01
    1840.  0.402339E-01
    1841.  0.414569E-01
    1843.  0.418237E-01
    1845.  0.436581E-01
    1846.  0.445141E-01
    1848.  0.445141E-01
    1850.  0.453702E-01
    1851.  0.481829E-01
    1853.  0.528300E-01
    1855.  0.536860E-01
    1856.  0.523408E-01
    1858.  0.513625E-01
    1860.  0.520962E-01
    1861.  0.524631E-01
    1863.  0.512402E-01
    1865.  0.481829E-01
    1866.  0.468377E-01
    1868.  0.465931E-01
    1870.  0.478160E-01
    1871.  0.497727E-01
    1873.  0.519739E-01
    1875.  0.533191E-01
    1876.  0.533191E-01
    1878.  0.512402E-01
    1880.  0.502619E-01
    1882.  0.502619E-01
    1883.  0.523408E-01
    1885.  0.542975E-01
    1886.  0.568656E-01
    1888.  0.607789E-01
    1890.  0.675050E-01
    1892.  0.736196E-01
    1893.  0.753316E-01
    1895.  0.719075E-01
    1897.  0.678718E-01
    1898.  0.677496E-01
    1900.  0.716629E-01
    1902.  0.752093E-01
    1903.  0.723966E-01
    1905.  0.659152E-01
    1907.  0.624910E-01
    1908.  0.596783E-01
    1910.  0.594337E-01
    1912.  0.605343E-01
    1913.  0.607789E-01
    1915.  0.633471E-01
    1917.  0.654260E-01
    1918.  0.650591E-01
    1920.  0.626133E-01
    1922.  0.626133E-01
    1923.  0.644477E-01
    1925.  0.666489E-01
    1927.  0.688502E-01
    1928.  0.717852E-01
    1930.  0.721520E-01
    1932.  0.704400E-01
    1933.  0.666489E-01
    1935.  0.653037E-01
    1937.  0.643254E-01
    1938.  0.637139E-01
    1940.  0.649368E-01
    1942.  0.666489E-01
    1944.  0.694616E-01
    1945.  0.710514E-01
    1947.  0.717852E-01
    1948.  0.725189E-01
    1950.  0.720298E-01
    1952.  0.721520E-01
    1954.  0.731304E-01
    1955.  0.728858E-01
    1957.  0.730081E-01
    1959.  0.728858E-01
    1960.  0.737418E-01
    1962.  0.755762E-01
    1964.  0.767991E-01
    1965.  0.793673E-01
    1967.  0.814462E-01
    1969.  0.813239E-01
    1970.  0.831583E-01
    1972.  0.831583E-01
    1974.  0.824245E-01
    1975.  0.826691E-01
    1977.  0.845035E-01
    1979.  0.859710E-01
    1982.  0.517293E-01
    1984.  0.381550E-01
    1987.  0.107617E+00
    1990.  0.121069E+00
    1992.  0.947760E-01
    1995.  0.780220E-01
    1998.  0.820577E-01
    2000.  0.109084E-01
    2003.  0.325296E-01
    2006.  0.898843E-01
    2008.  0.575993E-01
    2011.  0.130852E+00
    2014.  0.123515E+00
    2016.  0.189552E+00
    2019.  0.470823E-01
    2022.  0.830360E-01
    2024.  0.738641E-01
    2027.  0.988116E-01
    2030.  0.765546E-01
    2032.  0.966104E-01
    2035.  0.101135E+00
    2038.  0.580885E-01
    2040.  0.900066E-01
    2043.  0.969772E-01
    2046.  0.115076E+00
    2048.  0.139412E+00
    2051.  0.879277E-01
    2054.  0.107372E+00
    2056.  0.102358E+00
    2059.  0.812016E-01
    2062.  0.105538E+00
    2064.  0.138190E+00
    2067.  0.111775E+00
    2070.  0.113609E+00
    2072.  0.144304E+00
    2075.  0.140635E+00
    2078.  0.999122E-01
    2080.  0.155310E+00
    2083.  0.114220E+00
    2086.  0.111652E+00
    2088.  0.177323E+00
    2091.  0.211564E+00
    2094.  0.111041E+00
    2096.  0.180992E+00
    2099.  0.240914E+00
    2102.  0.195667E+00
    2104.  0.212787E+00
    2107.  0.179769E+00
    2110.  0.216456E+00
    2112.  0.195667E+00
    2115.  0.205450E+00
    2117.  0.169985E+00
    2120.  0.212787E+00
    2123.  0.311844E+00
    2125.  0.223794E+00
    2128.  0.189552E+00
    2131.  0.244583E+00
    2133.  0.215233E+00
    2136.  0.207896E+00
    2139.  0.283717E+00
    2141.  0.277602E+00
    2144.  0.259258E+00
    2147.  0.336302E+00
    2149.  0.280048E+00
    2152.  0.177323E+00
    2155.  0.236023E+00
    2157.  0.294723E+00
    2160.  0.244583E+00
    2163.  0.341194E+00
    2165.  0.244583E+00
    2168.  0.220125E+00
    2171.  0.281271E+00
    2173.  0.276379E+00
    2176.  0.233577E+00
    2179.  0.282494E+00
    2181.  0.288608E+00
    2184.  0.293500E+00
    2187.  0.283717E+00
    2189.  0.330187E+00
    2192.  0.315512E+00
    2195.  0.354646E+00
    2197.  0.311844E+00
    2200.  0.299614E+00
    2203.  0.341194E+00
    2205.  0.415791E+00
    2208.  0.354646E+00
    2211.  0.428021E+00
    2213.  0.376658E+00
    2216.  0.376658E+00
    2219.  0.454925E+00
    2221.  0.348531E+00
    2224.  0.441473E+00
    2227.  0.481829E+00
    2229.  0.478160E+00
    2232.  0.445141E+00
    2235.  0.410900E+00
    2237.  0.583331E+00
    2240.  0.480606E+00
    2243.  0.472046E+00
    2245.  0.575993E+00
    2248.  0.547866E+00
    2251.  0.635916E+00
    2253.  0.742310E+00
    2256.  0.693393E+00
    2259.  0.679941E+00
    2261.  0.539306E+00
    2264.  0.443919E+00
    2267.  0.531969E+00
    2269.  0.534414E+00
    2272.  0.561318E+00
    2275.  0.501396E+00
    2277.  0.481829E+00
    2280.  0.534414E+00
    2282.  0.640808E+00
    2285.  0.666489E+00
    2288.  0.596783E+00
    2290.  0.567433E+00
    2293.  0.591891E+00
    2296.  0.650591E+00
    2298.  0.604121E+00
    2301.  0.550312E+00
    2304.  0.571102E+00
    2306.  0.711737E+00
    2309.  0.616350E+00
    2312.  0.584554E+00
    2315.  0.523408E+00
    2317.  0.690948E+00
    2320.  0.700731E+00
    2323.  0.670158E+00
    2325.  0.733750E+00
    2328.  0.747202E+00
    2331.  0.856041E+00
    2333.  0.929416E+00
    2336.  0.997900E+00
    2338.  0.911073E+00
    2341.  0.867047E+00
    2344.  0.862156E+00
    2346.  0.959989E+00
    2349.  0.886614E+00
    2352.  0.858487E+00
    2354.  0.864602E+00
    2357.  0.849927E+00
    2360.  0.882945E+00
    2362.  0.105293E+01
    2365.  0.996677E+00
    2368.  0.980779E+00
    2370.  0.911073E+00
    2373.  0.876831E+00
    2376.  0.893952E+00
    2378.  0.101869E+01
    2381.  0.117033E+01
    2384.  0.127183E+01
    2386.  0.134521E+01
    2389.  0.114098E+01
    2392.  0.114710E+01
    2394.  0.104804E+01
    2397.  0.104804E+01
    2400.  0.107494E+01
    2402.  0.107983E+01
    2405.  0.113487E+01
    2408.  0.115932E+01
    2410.  0.108595E+01
    2413.  0.112019E+01
    2416.  0.102970E+01
    2418.  0.986893E+00
    2421.  0.980779E+00
    2424.  0.110796E+01
    2426.  0.111163E+01
    2429.  0.105293E+01
    2432.  0.112875E+01
    2434.  0.118867E+01
    2437.  0.113853E+01
    2440.  0.109084E+01
    2442.  0.109329E+01
    2445.  0.110307E+01
    2448.  0.106271E+01
    2450.  0.103826E+01
    2453.  0.101991E+01
    2456.  0.105538E+01
    2458.  0.106638E+01
    2461.  0.988116E+00
    2464.  0.913518E+00
    2466.  0.991785E+00
    2469.  0.104437E+01
    2472.  0.104070E+01
    2474.  0.116177E+01
    2477.  0.113731E+01
    2480.  0.103703E+01
    2482.  0.977110E+00
    2485.  0.891506E+00
    2488.  0.869493E+00
    2490.  0.878054E+00
    2493.  0.100891E+01
    2495.  0.103092E+01
    2498.  0.111652E+01
    2501.  0.113731E+01
    2503.  0.118378E+01
    2506.  0.118501E+01
    2509.  0.122292E+01
    2512.  0.118256E+01
    2514.  0.106394E+01
    2517.  0.974664E+00
    2519.  0.900066E+00
    2522.  0.952652E+00
    2525.  0.953875E+00
    2528.  0.100157E+01
    2530.  0.106638E+01
    2533.  0.113242E+01
    2535.  0.125960E+01
    2538.  0.139412E+01
    2541.  0.143081E+01
    2544.  0.143081E+01
    2546.  0.140635E+01
    2549.  0.145527E+01
    2551.  0.152865E+01
    2554.  0.167540E+01
    2557.  0.178546E+01
    2559.  0.182215E+01
    2560.  0.183437E+01
    2563.  0.190775E+01
    2566.  0.190775E+01
    2568.  0.203004E+01
    2571.  0.214010E+01
    2574.  0.220125E+01
    2576.  0.222571E+01
    2579.  0.218902E+01
    2582.  0.255589E+01
    2584.  0.254367E+01
    2587.  0.254367E+01
    2590.  0.259258E+01
    2592.  0.260481E+01
    2595.  0.247029E+01
    2598.  0.256812E+01
    2600.  0.261704E+01
    2603.  0.264150E+01
    2606.  0.247029E+01
    2608.  0.255589E+01
    2611.  0.259258E+01
    2614.  0.253144E+01
    2616.  0.288608E+01
    2619.  0.298392E+01
    2622.  0.305729E+01
    2624.  0.331410E+01
    2627.  0.342417E+01
    2630.  0.354646E+01
    2632.  0.328964E+01
    2635.  0.369321E+01
    2638.  0.424352E+01
    2640.  0.465931E+01
    2643.  0.481829E+01
    2646.  0.452479E+01
    2648.  0.406008E+01
    2651.  0.404785E+01
    2654.  0.457371E+01
    2656.  0.495281E+01
    2659.  0.492835E+01
    2662.  0.459816E+01
    2664.  0.464708E+01
    2667.  0.503841E+01
    2670.  0.475714E+01
    2672.  0.472046E+01
    2675.  0.496504E+01
    2678.  0.489166E+01
    2680.  0.445142E+01
    2683.  0.483052E+01
    2686.  0.484275E+01
    2688.  0.467154E+01
    2691.  0.467154E+01
    2694.  0.478160E+01
    2696.  0.465931E+01
    2699.  0.494058E+01
    2702.  0.525854E+01
    2704.  0.547866E+01
    2707.  0.527077E+01
    2710.  0.509956E+01
    2712.  0.511179E+01
    2715.  0.495281E+01
    2718.  0.386441E+01
    2720.  0.298392E+01
    2723.  0.300837E+01
    2726.  0.355869E+01
    2728.  0.452479E+01
    2731.  0.518516E+01
    2734.  0.484275E+01
    2736.  0.402339E+01
    2739.  0.369321E+01
    2742.  0.368098E+01
    2744.  0.355869E+01
    2747.  0.374212E+01
    2750.  0.404785E+01
    2752.  0.412123E+01
    2755.  0.447587E+01
    2758.  0.473269E+01
    2760.  0.540529E+01
    2763.  0.577216E+01
    2766.  0.571102E+01
    2768.  0.590668E+01
    2771.  0.584554E+01
    2774.  0.590668E+01
    2776.  0.587000E+01
    2779.  0.567433E+01
    2782.  0.480606E+01
    2784.  0.481829E+01
    2787.  0.496504E+01
    2790.  0.483052E+01
    2792.  0.475714E+01
    2795.  0.595560E+01
    2798.  0.825468E+01
    2800.  0.716629E+01
    2803.  0.671381E+01
    2806.  0.714183E+01
    2808.  0.585777E+01
    2811.  0.501396E+01
    2814.  0.535637E+01
    2816.  0.587000E+01
    2819.  0.651814E+01
    2822.  0.659152E+01
    2824.  0.688502E+01
    2827.  0.700731E+01
    2830.  0.717852E+01
    2832.  0.733750E+01
    2835.  0.708068E+01
    2838.  0.672604E+01
    2840.  0.637139E+01
    2843.  0.578439E+01
    2846.  0.487943E+01
    2848.  0.391333E+01
    2851.  0.283717E+01
    2854.  0.231131E+01
    2856.  0.259258E+01
    2859.  0.353423E+01
    2862.  0.443919E+01
    2864.  0.535637E+01
    2867.  0.593114E+01
    2870.  0.646923E+01
    2872.  0.698285E+01
    2875.  0.761877E+01
    2878.  0.747202E+01
    2880.  0.693393E+01
    2883.  0.643254E+01
    2886.  0.725189E+01
    2888.  0.913518E+01
    2891.  0.101991E+02
    2894.  0.111163E+02
    2896.  0.125960E+02
    2899.  0.140635E+02
    2902.  0.158979E+02
    2904.  0.171208E+02
    2907.  0.166317E+02
    2910.  0.166317E+02
    2912.  0.162648E+02
    2915.  0.161425E+02
    2918.  0.168762E+02
    2920.  0.169985E+02
    2923.  0.163871E+02
    2926.  0.155310E+02
    2928.  0.155310E+02
    2931.  0.160202E+02
    2934.  0.172431E+02
    2936.  0.154087E+02
    2939.  0.127183E+02
    2942.  0.128406E+02
    2944.  0.128406E+02
    2947.  0.132075E+02
    2950.  0.128406E+02
    2952.  0.130852E+02
    2955.  0.135744E+02
    2958.  0.134521E+02
    2960.  0.141858E+02
    2963.  0.145527E+02
    2966.  0.123515E+02
    2968.  0.934308E+01
    2971.  0.865825E+01
    2974.  0.100157E+02
    2976.  0.130852E+02
    2979.  0.154087E+02
    2982.  0.133298E+02
    2984.  0.103459E+02
    2987.  0.991785E+01
    2990.  0.120824E+02
    2992.  0.130852E+02
    2995.  0.121069E+02
    2998.  0.106761E+02
    3000.  0.952652E+01
    3003.  0.892729E+01
    3006.  0.935531E+01
    3008.  0.991785E+01
    3011.  0.104315E+02
    3014.  0.112875E+02
    3016.  0.111530E+02
    3019.  0.917187E+01
    3022.  0.787558E+01
    3024.  0.876831E+01
    3027.  0.115688E+02
    3030.  0.147973E+02
    3032.  0.173654E+02
    3035.  0.180992E+02
    3038.  0.169985E+02
    3040.  0.149196E+02
    3043.  0.145527E+02
    3046.  0.155310E+02
    3048.  0.152865E+02
    3051.  0.151642E+02
    3054.  0.151642E+02
    3056.  0.154087E+02
    3059.  0.140635E+02
    3062.  0.136967E+02
    3064.  0.157756E+02
    3067.  0.169985E+02
    3070.  0.177323E+02
    3072.  0.196889E+02
    3075.  0.205450E+02
    3077.  0.206673E+02
    3080.  0.206673E+02
    3083.  0.199335E+02
    3086.  0.196889E+02
    3088.  0.199335E+02
    3091.  0.183437E+02
    3094.  0.156533E+02
    3096.  0.146750E+02
    3099.  0.149196E+02
    3102.  0.154087E+02
    3104.  0.190775E+02
    3107.  0.248252E+02
    3110.  0.287385E+02
    3112.  0.302060E+02
    3115.  0.298392E+02
    3118.  0.275156E+02
    3120.  0.248252E+02
    3123.  0.239692E+02
    3126.  0.239692E+02
    3128.  0.243360E+02
    3131.  0.249475E+02
    3134.  0.253144E+02
    3136.  0.255589E+02
    3139.  0.258035E+02
    3142.  0.259258E+02
    3144.  0.244583E+02
    3147.  0.239692E+02
    3150.  0.248252E+02
    3152.  0.244583E+02
    3155.  0.239692E+02
    3158.  0.217679E+02
    3160.  0.190775E+02
    3163.  0.178546E+02
    3165.  0.203004E+02
    3168.  0.247029E+02
    3171.  0.273933E+02
    3174.  0.292277E+02
    3176.  0.293500E+02
    3179.  0.277602E+02
    3182.  0.243360E+02
    3184.  0.217679E+02
    3187.  0.220125E+02
    3190.  0.228685E+02
    3192.  0.233577E+02
    3195.  0.216456E+02
    3198.  0.221348E+02
    3200.  0.243360E+02
    3203.  0.237246E+02
    3206.  0.251921E+02
    3208.  0.284939E+02
    3211.  0.260481E+02
    3214.  0.215233E+02
    3216.  0.201781E+02
    3219.  0.212787E+02
    3222.  0.226239E+02
    3224.  0.225017E+02
    3227.  0.206673E+02
    3230.  0.194444E+02
    3232.  0.183437E+02
    3235.  0.191998E+02
    3238.  0.204227E+02
    3240.  0.217679E+02
    3243.  0.240914E+02
    3246.  0.245806E+02
    3248.  0.250698E+02
    3251.  0.253144E+02
    3253.  0.251921E+02
    3256.  0.273933E+02
    3259.  0.303283E+02
    3262.  0.330187E+02
    3264.  0.358314E+02
    3267.  0.357092E+02
    3270.  0.353423E+02
    3272.  0.332633E+02
    3275.  0.331410E+02
    3278.  0.365652E+02
    3280.  0.361983E+02
    3283.  0.339971E+02
    3286.  0.343639E+02
    3288.  0.346085E+02
    3291.  0.342417E+02
    3294.  0.355869E+02
    3296.  0.386441E+02
    3299.  0.396225E+02
    3302.  0.404785E+02
    3304.  0.429244E+02
    3307.  0.414569E+02
    3309.  0.376658E+02
    3312.  0.336302E+02
    3315.  0.332633E+02
    3317.  0.353423E+02
    3320.  0.364429E+02
    3323.  0.408454E+02
    3325.  0.409677E+02
    3328.  0.387664E+02
    3331.  0.387664E+02
    3333.  0.395002E+02
    3336.  0.371766E+02
    3339.  0.344862E+02
    3341.  0.355869E+02
    3344.  0.360760E+02
    3347.  0.385219E+02
    3349.  0.410900E+02
    3350.  0.441473E+02
    3375.  0.420683E+02
    3400.  0.426798E+02
    3425.  0.431689E+02
    3450.  0.414569E+02
    3475.  0.430466E+02
    3500.  0.464708E+02
    3525.  0.489166E+02
    3550.  0.494058E+02
    3575.  0.430466E+02
    3600.  0.414569E+02
    3625.  0.470823E+02
    3650.  0.568656E+02
    3675.  0.639585E+02
    3700.  0.598006E+02
    3725.  0.487944E+02
    3750.  0.440250E+02
    3775.  0.512402E+02
    3800.  0.509956E+02
    3825.  0.401116E+02
    3850.  0.374212E+02
    3875.  0.434135E+02
    3900.  0.496504E+02
    3925.  0.472046E+02
    3950.  0.470823E+02
    3975.  0.587000E+02
    4000.  0.794896E+02
    4025.  0.920856E+02
    4050.  0.931862E+02
    4075.  0.990562E+02
    4100.  0.105782E+03
    4125.  0.105293E+03
    4150.  0.104682E+03
    4175.  0.104315E+03
    4200.  0.103336E+03
    4225.  0.101747E+03
    4250.  0.100646E+03
    4275.  0.973441E+02
    4300.  0.974664E+02
    4325.  0.107372E+03
    4350.  0.117278E+03
    4375.  0.117278E+03
    4400.  0.117645E+03
    4425.  0.123515E+03
    4450.  0.130852E+03
    4475.  0.138190E+03
    4500.  0.145527E+03
    4525.  0.145527E+03
    4550.  0.145527E+03
    4575.  0.149196E+03
    4600.  0.151642E+03
    4625.  0.151642E+03
    4650.  0.151642E+03
    4675.  0.150419E+03
    4700.  0.152865E+03
    4725.  0.154087E+03
    4750.  0.155310E+03
    4775.  0.156533E+03
    4800.  0.156533E+03
    4825.  0.156533E+03
    4850.  0.150419E+03
    4875.  0.146750E+03
    4900.  0.147973E+03
    4925.  0.147973E+03
    4950.  0.149196E+03
    4975.  0.147973E+03
    5000.  0.145527E+03
    5025.  0.145527E+03
    5050.  0.145527E+03
    5075.  0.146750E+03
    5100.  0.144304E+03
    5125.  0.138190E+03
    5150.  0.130852E+03
    5175.  0.125960E+03
    5200.  0.130852E+03
    5225.  0.143081E+03
    5250.  0.146750E+03
    5275.  0.149196E+03
    5300.  0.152865E+03
    5325.  0.152865E+03
    5350.  0.154087E+03
    5375.  0.154087E+03
    5400.  0.151642E+03
    5425.  0.151642E+03
    5450.  0.155310E+03
    5475.  0.156533E+03
    5500.  0.158979E+03
    5525.  0.158979E+03
    5550.  0.157756E+03
    5575.  0.156533E+03
    5600.  0.155310E+03
    5625.  0.156533E+03
    5650.  0.157756E+03
    5675.  0.157756E+03
    5700.  0.157756E+03
    5725.  0.161425E+03
    5750.  0.162648E+03
    5775.  0.162648E+03
    5800.  0.161425E+03
    5825.  0.163871E+03
    5850.  0.163871E+03
    5875.  0.157756E+03
    5900.  0.155310E+03
    5925.  0.161425E+03
    5950.  0.162648E+03
    5975.  0.158979E+03
    6000.  0.156533E+03
    6025.  0.157756E+03
    6050.  0.158979E+03
    6075.  0.157756E+03
    6100.  0.154087E+03
    6125.  0.151642E+03
    6150.  0.150419E+03
    6175.  0.150419E+03
    6200.  0.151642E+03
    6225.  0.151642E+03
    6250.  0.150419E+03
    6275.  0.150419E+03
    6300.  0.150419E+03
    6325.  0.150419E+03
    6350.  0.149196E+03
    6375.  0.150419E+03
    6400.  0.149196E+03
    6425.  0.147973E+03
    6450.  0.149196E+03
    6475.  0.149196E+03
    6500.  0.144304E+03
    6525.  0.144304E+03
    6550.  0.143081E+03
    6575.  0.144304E+03
    6600.  0.147973E+03
    6625.  0.147973E+03
    6650.  0.147973E+03
    6675.  0.147973E+03
    6700.  0.145527E+03
    6725.  0.144304E+03
    6750.  0.144304E+03
    6775.  0.144304E+03
    6800.  0.140635E+03
    6825.  0.140635E+03
    6850.  0.143081E+03
    6875.  0.136967E+03
    6900.  0.138190E+03
    6925.  0.138190E+03
    6950.  0.139412E+03
    6975.  0.138190E+03
    7000.  0.135744E+03
    7025.  0.134521E+03
    7050.  0.133298E+03
    7075.  0.133298E+03
    7100.  0.134521E+03
    7125.  0.134521E+03
    7150.  0.134521E+03
    7175.  0.132075E+03
    7200.  0.127183E+03
    7225.  0.128406E+03
    7250.  0.129629E+03
    7275.  0.128406E+03
    7300.  0.128406E+03
    7325.  0.129629E+03
    7350.  0.128406E+03
    7375.  0.127183E+03
    7400.  0.127183E+03
    7425.  0.127183E+03
    7450.  0.127183E+03
    7475.  0.127183E+03
    7500.  0.127183E+03
    7525.  0.125960E+03
    7530.  0.124737E+03
    7550.  0.124737E+03
    7570.  0.123515E+03
    7590.  0.123515E+03
    7610.  0.122292E+03
    7630.  0.122292E+03
    7650.  0.122292E+03
    7670.  0.118378E+03
    7690.  0.121925E+03
    7710.  0.119601E+03
    7730.  0.119968E+03
    7750.  0.118256E+03
    7770.  0.120702E+03
    7790.  0.119846E+03
    7810.  0.119234E+03
    7830.  0.117645E+03
    7850.  0.117155E+03
    7870.  0.118378E+03
    7890.  0.117278E+03
    7910.  0.115321E+03
    7930.  0.113364E+03
    7950.  0.112631E+03
    7970.  0.115199E+03
    7990.  0.114954E+03
    8010.  0.113120E+03
    8030.  0.113242E+03
    8050.  0.112019E+03
    8070.  0.112631E+03
    8090.  0.110185E+03
    8110.  0.111041E+03
    8130.  0.111530E+03
    8150.  0.110796E+03
    8170.  0.110552E+03
    8190.  0.106271E+03
    8210.  0.107250E+03
    8230.  0.107127E+03
    8250.  0.108106E+03
    8270.  0.108840E+03
    8290.  0.108106E+03
    8310.  0.105782E+03
    8330.  0.104559E+03
    8350.  0.105415E+03
    8370.  0.105660E+03
    8390.  0.102236E+03
    8410.  0.105293E+03
    8430.  0.102725E+03
    8450.  0.104070E+03
    8470.  0.102725E+03
    8490.  0.103459E+03
    8510.  0.988116E+02
    8530.  0.102847E+03
    8550.  0.962435E+02
    8570.  0.103092E+03
    8590.  0.100891E+03
    8610.  0.100524E+03
    8630.  0.101257E+03
    8650.  0.101380E+03
    8670.  0.933085E+02
    8690.  0.969772E+02
    8710.  0.988116E+02
    8730.  0.989339E+02
    8750.  0.977110E+02
    8770.  0.986893E+02
    8790.  0.977110E+02
    8810.  0.942868E+02
    8830.  0.962435E+02
    8850.  0.969772E+02
    8870.  0.948983E+02
    8890.  0.968550E+02
    8910.  0.970995E+02
    8930.  0.950206E+02
    8950.  0.945314E+02
    8970.  0.947760E+02
    8990.  0.948983E+02
    9010.  0.907404E+02
    9030.  0.936754E+02
    9050.  0.948983E+02
    9070.  0.936754E+02
    9090.  0.907404E+02
    9110.  0.914741E+02
    9130.  0.926970E+02
    9150.  0.922079E+02
    9170.  0.918410E+02
    9190.  0.924525E+02
    9210.  0.902512E+02
    9230.  0.901289E+02
    9250.  0.893952E+02
    9270.  0.898843E+02
    9290.  0.896397E+02
    9310.  0.901289E+02
    9330.  0.893952E+02
    9350.  0.889060E+02
    9370.  0.879277E+02
    9390.  0.885391E+02
    9410.  0.853595E+02
    9430.  0.876831E+02
    9450.  0.858487E+02
    9470.  0.871939E+02
    9490.  0.873162E+02
    9510.  0.865825E+02
    9530.  0.860933E+02
    9550.  0.842589E+02
    9570.  0.846258E+02
    9590.  0.856041E+02
    9610.  0.845035E+02
    9630.  0.838920E+02
    9650.  0.826691E+02
    9670.  0.827914E+02
    9690.  0.836475E+02
    9710.  0.827914E+02
    9730.  0.823023E+02
    9750.  0.816908E+02
    9770.  0.816908E+02
    9790.  0.807125E+02
    9810.  0.816908E+02
    9830.  0.812016E+02
    9850.  0.813239E+02
    9870.  0.804679E+02
    9890.  0.802233E+02
    9910.  0.799787E+02
    9930.  0.802233E+02
    9950.  0.799787E+02
    9970.  0.797341E+02
    9990.  0.792450E+02
   10025.  0.786335E+02
   10075.  0.774106E+02
   10125.  0.771660E+02
   10175.  0.759431E+02
   10225.  0.755762E+02
   10275.  0.753316E+02
   10325.  0.738641E+02
   10375.  0.731304E+02
   10425.  0.731304E+02
   10475.  0.720298E+02
   10525.  0.719075E+02
   10575.  0.708068E+02
   10625.  0.700731E+02
   10675.  0.688502E+02
   10725.  0.687279E+02
   10775.  0.677495E+02
   10825.  0.664043E+02
   10875.  0.662821E+02
   10925.  0.661598E+02
   10975.  0.651814E+02
   11025.  0.654260E+02
   11075.  0.651814E+02
   11125.  0.644477E+02
   11175.  0.635916E+02
   11225.  0.633470E+02
   11275.  0.620018E+02
   11325.  0.620018E+02
   11375.  0.612681E+02
   11425.  0.602898E+02
   11475.  0.609012E+02
   11525.  0.604121E+02
   11575.  0.594337E+02
   11625.  0.584554E+02
   11675.  0.583331E+02
   11725.  0.584554E+02
   11775.  0.572325E+02
   11825.  0.564987E+02
   11875.  0.558873E+02
   11925.  0.567433E+02
   11975.  0.542975E+02
   12025.  0.551535E+02
   12075.  0.542975E+02
   12125.  0.544198E+02
   12175.  0.545421E+02
   12225.  0.540529E+02
   12275.  0.533191E+02
   12325.  0.530746E+02
   12375.  0.527077E+02
   12425.  0.520962E+02
   12475.  0.519739E+02
   12525.  0.513625E+02
   12575.  0.511179E+02
   12625.  0.506287E+02
   12675.  0.500173E+02
   12725.  0.500173E+02
   12775.  0.497727E+02
   12825.  0.476937E+02
   12875.  0.486721E+02
   12925.  0.481829E+02
   12975.  0.481829E+02
   13025.  0.475714E+02
   13075.  0.475714E+02
   13125.  0.464708E+02
   13175.  0.462262E+02
   13225.  0.464708E+02
   13275.  0.456148E+02
   13325.  0.456148E+02
   13375.  0.451256E+02
   13425.  0.452479E+02
   13475.  0.447587E+02
   13525.  0.445141E+02
   13575.  0.436581E+02
   13625.  0.435358E+02
   13675.  0.434135E+02
   13725.  0.432912E+02
   13775.  0.429244E+02
   13825.  0.426798E+02
   13875.  0.423129E+02
   13925.  0.421906E+02
   13975.  0.419460E+02
   14025.  0.412123E+02
   14075.  0.413346E+02
   14125.  0.407231E+02
   14175.  0.409677E+02
   14225.  0.399894E+02
   14275.  0.392556E+02
   14325.  0.398671E+02
   14375.  0.398671E+02
   14425.  0.385219E+02
   14475.  0.392556E+02
   14525.  0.383996E+02
   14570.  0.385219E+02
   14620.  0.383996E+02
   14675.  0.381550E+02
   14725.  0.375435E+02
   14775.  0.374212E+02
   14825.  0.371766E+02
   14875.  0.361983E+02
   14925.  0.371766E+02
   14975.  0.364429E+02
   15025.  0.347308E+02
   15075.  0.350977E+02
   15125.  0.359537E+02
   15175.  0.358314E+02
   15225.  0.352200E+02
   15275.  0.353423E+02
   15325.  0.349754E+02
   15375.  0.349754E+02
   15425.  0.348531E+02
   15475.  0.344862E+02
   15525.  0.338748E+02
   15575.  0.336302E+02
   15625.  0.338748E+02
   15675.  0.330187E+02
   15725.  0.332633E+02
   15775.  0.316735E+02
   15825.  0.322850E+02
   15875.  0.313067E+02
   15925.  0.317958E+02
   15975.  0.319181E+02
   16050.  0.315512E+02
   16150.  0.310621E+02
   16250.  0.308175E+02
   16350.  0.302060E+02
   16450.  0.294723E+02
   16550.  0.293500E+02
   16650.  0.287385E+02
   16750.  0.278825E+02
   16850.  0.272710E+02
   16950.  0.272710E+02
   17050.  0.262927E+02
   17150.  0.259258E+02
   17250.  0.251921E+02
   17350.  0.244583E+02
   17450.  0.243360E+02
   17550.  0.239692E+02
   17650.  0.234800E+02
   17750.  0.229908E+02
   17850.  0.226239E+02
   17950.  0.222571E+02
   18050.  0.217679E+02
   18150.  0.210342E+02
   18250.  0.207896E+02
   18350.  0.204227E+02
   18450.  0.199335E+02
   18550.  0.196889E+02
   18650.  0.190775E+02
   18750.  0.182214E+02
   18850.  0.185883E+02
   18950.  0.178546E+02
   19050.  0.179769E+02
   19150.  0.176100E+02
   19250.  0.172431E+02
   19350.  0.167540E+02
   19450.  0.161425E+02
   19550.  0.162648E+02
   19650.  0.160202E+02
   19750.  0.155310E+02
   19850.  0.154087E+02
   19950.  0.151642E+02
   20050.  0.150419E+02
   20150.  0.147973E+02
   20250.  0.144304E+02
   20350.  0.140635E+02
   20450.  0.140635E+02
   20550.  0.136967E+02
   20650.  0.134521E+02
   20750.  0.132075E+02
   20850.  0.129629E+02
   20950.  0.127183E+02
   21050.  0.125960E+02
   21150.  0.123515E+02
   21250.  0.121558E+02
   21350.  0.119846E+02
   21450.  0.117889E+02
   21550.  0.115932E+02
   21650.  0.111530E+02
   21750.  0.111285E+02
   21850.  0.109696E+02
   21950.  0.108473E+02
   22050.  0.105538E+02
   22150.  0.105048E+02
   22250.  0.102725E+02
   22350.  0.101135E+02
   22450.  0.995454E+01
   22550.  0.982002E+01
   22650.  0.961212E+01
   22750.  0.952652E+01
   22850.  0.930639E+01
   22950.  0.887837E+01
   23050.  0.892729E+01
   23150.  0.880500E+01
   23250.  0.831583E+01
   23350.  0.837698E+01
   23450.  0.837698E+01
   23550.  0.786335E+01
   23650.  0.802233E+01
   23750.  0.794896E+01
   23850.  0.749648E+01
   23950.  0.761877E+01
   24050.  0.756985E+01
   24150.  0.721520E+01
   24250.  0.725189E+01
   24350.  0.719075E+01
   24450.  0.698285E+01
   24550.  0.684833E+01
   24650.  0.690948E+01
   24750.  0.672604E+01
   24850.  0.653037E+01
   24950.  0.656706E+01
   25050.  0.654260E+01
   25150.  0.631025E+01
   25250.  0.633471E+01
   25350.  0.624910E+01
   25450.  0.611458E+01
   25550.  0.602898E+01
   25650.  0.596783E+01
   25750.  0.593114E+01
   25850.  0.573548E+01
   25950.  0.573548E+01
   26050.  0.568656E+01
   26150.  0.558873E+01
   26250.  0.540529E+01
   26350.  0.542975E+01
   26450.  0.534414E+01
   26550.  0.528300E+01
   26650.  0.516071E+01
   26750.  0.517294E+01
   26850.  0.511179E+01
   26950.  0.502619E+01
   27050.  0.497727E+01
   27150.  0.490389E+01
   27250.  0.484275E+01
   27350.  0.478160E+01
   27450.  0.473269E+01
   27550.  0.465931E+01
   27650.  0.458594E+01
   27750.  0.452479E+01
   27850.  0.447587E+01
   27950.  0.442696E+01
   28050.  0.436581E+01
   28150.  0.431689E+01
   28250.  0.425575E+01
   28350.  0.420683E+01
   28450.  0.414569E+01
   28550.  0.409677E+01
   28650.  0.403562E+01
   28750.  0.398671E+01
   28850.  0.393779E+01
   28950.  0.388887E+01
   29050.  0.383996E+01
   29150.  0.379104E+01
   29250.  0.372989E+01
   29350.  0.369321E+01
   29450.  0.364429E+01
   29550.  0.360760E+01
   29650.  0.355869E+01
   29750.  0.352200E+01
   29850.  0.347308E+01
   29950.  0.342417E+01
   30050.  0.338748E+01
   30150.  0.335079E+01
   30250.  0.330187E+01
   30350.  0.324073E+01
   30450.  0.321627E+01
   30550.  0.317958E+01
   30650.  0.314289E+01
   30750.  0.310621E+01
   30850.  0.305729E+01
   30950.  0.303283E+01
   31050.  0.299614E+01
   31150.  0.293500E+01
   31250.  0.292277E+01
   31350.  0.289831E+01
   31450.  0.286162E+01
   31550.  0.281271E+01
   31650.  0.278825E+01
   31750.  0.275156E+01
   31850.  0.272710E+01
   31950.  0.269042E+01
   32100.  0.264150E+01
   32300.  0.258035E+01
   32500.  0.251921E+01
   32700.  0.245806E+01
   32900.  0.239692E+01
   33100.  0.234800E+01
   33300.  0.228685E+01
   33500.  0.225017E+01
   33700.  0.218902E+01
   33900.  0.214010E+01
   34100.  0.209119E+01
   34300.  0.205450E+01
   34500.  0.200558E+01
   34700.  0.196890E+01
   34900.  0.191998E+01
   35100.  0.188329E+01
   35300.  0.183437E+01
   35500.  0.179769E+01
   35700.  0.176100E+01
   35900.  0.172431E+01
   36100.  0.168762E+01
   36300.  0.165094E+01
   36500.  0.161425E+01
   36700.  0.157756E+01
   36900.  0.154087E+01
   37100.  0.150419E+01
   37300.  0.149196E+01
   37500.  0.144304E+01
   37700.  0.143081E+01
   37900.  0.139412E+01
   38100.  0.136967E+01
   38300.  0.134521E+01
   38500.  0.132075E+01
   38700.  0.129629E+01
   38900.  0.127183E+01
   39100.  0.124737E+01
   39300.  0.122169E+01
   39500.  0.119357E+01
   39700.  0.117278E+01
   39900.  0.114465E+01
   40100.  0.112631E+01
   40300.  0.110796E+01
   40500.  0.108106E+01
   40700.  0.106516E+01
   40900.  0.104682E+01
   41100.  0.102847E+01
   41300.  0.101013E+01
   41500.  0.989339E+00
   41700.  0.972218E+00
   41900.  0.952652E+00
   42100.  0.931862E+00
   42300.  0.922079E+00
   42500.  0.902512E+00
   42700.  0.889060E+00
   42900.  0.847481E+00
   43100.  0.814462E+00
   43300.  0.810793E+00
   43500.  0.771660E+00
   43700.  0.753316E+00
   43900.  0.743533E+00
   44100.  0.706846E+00
   44300.  0.700731E+00
   44500.  0.690948E+00
   44700.  0.660375E+00
   44900.  0.662821E+00
   45100.  0.646923E+00
   45300.  0.623687E+00
   45500.  0.623687E+00
   45700.  0.618796E+00
   45900.  0.594337E+00
   46100.  0.595560E+00
   46300.  0.584554E+00
   46500.  0.578439E+00
   46700.  0.572325E+00
   46900.  0.563764E+00
   47100.  0.553981E+00
   47300.  0.552758E+00
   47500.  0.540529E+00
   47700.  0.531969E+00
   47900.  0.525854E+00
   48100.  0.513625E+00
   48300.  0.514848E+00
   48500.  0.505064E+00
   48700.  0.494058E+00
   48900.  0.487944E+00
   49100.  0.481829E+00
   49300.  0.473269E+00
   49500.  0.465931E+00
   49700.  0.459816E+00
   49900.  0.452479E+00
   50100.  0.448810E+00
   50300.  0.442696E+00
   50500.  0.431689E+00
   50700.  0.428021E+00
   50900.  0.423129E+00
   51100.  0.414569E+00
   51300.  0.410900E+00
   51500.  0.403562E+00
   51700.  0.401116E+00
   51900.  0.393779E+00
   52100.  0.388887E+00
   52300.  0.381550E+00
   52500.  0.379104E+00
   52700.  0.375435E+00
   52900.  0.366875E+00
   53100.  0.363206E+00
   53300.  0.358314E+00
   53500.  0.354646E+00
   53700.  0.349754E+00
   53900.  0.344862E+00
   54100.  0.339971E+00
   54300.  0.333856E+00
   54500.  0.331410E+00
   54700.  0.326519E+00
   54900.  0.322850E+00
   55100.  0.319181E+00
   55300.  0.316735E+00
   55500.  0.309398E+00
   55700.  0.308175E+00
   55900.  0.302060E+00
   56100.  0.299614E+00
   56300.  0.294723E+00
   56500.  0.292277E+00
   56700.  0.288608E+00
   56900.  0.283717E+00
   57100.  0.281271E+00
   57300.  0.277602E+00
   57500.  0.273933E+00
   57700.  0.270264E+00
   57900.  0.267819E+00
   58100.  0.264150E+00
   58300.  0.260481E+00
   58500.  0.258035E+00
   58700.  0.253144E+00
   58900.  0.250698E+00
   59100.  0.248252E+00
   59300.  0.244583E+00
   59500.  0.240914E+00
   59700.  0.239692E+00
   59900.  0.236023E+00
   60100.  0.233577E+00
   60300.  0.229908E+00
   60500.  0.227462E+00
   60700.  0.225017E+00
   60900.  0.221348E+00
   61100.  0.218902E+00
   61300.  0.216456E+00
   61500.  0.214010E+00
   61700.  0.211564E+00
   61900.  0.209119E+00
   62100.  0.206673E+00
   62300.  0.203004E+00
   62500.  0.200558E+00
   62700.  0.198112E+00
   62900.  0.196889E+00
   63100.  0.194444E+00
   63300.  0.191998E+00
   63500.  0.189552E+00
   63700.  0.187106E+00
   63900.  0.184660E+00
   64200.  0.182214E+00
   64600.  0.177323E+00
   65000.  0.173654E+00
   65400.  0.169985E+00
   65800.  0.166317E+00
   66200.  0.161425E+00
   66600.  0.157756E+00
   67000.  0.154087E+00
   67400.  0.150419E+00
   67800.  0.147973E+00
   68200.  0.144304E+00
   68600.  0.140635E+00
   69000.  0.138190E+00
   69400.  0.134521E+00
   69800.  0.132075E+00
   70200.  0.128406E+00
   70600.  0.125960E+00
   71000.  0.123515E+00
   71400.  0.120702E+00
   71800.  0.118011E+00
   72200.  0.115566E+00
   72600.  0.112997E+00
   73000.  0.110674E+00
   73400.  0.108228E+00
   73800.  0.106027E+00
   74200.  0.103703E+00
   74600.  0.101502E+00
   75000.  0.995454E-01
   75400.  0.974664E-01
   75800.  0.955097E-01
   76200.  0.935531E-01
   76600.  0.917187E-01
   77000.  0.897620E-01
   77400.  0.880500E-01
   77800.  0.862156E-01
   78200.  0.845035E-01
   78600.  0.829137E-01
   79000.  0.812016E-01
   79400.  0.796118E-01
   79800.  0.781443E-01
   80200.  0.765546E-01
   80600.  0.750870E-01
   81000.  0.736196E-01
   81400.  0.721520E-01
   81800.  0.708068E-01
   82200.  0.695839E-01
   82600.  0.682387E-01
   83000.  0.668935E-01
   83400.  0.656706E-01
   83800.  0.644477E-01
   84200.  0.632248E-01
   84600.  0.621241E-01
   85000.  0.609012E-01
   85400.  0.598006E-01
   85800.  0.587000E-01
   86200.  0.577216E-01
   86600.  0.566210E-01
   87000.  0.556427E-01
   87400.  0.546643E-01
   87800.  0.536860E-01
   88200.  0.527077E-01
   88600.  0.517293E-01
   89000.  0.508733E-01
   89400.  0.500173E-01
   89800.  0.490389E-01
   90200.  0.483052E-01
   90600.  0.474491E-01
   91000.  0.465931E-01
   91400.  0.458594E-01
   91800.  0.450033E-01
   92200.  0.442696E-01
   92600.  0.435358E-01
   93000.  0.428021E-01
   93400.  0.420683E-01
   93800.  0.413346E-01
   94200.  0.407231E-01
   94600.  0.399894E-01
   95000.  0.393779E-01
   95400.  0.387664E-01
   95800.  0.380327E-01
   96200.  0.374212E-01
   96600.  0.368098E-01
   97000.  0.363206E-01
   97400.  0.357092E-01
   97800.  0.350977E-01
   98200.  0.344862E-01
   98600.  0.339971E-01
   99000.  0.335079E-01
   99400.  0.328964E-01
   99800.  0.324073E-01
  100000.  0.319181E-01
  200000.  0.206673E-02
  400000.  0.129629E-03
  600000.  0.255589E-04
  800000.  0.805902E-05
 1000000.  0.328964E-05
 1200000.  0.157756E-05
 1400000.  0.846258E-06
 1600000.  0.494058E-06
