195    3.80753E-19
196    3.62637E-19
197    3.45356E-19
198    3.31940E-19
199    3.21145E-19
200    3.14669E-19
201    3.12224E-19
202    3.14734E-19
203    3.22326E-19
204    3.36363E-19
205    3.56490E-19
206    3.83371E-19
207    4.17681E-19
208    4.60699E-19
209    5.10622E-19
210    5.70461E-19
211    6.39245E-19
212    7.18415E-19
213    8.08488E-19
214    9.10052E-19
215    1.02476E-18
216    1.14221E-18
217    1.27750E-18
218    1.43292E-18
219    1.59491E-18
220    1.77577E-18
221    1.97207E-18
222    2.18059E-18
223    2.40731E-18
224    2.66276E-18
225    2.91996E-18
226    3.13915E-18
227    3.40614E-18
228    3.70459E-18
229    4.01147E-18
230    4.34050E-18
231    4.67208E-18
232    5.02603E-18
233    5.38168E-18
234    5.73298E-18
235    6.11206E-18
236    6.47788E-18
237    6.84478E-18
238    7.21861E-18
239    7.56533E-18
240    7.99312E-18
241    8.36016E-18
242    8.72862E-18
243    9.03678E-18
244    9.40454E-18
245    9.61659E-18
246    9.98755E-18
247    1.01318E-17
248    1.03733E-17
249    1.06728E-17
250    1.08193E-17
251    1.08178E-17
252    1.11578E-17
253    1.10670E-17
254    1.12286E-17
255    1.12430E-17
256    1.12003E-17
257    1.09734E-17
258    1.09470E-17
259    1.10530E-17
260    1.05638E-17
261    1.07414E-17
262    1.04038E-17
263    1.01101E-17
264    9.84100E-18
265    9.59658E-18
266    9.30649E-18
267    8.78861E-18
268    8.58571E-18
269    8.01932E-18
270    7.86960E-18
271    7.31109E-18
272    6.99984E-18
273    6.56840E-18
274    6.04675E-18
275    5.74679E-18
276    5.33949E-18
277    4.99758E-18
278    4.62221E-18
279    4.25582E-18
280    3.94929E-18
281    3.59627E-18
282    3.23520E-18
283    3.00665E-18
284    2.72954E-18
285    2.44022E-18
286    2.21296E-18
287    2.00340E-18
288    1.75833E-18
289    1.57093E-18
290    1.40073E-18
291    1.26418E-18
292    1.09953E-18
293    9.90008E-19
294    8.63028E-19
295    7.67343E-19
296    6.62654E-19
297    5.86569E-19
298    5.07090E-19
299    4.49743E-19
300    3.89926E-19
301    3.41970E-19
302    3.00915E-19
303    2.60526E-19
304    2.32037E-19
305    1.98131E-19
306    1.76769E-19
307    1.53408E-19
308    1.33792E-19
309    1.20836E-19
310    1.01529E-19
311    9.19397E-20
312    7.91825E-20
313    6.87535E-20
314    6.21860E-20
315    5.15994E-20
316    4.75197E-20
317    3.99432E-20
318    3.70091E-20
319    2.87304E-20
320    2.97970E-20
321    2.09363E-20
322    2.13387E-20
323    1.93996E-20
324    1.25911E-20
325    1.54815E-20
326    1.14353E-20
327    8.57510E-21
328    1.09412E-20
329    6.63508E-21
330    5.55437E-21
331    7.24031E-21
332    4.35110E-21
333    3.40525E-21
334    4.90479E-21
335    2.49362E-21
336    2.04920E-21
337    3.10859E-21
338    2.14811E-21
339    1.39578E-21
340    1.85057E-21
341    1.14106E-21
342    7.41904E-22
343    8.86946E-22
344    1.16117E-22
345    6.63646E-22
346    6.24441E-22
347    4.86823E-22
348    3.39621E-22
349    2.82791E-22
350    3.11577E-22
351    2.81187E-22
352    3.07440E-22
353    2.30112E-22
354    1.29465E-22
355    1.04531E-22
356    8.76681E-23
357    1.26971E-22
358    9.63847E-23
359    7.42577E-23
360    8.06816E-23
361    5.75319E-23
362    3.64045E-23
363    2.90040E-23
364    2.35012E-23
365    4.24341E-23
366    3.67093E-23
367    2.02154E-23
368    1.42551E-23
369    1.57064E-23
370    1.38063E-23
371    1.26233E-23
372    8.27101E-24
373    8.13707E-24
374    1.22520E-23
375    1.01238E-23
376    6.76599E-24
377    4.99778E-24
378    4.69907E-24
379    6.54634E-24
380    6.65250E-24
381    5.51284E-24
382    5.06504E-24
383    5.59317E-24
384    5.69170E-24
385    5.28161E-24
386    4.99961E-24
387    5.40904E-24
388    6.13830E-24
389    6.80778E-24
390    6.72106E-24
391    6.66971E-24
392    6.87827E-24
393    7.63950E-24
394    9.04948E-24
395    1.02622E-23
396    1.05505E-23
397    1.00303E-23
398    9.66106E-24
399    9.92189E-24
400    1.09556E-23
401    1.25580E-23
402    1.41026E-23
403    1.47637E-23
404    1.47593E-23
405    1.47278E-23
406    1.58624E-23
407    1.85887E-23
408    2.24518E-23
409    2.55393E-23
410    2.69799E-23
411    2.71700E-23
412    2.59416E-23
413    2.48635E-23
414    2.54214E-23
415    2.82383E-23
416    3.24288E-23
417    3.57929E-23
418    3.71260E-23
419    3.68606E-23
420    3.68453E-23
421    3.94202E-23
422    4.53838E-23
423    5.34144E-23
424    6.21470E-23
425    6.89342E-23
426    7.15131E-23
427    7.02279E-23
428    6.68451E-23
429    6.40985E-23
430    6.51215E-23
431    7.09484E-23
432    7.97582E-23
433    8.64796E-23
434    8.84751E-23
435    8.70576E-23
436    8.63018E-23
437    9.02596E-23
438    1.00978E-22
439    1.17515E-22
440    1.36812E-22
441    1.55564E-22
442    1.70593E-22
443    1.77413E-22
444    1.74113E-22
445    1.63969E-22
446    1.53825E-22
447    1.50061E-22
448    1.57091E-22
449    1.73006E-22
450    1.89872E-22
451    1.99180E-22
452    1.99402E-22
453    1.95992E-22
454    1.95885E-22
455    2.05664E-22
456    2.28073E-22
457    2.60481E-22
458    2.97688E-22
459    3.36293E-22
460    3.73195E-22
461    4.00920E-22
462    4.10428E-22
463    4.00191E-22
464    3.77591E-22
465    3.55367E-22
466    3.43550E-22
467    3.50045E-22
468    3.72443E-22
469    3.99079E-22
470    4.17388E-22
471    4.24576E-22
472    4.24739E-22
473    4.25983E-22
474    4.36706E-22
475    4.63007E-22
476    5.06215E-22
477    5.61756E-22
478    6.25345E-22
479    6.92671E-22
480    7.60101E-22
481    8.17582E-22
482    8.53087E-22
483    8.59583E-22
484    8.41161E-22
485    8.09704E-22
486    7.77762E-22
487    7.58661E-22
488    7.61105E-22
489    7.82768E-22
490    8.13525E-22
491    8.41416E-22
492    8.60281E-22
493    8.69574E-22
494    8.77739E-22
495    8.90289E-22
496    9.18185E-22
497    9.63101E-22
498    1.02541E-21
499    1.10497E-21
500    1.19583E-21
501    1.29472E-21
502    1.39640E-21
503    1.49041E-21
504    1.57014E-21
505    1.62239E-21
506    1.64414E-21
507    1.63511E-21
508    1.60943E-21
509    1.57830E-21
510    1.55493E-21
511    1.54503E-21
512    1.55300E-21
513    1.57805E-21
514    1.61238E-21
515    1.64978E-21
516    1.68423E-21
517    1.71542E-21
518    1.74504E-21
519    1.77787E-21
520    1.81470E-21
521    1.86234E-21
522    1.92426E-21
523    1.99836E-21
524    2.08321E-21
525    2.17570E-21
526    2.27551E-21
527    2.37767E-21
528    2.48026E-21
529    2.57787E-21
530    2.66735E-21
531    2.74553E-21
532    2.80416E-21
533    2.84156E-21
534    2.86077E-21
535    2.86533E-21
536    2.85907E-21
537    2.85266E-21
538    2.86095E-21
539    2.87845E-21
540    2.92588E-21
541    2.97008E-21
542    3.02468E-21
543    3.08141E-21
544    3.13490E-21
545    3.18141E-21
546    3.22207E-21
547    3.26213E-21
548    3.29445E-21
549    3.32516E-21
550    3.35579E-21
551    3.38847E-21
552    3.41886E-21
553    3.45674E-21
554    3.50070E-21
555    3.55041E-21
556    3.61007E-21
557    3.67904E-21
558    3.76616E-21
559    3.85792E-21
560    3.95625E-21
561    4.05115E-21
562    4.14698E-21
563    4.23308E-21
564    4.31213E-21
565    4.37493E-21
566    4.44152E-21
567    4.49554E-21
568    4.54212E-21
569    4.59922E-21
570    4.65627E-21
571    4.70549E-21
572    4.75188E-21
573    4.78362E-21
574    4.79933E-21
575    4.79812E-21
576    4.78287E-21
577    4.74991E-21
578    4.70931E-21
579    4.65747E-21
580    4.61692E-21
581    4.57024E-21
582    4.52700E-21
583    4.48817E-21
584    4.45931E-21
585    4.43458E-21
586    4.41148E-21
587    4.40927E-21
588    4.40508E-21
589    4.41249E-21
590    4.43419E-21
591    4.46445E-21
592    4.50560E-21
593    4.56963E-21
594    4.64735E-21
595    4.73301E-21
596    4.82020E-21
597    4.91050E-21
598    4.99163E-21
599    5.06017E-21
600    5.11838E-21
601    5.16436E-21
602    5.18613E-21
603    5.19008E-21
604    5.17248E-21
605    5.13839E-21
606    5.07516E-21
607    5.00213E-21
608    4.92632E-21
609    4.84196E-21
610    4.75813E-21
611    4.66949E-21
612    4.58682E-21
613    4.50504E-21
614    4.42659E-21
615    4.34938E-21
616    4.27621E-21
617    4.20827E-21
618    4.14570E-21
619    4.08986E-21
620    4.03221E-21
621    3.99139E-21
622    3.94294E-21
623    3.90294E-21
624    3.85486E-21
625    3.80352E-21
626    3.75269E-21
627    3.69724E-21
628    3.64581E-21
629    3.59756E-21
630    3.53981E-21
631    3.48189E-21
632    3.42639E-21
633    3.36507E-21
634    3.30716E-21
635    3.24798E-21
636    3.19212E-21
637    3.13235E-21
638    3.07385E-21
639    3.01187E-21
640    2.94933E-21
641    2.88675E-21
642    2.83154E-21
643    2.77990E-21
644    2.73430E-21
645    2.69151E-21
646    2.64926E-21
647    2.60694E-21
648    2.56838E-21
649    2.52929E-21
650    2.49407E-21
651    2.45557E-21
652    2.41588E-21
653    2.37737E-21
654    2.33497E-21
655    2.29460E-21
656    2.25198E-21
657    2.21134E-21
658    2.16653E-21
659    2.12952E-21
660    2.09231E-21
661    2.05119E-21
662    2.01199E-21
663    1.96873E-21
664    1.93030E-21
665    1.89301E-21
666    1.85458E-21
667    1.80984E-21
668    1.76722E-21
669    1.72459E-21
670    1.68500E-21
671    1.64647E-21
672    1.60911E-21
673    1.57194E-21
674    1.53783E-21
675    1.50400E-21
676    1.47295E-21
677    1.44342E-21
678    1.41512E-21
679    1.38809E-21
680    1.36429E-21
681    1.34049E-21
682    1.31934E-21
683    1.30100E-21
684    1.28154E-21
685    1.26035E-21
686    1.23594E-21
687    1.20922E-21
688    1.18024E-21
689    1.14995E-21
690    1.11892E-21
691    1.09140E-21
692    1.06392E-21
693    1.03712E-21
694    1.01065E-21
695    9.84534E-22
696    9.58011E-22
697    9.31230E-22
698    9.06905E-22
699    8.83424E-22
700    8.61809E-22
701    8.41371E-22
702    8.23199E-22
703    8.07479E-22
704    7.92359E-22
705    7.78960E-22
706    7.66918E-22
707    7.56724E-22
708    7.45938E-22
709    7.36321E-22
710    7.26761E-22
711    7.17708E-22
712    7.10170E-22
713    7.04603E-22
714    7.00521E-22
715    6.95807E-22
716    6.87983E-22
717    6.75690E-22
718    6.59167E-22
719    6.38658E-22
720    6.17401E-22
721    5.97986E-22
722    5.79980E-22
723    5.64879E-22
724    5.52304E-22
725    5.40930E-22
726    5.28950E-22
727    5.14905E-22
728    5.00676E-22
729    4.86900E-22
730    4.74324E-22
731    4.63744E-22
732    4.54117E-22
733    4.47413E-22
734    4.42084E-22
735    4.38598E-22
736    4.35751E-22
737    4.32496E-22
738    4.30002E-22
739    4.28472E-22
740    4.27365E-22
741    4.29043E-22
742    4.31385E-22
743    4.35345E-22
744    4.40512E-22
745    4.46268E-22
746    4.50925E-22
747    4.51983E-22
748    4.49671E-22
749    4.41359E-22
750    4.27561E-22
751    4.09127E-22
752    3.88901E-22
753    3.68851E-22
754    3.50462E-22
755    3.34368E-22
756    3.20386E-22
757    3.08569E-22
758    2.99026E-22
759    2.90708E-22
760    2.83838E-22
761    2.77892E-22
762    2.72682E-22
763    2.67864E-22
764    2.63381E-22
765    2.60147E-22
766    2.57597E-22
767    2.55903E-22
768    2.54995E-22
769    2.55263E-22
770    2.56910E-22
771    2.59848E-22
772    2.64943E-22
773    2.72251E-22
774    2.81519E-22
775    2.92565E-22
776    3.03612E-22
777    3.13434E-22
778    3.20710E-22
779    3.23925E-22
780    3.21425E-22
781    3.14522E-22
782    3.03211E-22
783    2.89017E-22
784    2.73981E-22
785    2.59406E-22
786    2.46085E-22
787    2.34234E-22
788    2.23936E-22
789    2.14826E-22
790    2.06425E-22
791    1.98427E-22
792    1.90789E-22
793    1.83692E-22
794    1.77111E-22
795    1.71523E-22
796    1.66604E-22
797    1.63367E-22
798    1.60371E-22
799    1.57834E-22
800    1.55432E-22
801    1.53961E-22
802    1.52632E-22
803    1.51695E-22
804    1.51650E-22
805    1.53341E-22
806    1.56550E-22
807    1.61557E-22
808    1.68582E-22
809    1.76205E-22
810    1.84627E-22
811    1.93246E-22
812    2.01741E-22
813    2.09583E-22
814    2.16778E-22
815    2.22566E-22
816    2.25770E-22
817    2.25611E-22
818    2.22491E-22
819    2.16317E-22
820    2.07365E-22
821    1.96101E-22
822    1.82575E-22
823    1.69093E-22
824    1.55152E-22
825    1.42655E-22
826    1.31245E-22
827    1.21519E-22
828    1.12924E-22
829    1.05472E-22


