185.00    6.537E-19
185.50    6.383E-19
186.00    6.187E-19
186.50    6.130E-19
187.00    5.941E-19
187.50    5.897E-19
188.00    5.659E-19
188.50    5.605E-19
189.00    5.424E-19
189.50    5.319E-19
190.00    5.114E-19
190.50    4.991E-19
191.00    4.880E-19
191.50    4.735E-19
192.00    4.606E-19
192.50    4.493E-19
193.00    4.336E-19
193.50    4.209E-19
194.00    4.066E-19
194.50    4.008E-19
195.00    3.864E-19
195.50    3.772E-19
196.00    3.673E-19
196.50    3.559E-19
197.00    3.500E-19
197.50    3.436E-19
198.00    3.349E-19
198.50    3.284E-19
199.00    3.209E-19
199.50    3.181E-19
200.00    3.154E-19
200.50    3.149E-19
201.00    3.115E-19
201.50    3.157E-19
202.00    3.179E-19
202.50    3.213E-19
203.00    3.251E-19
203.50    3.324E-19
204.00    3.365E-19
204.50    3.471E-19
205.00    3.585E-19
205.50    3.706E-19
206.00    3.855E-19
206.50    4.013E-19
207.00    4.200E-19
207.50    4.419E-19
208.00    4.640E-19
208.50    4.876E-19
209.00    5.118E-19
209.50    5.411E-19
210.00    5.716E-19
210.50    6.060E-19
211.00    6.402E-19
211.50    6.797E-19
212.00    7.194E-19
212.50    7.642E-19
213.00    8.104E-19
213.50    8.566E-19
214.00    9.096E-19
214.50    9.637E-19
215.00    1.023E-18
215.50    1.081E-18
216.00    1.146E-18
216.50    1.215E-18
217.00    1.287E-18
217.50    1.362E-18
218.00    1.439E-18
218.50    1.520E-18
219.00    1.601E-18
219.50    1.694E-18
220.00    1.785E-18
220.50    1.888E-18
221.00    1.982E-18
221.50    2.090E-18
222.00    2.200E-18
222.50    2.312E-18
223.00    2.429E-18
223.50    2.548E-18
224.00    2.684E-18
224.50    2.809E-18
225.00    2.943E-18
225.50    3.076E-18
226.00    3.226E-18
226.50    3.366E-18
227.00    3.513E-18
227.50    3.671E-18
228.00    3.829E-18
228.50    3.979E-18
229.00    4.141E-18
229.50    4.316E-18
230.00    4.476E-18
230.50    4.659E-18
231.00    4.814E-18
231.50    4.984E-18
232.00    5.181E-18
232.50    5.368E-18
233.00    5.549E-18
233.50    5.717E-18
234.00    5.891E-18
234.50    6.154E-18
235.00    6.318E-18
235.50    6.454E-18
236.00    6.722E-18
236.50    6.895E-18
237.00    7.094E-18
237.50    7.281E-18
238.00    7.486E-18
238.50    7.679E-18
239.00    7.819E-18
239.50    8.095E-18
240.00    8.314E-18
240.50    8.398E-18
241.00    8.603E-18
241.50    8.861E-18
242.00    8.971E-18
242.50    9.126E-18
243.00    9.333E-18
243.50    9.560E-18
244.00    9.717E-18
244.50    9.751E-18
245.00    9.932E-18
245.50    1.025E-17
246.00    1.033E-17
246.50    1.034E-17
247.00    1.047E-17
247.50    1.068E-17
248.00    1.071E-17
248.50    1.082E-17
249.00    1.112E-17
249.50    1.112E-17
250.00    1.124E-17
250.50    1.113E-17
251.00    1.114E-17
251.50    1.146E-17
252.00    1.155E-17
252.50    1.139E-17
253.00    1.140E-17
253.50    1.155E-17
254.00    1.159E-17
254.50    1.140E-17
255.00    1.161E-17
255.50    1.173E-17
256.00    1.154E-17
256.50    1.130E-17
257.00    1.139E-17
257.50    1.129E-17
258.00    1.124E-17
258.50    1.157E-17
259.00    1.145E-17
259.50    1.090E-17
260.00    1.080E-17
260.50    1.114E-17
261.00    1.094E-17
261.50    1.057E-17
262.00    1.057E-17
262.50    1.066E-17
263.00    1.022E-17
263.50    9.959E-18
264.00    1.006E-17
264.50    1.007E-17
265.00    9.657E-18
265.50    9.650E-18
266.00    9.485E-18
266.50    9.221E-18
267.00    8.841E-18
267.50    8.938E-18
268.00    8.754E-18
268.50    8.363E-18
269.00    8.104E-18
269.50    8.151E-18
270.00    7.980E-18
270.50    7.636E-18
271.00    7.415E-18
271.50    7.266E-18
272.00    7.147E-18
272.50    6.899E-18
273.00    6.698E-18
273.50    6.460E-18
274.00    6.140E-18
274.50    5.968E-18
275.00    5.913E-18
275.50    5.606E-18
276.00    5.450E-18
276.50    5.221E-18
277.00    5.096E-18
277.50    4.906E-18
278.00    4.668E-18
278.50    4.516E-18
279.00    4.326E-18
279.50    4.158E-18
280.00    4.001E-18
280.50    3.727E-18
281.00    3.673E-18
281.50    3.404E-18
282.00    3.250E-18
282.50    3.122E-18
283.00    3.025E-18
283.50    2.963E-18
284.00    2.712E-18
284.50    2.598E-18
285.00    2.465E-18
285.50    2.322E-18
286.00    2.238E-18
286.50    2.103E-18
287.00    2.034E-18
287.50    1.912E-18
288.00    1.750E-18
288.50    1.673E-18
289.00    1.585E-18
289.50    1.512E-18
290.00    1.418E-18
290.50    1.358E-18
291.00    1.285E-18
291.50    1.194E-18
292.00    1.111E-18
292.50    1.056E-18
293.00    1.002E-18
293.50    9.215E-19
294.00    8.711E-19
294.50    8.193E-19
295.00    7.753E-19
295.50    7.155E-19
296.00    6.727E-19
296.50    6.274E-19
297.00    5.955E-19
297.50    5.520E-19
298.00    5.124E-19
298.50    4.840E-19
299.00    4.551E-19
299.50    4.187E-19
300.00    3.964E-19
300.50    3.723E-19
301.00    3.463E-19
301.50    3.223E-19
302.00    3.073E-19
302.50    2.869E-19
303.00    2.650E-19
303.50    2.458E-19
304.00    2.401E-19
304.50    2.188E-19
305.00    2.015E-19
305.50    1.879E-19
306.00    1.808E-19
306.50    1.711E-19
307.00    1.565E-19
307.50    1.421E-19
308.00    1.364E-19
308.50    1.290E-19
309.00    1.243E-19
309.50    1.097E-19
310.00    1.020E-19
310.50    9.705E-20
311.00    9.260E-20
311.50    8.990E-20
312.00    7.947E-20
312.50    7.209E-20
313.00    6.883E-20
313.50    7.032E-20
314.00    6.294E-20
314.50    5.400E-20
315.00    5.199E-20
315.50    5.529E-20
316.00    4.792E-20
316.50    4.251E-20
317.00    4.146E-20
317.50    4.098E-20
318.00    3.757E-20
318.50    3.127E-20
319.00    2.765E-20
319.50    3.213E-20
320.00    3.243E-20
320.50    2.561E-20
321.00    2.041E-20
321.50    1.922E-20
322.00    2.435E-20
322.50    2.200E-20
323.00    1.983E-20
323.50    1.421E-20
324.00    1.250E-20
324.50    1.321E-20
325.00    1.727E-20
325.50    1.513E-20
326.00    1.105E-20
326.50    8.550E-21
327.00    8.875E-21
327.50    9.160E-21
328.00    1.300E-20
328.50    9.452E-21
329.00    6.504E-21
329.50    5.180E-21
330.00    4.923E-21
330.50    7.302E-21
331.00    8.328E-21
331.50    6.572E-21
332.00    4.347E-21
332.50    3.194E-21
333.00    3.528E-21
333.50    4.665E-21
334.00    5.343E-21
334.50    3.550E-21
335.00    2.434E-21
335.50    1.955E-21
336.00    1.875E-21
336.50    2.753E-21
337.00    3.236E-21
337.50    3.299E-21
338.00    2.086E-21
338.50    1.413E-21
339.00    1.343E-21
339.50    1.662E-21
340.00    2.082E-21
340.50    1.784E-21
341.00    1.134E-21
341.50    8.080E-22
342.00    7.760E-22
342.50    7.140E-22
343.00    9.770E-22
343.50    9.360E-22
344.00    1.419E-21
344.50    9.160E-22
345.00    6.440E-22
345.50    6.930E-22
346.00    6.410E-22
346.50    5.390E-22
347.00    4.670E-22
347.50    5.030E-22
348.00    3.860E-22
348.50    2.850E-22
349.00    2.710E-22
349.50    4.050E-22
350.00    2.940E-22

