     WL(microns)      Nr         Ni     ==> Wolff Dust Refractive Indicies   
     0.263000      1.48777    0.0133000
     0.321000      1.49413    0.0127000
     0.440000      1.49915   0.00767169
     0.460000      1.49948   0.00714722
     0.500000      1.50000   0.00548876
     0.600000      1.49905   0.00168097
     0.630000      1.49813   0.00125609
     0.700000      1.49670  0.000936538
     0.800000      1.49532   0.00106115
     0.900000      1.49436   0.00133472
     0.950000      1.49391   0.00145313
      1.00000      1.49362   0.00176538
      1.05000      1.49335   0.00170186
      1.10000      1.49290   0.00176022
      1.15000      1.49252   0.00200774
      1.19000      1.49226   0.00205819
      1.25000      1.49183   0.00225311
      1.30000      1.49150   0.00234871
      1.41500      1.49066   0.00259263
      1.55000      1.48942   0.00271742
      1.67500      1.48821   0.00324627
      1.75000      1.48748   0.00332823
      1.90000      1.48583   0.00381539
      1.92000      1.48560   0.00378706
      2.13000      1.48271   0.00430956
      2.20000      1.48152   0.00425189
      2.30000      1.47929   0.00432431
      2.40000      1.47650   0.00461725
      2.48000      1.47368   0.00494658
      2.55000      1.47039   0.00534756
      2.64000      1.46354   0.00625749
      2.70000      1.45458   0.00935042
      2.75000      1.45018    0.0237158
      2.80000      1.45490    0.0356865
      2.85000      1.46210    0.0409125
      2.92000      1.47231    0.0468066
      2.94000      1.47673    0.0480125
      3.05000      1.49033    0.0390127
      3.10000      1.49318    0.0353293
      3.20000      1.49540    0.0268185
      3.30000      1.49445    0.0208511
      3.40000      1.49165    0.0157628
      3.50000      1.48821    0.0134460
      3.60000      1.48485    0.0113173
      3.70000      1.48133    0.0105164
      3.80000      1.47819    0.0102657
      3.90000      1.47520    0.0102485
      4.00000      1.47322    0.0110896
      4.00850      1.47306    0.0105546
      4.01790      1.47268    0.0105609
      4.02730      1.47239    0.0105567
      4.03670      1.47213    0.0105651
      4.04610      1.47189    0.0105714
      4.05550      1.47165    0.0105756
      4.06490      1.47141    0.0105735
      4.07430      1.47118    0.0105735
      4.08370      1.47094    0.0105714
      4.09310      1.47070    0.0105798
      4.10240      1.47047    0.0105777
      4.11180      1.47024    0.0105819
      4.12120      1.47001    0.0105840
      4.13060      1.46978    0.0105798
      4.14000      1.46954    0.0105714
      4.14940      1.46930    0.0105798
      4.15880      1.46906    0.0105798
      4.16820      1.46882    0.0105819
      4.17760      1.46859    0.0105840
      4.18700      1.46835    0.0105882
      4.19640      1.46811    0.0105861
      4.20570      1.46787    0.0105882
      4.21510      1.46763    0.0105945
      4.22450      1.46739    0.0106029
      4.23390      1.46714    0.0106113
      4.24330      1.46691    0.0106134
      4.25270      1.46666    0.0106155
      4.26210      1.46642    0.0106176
      4.27150      1.46617    0.0106281
      4.28090      1.46592    0.0106386
      4.29030      1.46568    0.0106449
      4.29970      1.46543    0.0106449
      4.30910      1.46519    0.0106533
      4.31840      1.46493    0.0106554
      4.32780      1.46468    0.0106617
      4.33720      1.46443    0.0106722
      4.34660      1.46417    0.0106785
      4.35600      1.46392    0.0106890
      4.36540      1.46366    0.0107016
      4.37480      1.46340    0.0107163
      4.38420      1.46314    0.0107268
      4.39360      1.46287    0.0107499
      4.40300      1.46261    0.0107688
      4.41240      1.46236    0.0107856
      4.42170      1.46210    0.0107982
      4.43110      1.46183    0.0108255
      4.44050      1.46157    0.0108381
      4.44990      1.46130    0.0108612
      4.45930      1.46104    0.0108843
      4.46870      1.46077    0.0109095
      4.47810      1.46050    0.0109347
      4.48750      1.46023    0.0109683
      4.49690      1.45997    0.0109914
      4.50630      1.45970    0.0110145
      4.51570      1.45942    0.0110481
      4.52500      1.45916    0.0110796
      4.53440      1.45889    0.0111090
      4.54380      1.45861    0.0111447
      4.55320      1.45834    0.0111783
      4.56260      1.45807    0.0112182
      4.57200      1.45780    0.0112497
      4.58140      1.45752    0.0112917
      4.59080      1.45725    0.0113358
      4.60020      1.45698    0.0113778
      4.60960      1.45671    0.0114114
      4.61900      1.45643    0.0114555
      4.62840      1.45616    0.0114954
      4.63770      1.45589    0.0115416
      4.64710      1.45561    0.0115857
      4.65650      1.45534    0.0116340
      4.66590      1.45506    0.0116823
      4.67530      1.45479    0.0117264
      4.68470      1.45452    0.0117705
      4.69410      1.45424    0.0118167
      4.70350      1.45396    0.0118692
      4.71290      1.45369    0.0119259
      4.72230      1.45341    0.0119679
      4.73170      1.45314    0.0120204
      4.74100      1.45286    0.0120666
      4.75040      1.45258    0.0121233
      4.75980      1.45230    0.0121737
      4.76920      1.45202    0.0122262
      4.77860      1.45174    0.0122892
      4.78800      1.45147    0.0123417
      4.79740      1.45118    0.0123921
      4.80680      1.45090    0.0124572
      4.81620      1.45062    0.0125118
      4.82560      1.45034    0.0125685
      4.83500      1.45006    0.0126252
      4.84440      1.44977    0.0126840
      4.85370      1.44948    0.0127491
      4.86310      1.44920    0.0128142
      4.87250      1.44891    0.0128814
      4.88190      1.44863    0.0129549
      4.89130      1.44835    0.0130221
      4.90070      1.44807    0.0131019
      4.91010      1.44778    0.0131691
      4.91950      1.44750    0.0132510
      4.92890      1.44721    0.0133245
      4.93830      1.44694    0.0134085
      4.94770      1.44666    0.0134883
      4.95700      1.44639    0.0135786
      4.96640      1.44613    0.0136626
      4.97580      1.44587    0.0137466
      4.98520      1.44561    0.0138432
      4.99460      1.44537    0.0139356
      5.50000      1.42938    0.0165346
      6.00000      1.40913    0.0191058
      6.50000      1.38198    0.0216770
      7.82400      1.17985    0.0284856
      7.94819      1.12229    0.0614971
      8.07639      1.06653     0.112193
      8.20879      1.01661     0.193003
      8.34560     0.996763     0.312821
      8.48705      1.03082     0.437154
      8.63338      1.11373     0.541370
      8.78484      1.19290     0.558977
      8.94171      1.25061     0.613097
      9.10429      1.34266     0.669412
      9.27289      1.45406     0.675093
      9.44785      1.54829     0.643164
      9.62954      1.61760     0.602982
      9.81835      1.68971     0.575259
      10.0147      1.75403     0.497434
      10.2191      1.78472     0.420240
      10.4320      1.78440     0.334673
      10.6540      1.76354     0.288798
      10.8856      1.74442     0.254141
      11.1275      1.73813     0.241711
      11.3804      1.75283     0.211733
      11.6450      1.73546     0.127199
      11.9223      1.67611    0.0944686
      12.2131      1.62251    0.0935390
      12.5184      1.59526     0.115853
      12.8394      1.57132     0.101905
      17.8834      1.40696     0.338310
      18.5458      1.42059     0.447366
      19.2591      1.47408     0.475476
      20.0294      1.50114     0.503511
      20.8640      1.55694     0.574960
      21.7711      1.63738     0.575856
      22.7607      1.68690     0.560312
      23.8446      1.73770     0.575585
      25.0368      1.82012     0.565047
      25.6410      1.84305     0.507069
      26.3158      1.84498     0.493778
      27.0270      1.84627     0.461421
      27.7778      1.83232     0.449142
      28.5714      1.81836     0.449961
      29.4118      1.81170     0.464998
      30.3030      1.81394     0.483434
      31.2500      1.82123     0.502434
      32.2581      1.83346     0.528071
      33.3333      1.85394     0.557765
      34.4828      1.88899     0.596083
      35.7143      1.94857     0.633739
      37.0370      2.03596     0.654599
      38.4615      2.13078     0.628481
      40.0000      2.21889     0.588513
      41.6667      2.30425     0.509242
      43.4783      2.34362     0.385193
      45.4545      2.33306     0.282779
      47.6190      2.29906     0.207487
      50.0000      2.26167     0.156135
      50.6172      2.25119     0.145583
      52.7692      2.21747     0.122441
      55.0128      2.18995     0.107093
      57.3517      2.17274    0.0965746
      59.7901      2.15013    0.0891458
      62.3321      2.14042    0.0837306
      64.9822      2.12888    0.0796302
      67.7450      2.12262    0.0761077
      70.6253      2.11221    0.0728444
      73.6280      2.10228    0.0696271
      76.7584      2.09993    0.0663216
      80.0219      2.09830    0.0628556
      83.4241      2.09930    0.0592049
      86.9709      2.08507    0.0553825
      90.6686      2.08919    0.0522408
      94.5235      2.08676    0.0488680
      98.5423      2.08826    0.0457129
