  WL(microns)  Nr     Ni           ==> Water Ice Refractive Indicies
  1.950E-01    1.4007 1.590E-08
  2.100E-01    1.3800 1.325E-08
  2.500E-01    1.3509 8.623E-09
  3.000E-01    1.3339 5.504E-09
  3.500E-01    1.3249 3.765E-09
  4.000E-01    1.3194 2.710E-09
  4.100E-01    1.3185 2.510E-09
  4.200E-01    1.3177 2.260E-09
  4.300E-01    1.3170 2.080E-09
  4.400E-01    1.3163 1.910E-09
  4.500E-01    1.3157 1.540E-09
  4.600E-01    1.3151 1.530E-09
  4.700E-01    1.3145 1.550E-09
  4.800E-01    1.3140 1.640E-09
  4.900E-01    1.3135 1.780E-09
  5.000E-01    1.3130 1.910E-09
  5.100E-01    1.3126 2.140E-09
  5.200E-01    1.3122 2.260E-09
  5.300E-01    1.3118 2.540E-09
  5.400E-01    1.3114 2.930E-09
  5.500E-01    1.3110 3.110E-09
  5.600E-01    1.3106 3.290E-09
  5.700E-01    1.3103 3.520E-09
  5.800E-01    1.3100 4.040E-09
  5.900E-01    1.3097 4.880E-09
  6.000E-01    1.3094 5.730E-09
  6.100E-01    1.3091 6.890E-09
  6.200E-01    1.3088 8.580E-09
  6.300E-01    1.3085 1.040E-08
  6.400E-01    1.3083 1.220E-08
  6.500E-01    1.3080 1.430E-08
  6.600E-01    1.3078 1.660E-08
  6.700E-01    1.3076 1.890E-08
  6.800E-01    1.3073 2.090E-08
  6.900E-01    1.3071 2.400E-08
  7.000E-01    1.3069 2.900E-08
  7.100E-01    1.3067 3.440E-08
  7.200E-01    1.3065 4.030E-08
  7.300E-01    1.3062 4.300E-08
  7.400E-01    1.3060 4.920E-08
  7.500E-01    1.3058 5.870E-08
  7.600E-01    1.3057 7.080E-08
  7.700E-01    1.3055 8.580E-08
  7.800E-01    1.3053 1.020E-07
  7.900E-01    1.3051 1.180E-07
  8.000E-01    1.3049 1.340E-07
  8.100E-01    1.3047 1.400E-07
  8.200E-01    1.3045 1.430E-07
  8.300E-01    1.3044 1.450E-07
  8.400E-01    1.3042 1.510E-07
  8.500E-01    1.3040 1.830E-07
  8.600E-01    1.3038 2.150E-07
  8.700E-01    1.3037 2.650E-07
  8.800E-01    1.3035 3.350E-07
  8.900E-01    1.3033 3.920E-07
  9.000E-01    1.3032 4.200E-07
  9.100E-01    1.3030 4.440E-07
  9.200E-01    1.3028 4.740E-07
  9.300E-01    1.3027 5.110E-07
  9.400E-01    1.3025 5.530E-07
  9.500E-01    1.3023 6.020E-07
  9.600E-01    1.3022 7.550E-07
  9.700E-01    1.3020 9.260E-07
  9.800E-01    1.3018 1.120E-06
  9.900E-01    1.3017 1.330E-06
  1.000E+00    1.3015 1.620E-06
  1.010E+00    1.3013 2.000E-06
  1.020E+00    1.3012 2.250E-06
  1.030E+00    1.3010 2.330E-06
  1.040E+00    1.3008 2.330E-06
  1.050E+00    1.3006 2.170E-06
  1.060E+00    1.3005 1.960E-06
  1.070E+00    1.3003 1.810E-06
  1.080E+00    1.3001 1.740E-06
  1.090E+00    1.3000 1.730E-06
  1.100E+00    1.2998 1.700E-06
  1.110E+00    1.2996 1.760E-06
  1.120E+00    1.2995 1.820E-06
  1.130E+00    1.2993 2.040E-06
  1.140E+00    1.2991 2.250E-06
  1.150E+00    1.2989 2.290E-06
  1.160E+00    1.2987 3.040E-06
  1.170E+00    1.2985 3.840E-06
  1.180E+00    1.2984 4.770E-06
  1.190E+00    1.2982 5.760E-06
  1.200E+00    1.2980 6.710E-06
  1.210E+00    1.2978 8.660E-06
  1.220E+00    1.2976 1.020E-05
  1.230E+00    1.2974 1.130E-05
  1.240E+00    1.2972 1.220E-05
  1.250E+00    1.2970 1.290E-05
  1.260E+00    1.2969 1.320E-05
  1.270E+00    1.2967 1.350E-05
  1.280E+00    1.2965 1.330E-05
  1.290E+00    1.2963 1.320E-05
  1.300E+00    1.2961 1.320E-05
  1.310E+00    1.2958 1.310E-05
  1.320E+00    1.2956 1.320E-05
  1.330E+00    1.2954 1.320E-05
  1.340E+00    1.2952 1.340E-05
  1.350E+00    1.2950 1.390E-05
  1.360E+00    1.2948 1.420E-05
  1.370E+00    1.2945 1.480E-05
  1.380E+00    1.2943 1.580E-05
  1.390E+00    1.2941 1.740E-05
  1.400E+00    1.2938 1.980E-05
  1.410E+00    1.2936 2.500E-05
  1.420E+00    1.2933 5.400E-05
  1.430E+00    1.2930 1.040E-04
  1.440E+00    1.2927 2.030E-04
  1.449E+00    1.2925 2.708E-04
  1.460E+00    1.2923 3.511E-04
  1.471E+00    1.2921 4.299E-04
  1.481E+00    1.2919 5.181E-04
  1.493E+00    1.2917 5.855E-04
  1.504E+00    1.2915 5.899E-04
  1.515E+00    1.2913 5.635E-04
  1.527E+00    1.2911 5.480E-04
  1.538E+00    1.2908 5.266E-04
  1.563E+00    1.2903 4.394E-04
  1.587E+00    1.2896 3.701E-04
  1.613E+00    1.2889 3.372E-04
  1.650E+00    1.2878 2.410E-04
  1.680E+00    1.2869 1.890E-04
  1.700E+00    1.2862 1.660E-04
  1.730E+00    1.2852 1.450E-04
  1.760E+00    1.2841 1.280E-04
  1.800E+00    1.2826 1.030E-04
  1.830E+00    1.2814 8.600E-05
  1.840E+00    1.2809 8.220E-05
  1.850E+00    1.2805 8.030E-05
  1.855E+00    1.2802 8.500E-05
  1.860E+00    1.2800 9.900E-05
  1.870E+00    1.2795 1.500E-04
  1.890E+00    1.2785 2.950E-04
  1.905E+00    1.2777 4.687E-04
  1.923E+00    1.2769 7.615E-04
  1.942E+00    1.2761 1.010E-03
  1.961E+00    1.2754 1.313E-03
  1.980E+00    1.2747 1.539E-03
  2.000E+00    1.2740 1.588E-03
  2.020E+00    1.2733 1.540E-03
  2.041E+00    1.2724 1.412E-03
  2.062E+00    1.2714 1.244E-03
  2.083E+00    1.2703 1.068E-03
  2.105E+00    1.2690 8.414E-04
  2.130E+00    1.2674 5.650E-04
  2.150E+00    1.2659 4.320E-04
  2.170E+00    1.2644 3.500E-04
  2.190E+00    1.2628 2.870E-04
  2.220E+00    1.2604 2.210E-04
  2.240E+00    1.2586 2.030E-04
  2.245E+00    1.2582 2.010E-04
  2.250E+00    1.2577 2.030E-04
  2.260E+00    1.2567 2.140E-04
  2.270E+00    1.2558 2.320E-04
  2.290E+00    1.2538 2.890E-04
  2.310E+00    1.2518 3.810E-04
  2.330E+00    1.2497 4.620E-04
  2.350E+00    1.2475 5.480E-04
  2.370E+00    1.2451 6.180E-04
  2.390E+00    1.2427 6.800E-04
  2.410E+00    1.2400 7.300E-04
  2.430E+00    1.2373 7.820E-04
  2.460E+00    1.2327 8.480E-04
  2.500E+00    1.2258 9.250E-04
  2.520E+00    1.2220 9.200E-04
  2.550E+00    1.2155 8.920E-04
  2.565E+00    1.2118 8.700E-04
  2.580E+00    1.2079 8.900E-04
  2.590E+00    1.2051 9.300E-04
  2.600E+00    1.2021 1.010E-03
  2.620E+00    1.1957 1.350E-03
  2.675E+00    1.1741 3.420E-03
  2.725E+00    1.1473 7.920E-03
  2.778E+00    1.1077 2.000E-02
  2.817E+00    1.0674 3.800E-02
  2.833E+00    1.0476 5.200E-02
  2.849E+00    1.0265 6.800E-02
  2.865E+00    1.0036 9.230E-02
  2.882E+00    0.9820 1.270E-01
  2.899E+00    0.9650 1.690E-01
  2.915E+00    0.9596 2.210E-01
  2.933E+00    0.9727 2.760E-01
  2.950E+00    0.9917 3.120E-01
  2.967E+00    1.0067 3.470E-01
  2.985E+00    1.0219 3.880E-01
  3.003E+00    1.0427 4.380E-01
  3.021E+00    1.0760 4.930E-01
  3.040E+00    1.1295 5.540E-01
  3.058E+00    1.2127 6.120E-01
  3.077E+00    1.3251 6.250E-01
  3.096E+00    1.4260 5.930E-01
  3.115E+00    1.4966 5.390E-01
  3.135E+00    1.5510 4.910E-01
  3.155E+00    1.5999 4.380E-01
  3.175E+00    1.6363 3.720E-01
  3.195E+00    1.6502 3.000E-01
  3.215E+00    1.6428 2.380E-01
  3.236E+00    1.6269 1.930E-01
  3.257E+00    1.6128 1.580E-01
  3.279E+00    1.5924 1.210E-01
  3.300E+00    1.5733 1.030E-01
  3.322E+00    1.5577 8.360E-02
  3.345E+00    1.5413 6.680E-02
  3.367E+00    1.5265 5.400E-02
  3.390E+00    1.5114 4.220E-02
  3.413E+00    1.4973 3.420E-02
  3.436E+00    1.4845 2.740E-02
  3.460E+00    1.4721 2.200E-02
  3.484E+00    1.4612 1.860E-02
  3.509E+00    1.4513 1.520E-02
  3.534E+00    1.4421 1.260E-02
  3.559E+00    1.4337 1.060E-02
  3.624E+00    1.4155 8.020E-03
  3.732E+00    1.3942 6.850E-03
  3.775E+00    1.3873 6.600E-03
  3.847E+00    1.3773 6.960E-03
  3.969E+00    1.3645 9.160E-03
  4.099E+00    1.3541 1.110E-02
  4.239E+00    1.3446 1.450E-02
  4.348E+00    1.3388 2.000E-02
  4.387E+00    1.3381 2.300E-02
  4.444E+00    1.3385 2.600E-02
  4.505E+00    1.3405 2.900E-02
  4.547E+00    1.3429 2.930E-02
  4.560E+00    1.3442 3.000E-02
  4.580E+00    1.3463 2.850E-02
  4.719E+00    1.3442 1.730E-02
  4.904E+00    1.3345 1.290E-02
  5.000E+00    1.3290 1.200E-02
  5.100E+00    1.3233 1.250E-02
  5.200E+00    1.3180 1.340E-02
  5.263E+00    1.3143 1.400E-02
  5.400E+00    1.3062 1.750E-02
  5.556E+00    1.2972 2.400E-02
  5.714E+00    1.2890 3.500E-02
  5.747E+00    1.2873 3.800E-02
  5.780E+00    1.2860 4.200E-02
  5.814E+00    1.2851 4.600E-02
  5.848E+00    1.2854 5.200E-02
  5.882E+00    1.2881 5.700E-02
  6.061E+00    1.3016 6.900E-02
  6.135E+00    1.3090 7.000E-02
  6.250E+00    1.3172 6.700E-02
  6.289E+00    1.3189 6.500E-02
  6.329E+00    1.3204 6.400E-02
  6.369E+00    1.3220 6.200E-02
  6.410E+00    1.3224 5.900E-02
  6.452E+00    1.3215 5.700E-02
  6.494E+00    1.3204 5.600E-02
  6.579E+00    1.3181 5.500E-02
  6.667E+00    1.3171 5.700E-02
  6.757E+00    1.3181 5.800E-02
  6.897E+00    1.3195 5.700E-02
  7.042E+00    1.3193 5.500E-02
  7.143E+00    1.3190 5.500E-02
  7.246E+00    1.3191 5.400E-02
  7.353E+00    1.3180 5.200E-02
  7.463E+00    1.3163 5.200E-02
  7.576E+00    1.3154 5.200E-02
  7.692E+00    1.3154 5.200E-02
  7.812E+00    1.3155 5.000E-02
  7.937E+00    1.3145 4.700E-02
  8.065E+00    1.3119 4.300E-02
  8.197E+00    1.3068 3.900E-02
  8.333E+00    1.2993 3.700E-02
  8.475E+00    1.2925 3.900E-02
  8.696E+00    1.2839 4.000E-02
  8.929E+00    1.2740 4.200E-02
  9.091E+00    1.2672 4.400E-02
  9.259E+00    1.2599 4.500E-02
  9.524E+00    1.2451 4.600E-02
  9.804E+00    1.2224 4.700E-02
  1.000E+01    1.1991 5.100E-02
  1.020E+01    1.1715 6.500E-02
  1.031E+01    1.1553 7.500E-02
  1.042E+01    1.1370 8.800E-02
  1.053E+01    1.1181 1.080E-01
  1.064E+01    1.1013 1.340E-01
  1.075E+01    1.0908 1.680E-01
  1.087E+01    1.0873 2.040E-01
  1.100E+01    1.0925 2.480E-01
  1.111E+01    1.1065 2.800E-01
  1.136E+01    1.1478 3.410E-01
  1.163E+01    1.2020 3.790E-01
  1.190E+01    1.2582 4.090E-01
  1.220E+01    1.3231 4.220E-01
  1.250E+01    1.3857 4.220E-01
  1.282E+01    1.4448 4.030E-01
  1.299E+01    1.4717 3.890E-01
  1.316E+01    1.4962 3.740E-01
  1.333E+01    1.5165 3.540E-01
  1.351E+01    1.5333 3.350E-01
  1.370E+01    1.5490 3.150E-01
  1.389E+01    1.5628 2.940E-01
  1.408E+01    1.5732 2.710E-01
  1.429E+01    1.5803 2.460E-01
  1.471E+01    1.5792 1.980E-01
  1.515E+01    1.5667 1.640E-01
  1.538E+01    1.5587 1.520E-01
  1.563E+01    1.5508 1.420E-01
  1.613E+01    1.5381 1.280E-01
  1.639E+01    1.5330 1.250E-01
  1.667E+01    1.5322 1.230E-01
  1.695E+01    1.5334 1.160E-01
  1.724E+01    1.5329 1.070E-01
  1.818E+01    1.5170 7.900E-02
  1.887E+01    1.5010 7.200E-02
  1.923E+01    1.4968 7.600E-02
  1.961E+01    1.4993 7.500E-02
  2.000E+01    1.5015 6.700E-02
  2.041E+01    1.4986 5.500E-02
  2.083E+01    1.4905 4.500E-02
  2.222E+01    1.4607 2.900E-02
  2.260E+01    1.4518 2.750E-02
  2.305E+01    1.4422 2.700E-02
  2.360E+01    1.4316 2.730E-02
  2.460E+01    1.4138 2.890E-02
  2.500E+01    1.4068 3.000E-02
  2.600E+01    1.3895 3.400E-02
  2.857E+01    1.3489 5.300E-02
  3.100E+01    1.3104 7.550E-02
  3.333E+01    1.2642 1.060E-01
  3.448E+01    1.2366 1.350E-01
  3.564E+01    1.2166 1.760E-01
  3.700E+01    1.2023 2.229E-01
  3.824E+01    1.1964 2.746E-01
  3.960E+01    1.1997 3.280E-01
  4.114E+01    1.2086 3.906E-01
  4.276E+01    1.2217 4.642E-01
  4.358E+01    1.2417 5.247E-01
  4.458E+01    1.2818 5.731E-01
  4.550E+01    1.3278 6.362E-01
  4.615E+01    1.3866 6.839E-01
  4.671E+01    1.4649 7.091E-01
  4.736E+01    1.5532 6.790E-01
  4.800E+01    1.6038 6.250E-01
  4.878E+01    1.6188 5.654E-01
  5.003E+01    1.6296 5.433E-01
  5.128E+01    1.6571 5.292E-01
  5.275E+01    1.6981 5.070E-01
  5.350E+01    1.7206 4.883E-01
  5.424E+01    1.7486 4.707E-01
  5.500E+01    1.7674 4.203E-01
  5.574E+01    1.7648 3.771E-01
  5.640E+01    1.7501 3.376E-01
  5.700E+01    1.7233 3.056E-01
  5.746E+01    1.6849 2.835E-01
  5.840E+01    1.6240 3.170E-01
  5.929E+01    1.5960 3.517E-01
  6.000E+01    1.5851 3.902E-01
  6.100E+01    1.5992 4.509E-01
  6.125E+01    1.6140 4.671E-01
  6.250E+01    1.6662 4.779E-01
  6.378E+01    1.7066 4.890E-01
  6.467E+01    1.7371 4.899E-01
  6.558E+01    1.7686 4.873E-01
  6.655E+01    1.8034 4.766E-01
  6.760E+01    1.8330 4.508E-01
  6.900E+01    1.8568 4.193E-01
  7.053E+01    1.8741 3.880E-01
  7.300E+01    1.8911 3.433E-01
  7.500E+01    1.8992 3.118E-01
  7.629E+01    1.9043 2.935E-01
  8.000E+01    1.9033 2.350E-01
  8.297E+01    1.8874 1.981E-01
  8.500E+01    1.8750 1.865E-01
  8.680E+01    1.8670 1.771E-01
  9.080E+01    1.8536 1.620E-01
  9.517E+01    1.8425 1.490E-01
  1.000E+02    1.8323 1.390E-01
  1.200E+02    1.8191 1.200E-01
  1.500E+02    1.8227 9.620E-02
  1.670E+02    1.8296 8.300E-02
