    ALT(km)      O3          H2O          CH4           CO2            O2           N2O         OH  
     0.500000  7.70000e-19    0.0290000  1.70000e-06     0.100000  3.00000e-11      0.00000  3.80000e-21
      1.50000  2.40000e-18    0.0230000  1.60000e-06     0.100000  4.00000e-11      0.00000  1.10000e-20
      2.50000  2.90000e-17    0.0180000  1.60000e-06     0.100000  7.90000e-11      0.00000  3.60000e-20
      3.50000  8.20000e-16    0.0140000  1.60000e-06     0.100000  2.30000e-10      0.00000  1.70000e-19
      4.50000  1.50000e-14    0.0100000  1.60000e-06     0.100000  9.20000e-10      0.00000  5.10000e-19
      5.50000  5.00000e-14   0.00740000  1.60000e-06     0.100000  3.20000e-09      0.00000  3.50000e-19
      6.50000  1.10000e-13   0.00520000  1.60000e-06     0.100000  6.50000e-09      0.00000  4.20000e-19
      7.50000  2.30000e-13   0.00350000  1.60000e-06     0.100000  1.10000e-08      0.00000  5.10000e-19
      8.50000  4.10000e-13   0.00220000  1.60000e-06     0.100000  1.70000e-08      0.00000  6.20000e-19
      9.50000  7.20000e-13   0.00130000  1.60000e-06     0.100000  2.60000e-08      0.00000  7.50000e-19
      10.5000  1.40000e-12  0.000680000  1.60000e-06     0.100000  4.00000e-08      0.00000  9.20000e-19
      11.5000  3.20000e-12  0.000250000  1.60000e-06     0.100000  7.50000e-08      0.00000  1.10000e-18
      12.5000  9.00000e-12  9.70000e-05  1.60000e-06     0.100000  1.60000e-07      0.00000  1.40000e-18
      13.5000  2.50000e-11  3.60000e-05  1.60000e-06     0.100000  3.50000e-07      0.00000  1.80000e-18
      14.5000  6.20000e-11  1.30000e-05  1.60000e-06     0.100000  6.80000e-07      0.00000  2.30000e-18
      15.5000  1.20000e-10  5.80000e-06  1.60000e-06     0.100000  1.20000e-06      0.00000  2.90000e-18
      16.5000  1.90000e-10  3.60000e-06  1.60000e-06     0.100000  1.90000e-06      0.00000  3.70000e-18
      17.5000  2.70000e-10  2.40000e-06  1.60000e-06     0.100000  2.70000e-06      0.00000  4.60000e-18
      18.5000  3.60000e-10  1.80000e-06  1.60000e-06     0.100000  3.70000e-06      0.00000  5.70000e-18
      19.5000  4.30000e-10  1.60000e-06  1.60000e-06     0.100000  4.90000e-06      0.00000  7.00000e-18
      20.5000  5.00000e-10  1.40000e-06  1.60000e-06     0.100000  6.20000e-06      0.00000  8.80000e-18
      21.5000  5.60000e-10  1.40000e-06  1.60000e-06     0.100000  7.60000e-06      0.00000  1.10000e-17
      22.5000  6.00000e-10  1.30000e-06  1.60000e-06     0.100000  9.00000e-06      0.00000  1.40000e-17
      23.5000  6.40000e-10  1.30000e-06  1.60000e-06     0.100000  1.10000e-05      0.00000  1.70000e-17
      24.5000  6.70000e-10  1.30000e-06  1.60000e-06     0.100000  1.20000e-05      0.00000  2.10000e-17
      25.5000  7.00000e-10  1.30000e-06  1.60000e-06     0.100000  1.40000e-05      0.00000  2.70000e-17
      26.5000  7.30000e-10  1.30000e-06  1.60000e-06     0.100000  1.60000e-05      0.00000  3.40000e-17
      27.5000  7.50000e-10  1.30000e-06  1.60000e-06     0.100000  1.80000e-05      0.00000  4.40000e-17
      28.5000  7.80000e-10  1.30000e-06  1.60000e-06     0.100000  2.00000e-05      0.00000  5.60000e-17
      29.5000  8.20000e-10  1.30000e-06  1.60000e-06     0.100000  2.20000e-05      0.00000  7.30000e-17
      30.5000  8.60000e-10  1.30000e-06  1.60000e-06     0.100000  2.50000e-05      0.00000  9.50000e-17
      31.5000  9.00000e-10  1.30000e-06  1.60000e-06     0.100000  2.80000e-05      0.00000  1.20000e-16
      32.5000  9.40000e-10  1.30000e-06  1.60000e-06     0.100000  3.10000e-05      0.00000  1.60000e-16
      33.5000  1.00000e-09  1.30000e-06  1.60000e-06     0.100000  3.40000e-05      0.00000  2.20000e-16
      34.5000  1.10000e-09  1.30000e-06  1.60000e-06     0.100000  3.80000e-05      0.00000  2.90000e-16
      35.5000  1.20000e-09  1.30000e-06  1.60000e-06     0.100000  4.20000e-05      0.00000  3.90000e-16
      36.5000  1.30000e-09  1.30000e-06  1.60000e-06     0.100000  4.60000e-05      0.00000  5.20000e-16
      37.5000  1.40000e-09  1.30000e-06  1.60000e-06     0.100000  5.10000e-05      0.00000  7.10000e-16
      38.5000  1.60000e-09  1.30000e-06  1.50000e-06     0.100000  5.60000e-05      0.00000  9.60000e-16
      39.5000  1.80000e-09  1.30000e-06  1.50000e-06     0.100000  6.10000e-05      0.00000  1.30000e-15
      40.5000  2.00000e-09  1.30000e-06  1.50000e-06     0.100000  6.70000e-05      0.00000  1.80000e-15
      41.5000  2.30000e-09  1.30000e-06  1.50000e-06     0.100000  7.30000e-05      0.00000  2.60000e-15
      42.5000  2.50000e-09  1.30000e-06  1.50000e-06     0.100000  8.00000e-05      0.00000  3.90000e-15
      43.5000  2.60000e-09  1.20000e-06  1.50000e-06     0.100000  8.80000e-05      0.00000  6.00000e-15
      44.5000  2.60000e-09  1.20000e-06  1.50000e-06    0.0990000  9.60000e-05      0.00000  9.50000e-15
      45.5000  2.40000e-09  1.20000e-06  1.50000e-06    0.0990000  0.000110000      0.00000  1.50000e-14
      46.5000  2.20000e-09  1.20000e-06  1.40000e-06    0.0990000  0.000120000      0.00000  2.30000e-14
      47.5000  2.00000e-09  1.20000e-06  1.40000e-06    0.0990000  0.000130000      0.00000  3.60000e-14
      48.5000  1.70000e-09  1.20000e-06  1.40000e-06    0.0990000  0.000140000      0.00000  5.30000e-14
      49.5000  1.60000e-09  1.20000e-06  1.40000e-06    0.0990000  0.000150000      0.00000  7.80000e-14
      50.5000  1.40000e-09  1.20000e-06  1.30000e-06    0.0990000  0.000170000      0.00000  1.10000e-13
      51.5000  1.20000e-09  1.20000e-06  1.30000e-06    0.0990000  0.000180000      0.00000  1.60000e-13
      52.5000  8.90000e-10  1.20000e-06  1.30000e-06    0.0990000  0.000200000      0.00000  2.20000e-13
      53.5000  4.50000e-10  1.10000e-06  1.20000e-06    0.0990000  0.000220000      0.00000  4.00000e-13
      54.5000  1.70000e-10  1.10000e-06  1.20000e-06    0.0990000  0.000240000      0.00000  1.10000e-12
      55.5000  1.50000e-10  1.10000e-06  1.20000e-06    0.0990000  0.000260000      0.00000  3.60000e-12
      56.5000  3.20000e-10  1.10000e-06  1.10000e-06    0.0990000  0.000280000      0.00000  9.40000e-12
      57.5000  6.10000e-10  1.10000e-06  1.10000e-06    0.0980000  0.000310000      0.00000  1.80000e-11
      58.5000  9.50000e-10  1.00000e-06  1.00000e-06    0.0980000  0.000330000      0.00000  2.80000e-11
      59.5000  1.30000e-09  9.80000e-07  9.80000e-07    0.0980000  0.000360000      0.00000  3.50000e-11
      60.5000  1.60000e-09  9.20000e-07  9.30000e-07    0.0980000  0.000400000      0.00000  3.80000e-11
      61.5000  1.90000e-09  8.70000e-07  8.70000e-07    0.0980000  0.000430000      0.00000  3.80000e-11
      62.5000  2.10000e-09  8.00000e-07  8.00000e-07    0.0980000  0.000460000      0.00000  3.40000e-11
      63.5000  2.30000e-09  7.40000e-07  7.40000e-07    0.0970000  0.000490000      0.00000  3.00000e-11
      64.5000  2.40000e-09  6.70000e-07  6.70000e-07    0.0970000  0.000510000      0.00000  2.60000e-11
      65.5000  2.50000e-09  6.00000e-07  5.90000e-07    0.0970000  0.000540000      0.00000  2.20000e-11
      66.5000  2.50000e-09  5.30000e-07  5.20000e-07    0.0970000  0.000560000      0.00000  1.90000e-11
      67.5000  2.50000e-09  4.60000e-07  4.60000e-07    0.0960000  0.000580000      0.00000  1.60000e-11
      68.5000  2.40000e-09  4.00000e-07  3.90000e-07    0.0960000  0.000600000      0.00000  1.30000e-11
      69.5000  2.30000e-09  3.40000e-07  3.40000e-07    0.0960000  0.000610000      0.00000  1.10000e-11
      70.5000  2.20000e-09  2.90000e-07  2.90000e-07    0.0950000  0.000620000      0.00000  9.30000e-12
      71.5000  2.00000e-09  2.50000e-07  2.40000e-07    0.0950000  0.000630000      0.00000  7.80000e-12
      72.5000  1.90000e-09  2.10000e-07  2.10000e-07    0.0950000  0.000640000      0.00000  6.60000e-12
      73.5000  1.70000e-09  1.80000e-07  1.70000e-07    0.0940000  0.000640000      0.00000  5.60000e-12
      74.5000  1.60000e-09  1.50000e-07  1.40000e-07    0.0940000  0.000640000      0.00000  4.70000e-12
      75.5000  1.40000e-09  1.20000e-07  1.20000e-07    0.0930000  0.000640000      0.00000  4.00000e-12
      76.5000  1.30000e-09  1.00000e-07  9.60000e-08    0.0920000  0.000640000      0.00000  3.50000e-12
      77.5000  1.20000e-09  8.10000e-08  7.80000e-08    0.0920000  0.000630000      0.00000  3.00000e-12
      78.5000  1.10000e-09  6.60000e-08  6.30000e-08    0.0910000  0.000620000      0.00000  2.70000e-12
      79.5000  9.50000e-10  5.40000e-08  5.10000e-08    0.0900000  0.000610000      0.00000  2.50000e-12
      80.5000  8.40000e-10  4.30000e-08  4.10000e-08    0.0890000  0.000600000      0.00000  2.30000e-12
      81.5000  7.50000e-10  3.50000e-08  3.30000e-08    0.0880000  0.000590000      0.00000  2.30000e-12
      82.5000  6.60000e-10  2.80000e-08  2.70000e-08    0.0860000  0.000580000      0.00000  2.30000e-12
      83.5000  5.80000e-10  2.30000e-08  2.20000e-08    0.0850000  0.000560000      0.00000  2.40000e-12
      84.5000  5.00000e-10  1.90000e-08  1.80000e-08    0.0830000  0.000550000      0.00000  2.60000e-12
      85.5000  4.40000e-10  1.50000e-08  1.40000e-08    0.0810000  0.000530000      0.00000  2.80000e-12
      86.5000  3.80000e-10  1.20000e-08  1.20000e-08    0.0790000  0.000510000      0.00000  3.10000e-12
      87.5000  3.30000e-10  1.00000e-08  9.70000e-09    0.0770000  0.000500000      0.00000  3.40000e-12
      88.5000  2.80000e-10  8.60000e-09  8.10000e-09    0.0740000  0.000480000      0.00000  3.80000e-12
      89.5000  2.40000e-10  7.20000e-09  6.70000e-09    0.0710000  0.000460000      0.00000  4.20000e-12
      90.5000  2.10000e-10  6.10000e-09  5.70000e-09    0.0690000  0.000450000      0.00000  4.60000e-12
      91.5000  1.80000e-10  5.30000e-09  4.80000e-09    0.0660000  0.000430000      0.00000  5.00000e-12
      92.5000  1.60000e-10  4.60000e-09  4.20000e-09    0.0620000  0.000420000      0.00000  5.50000e-12
      93.5000  1.40000e-10  4.10000e-09  3.60000e-09    0.0590000  0.000410000      0.00000  5.90000e-12
      94.5000  1.20000e-10  3.70000e-09  3.20000e-09    0.0560000  0.000400000      0.00000  6.30000e-12
      95.5000  1.00000e-10  3.50000e-09  2.80000e-09    0.0530000  0.000390000      0.00000  6.60000e-12
      96.5000  9.00000e-11  3.30000e-09  2.50000e-09    0.0490000  0.000380000      0.00000  6.90000e-12
      97.5000  7.90000e-11  3.30000e-09  2.20000e-09    0.0460000  0.000370000      0.00000  7.20000e-12
      98.5000  7.00000e-11  3.30000e-09  2.00000e-09    0.0430000  0.000360000      0.00000  7.40000e-12
      99.5000  6.30000e-11  3.40000e-09  1.80000e-09    0.0400000  0.000360000      0.00000  7.60000e-12
