4.765    2.261e-18
4.783    2.228e-18
4.802    2.294e-18
4.821    2.305e-18
4.839    2.327e-18
4.858    2.349e-18
4.877    2.382e-18
4.897    2.382e-18
4.916    2.371e-18
4.936    2.393e-18
4.955    2.382e-18
4.975    2.436e-18
4.995    2.415e-18
5.016    2.469e-18
5.036    2.513e-18
5.056    2.524e-18
5.077    2.524e-18
5.098    2.557e-18
5.119    2.568e-18
5.140    2.568e-18
5.162    2.601e-18
5.183    2.535e-18
5.205    2.557e-18
5.227    2.535e-18
5.249    2.601e-18
5.271    2.568e-18
5.294    2.656e-18
5.317    2.711e-18
5.340    2.678e-18
5.363    2.766e-18
5.386    2.897e-18
5.409    2.788e-18
5.433    2.667e-18
5.457    2.645e-18
5.481    2.634e-18
5.506    2.590e-18
5.530    2.623e-18
5.555    2.645e-18
5.580    2.634e-18
5.605    2.667e-18
5.631    2.667e-18
5.656    2.634e-18
5.682    2.623e-18
5.708    2.700e-18
5.735    2.667e-18
5.761    2.722e-18
5.788    2.722e-18
5.815    2.711e-18
5.843    2.744e-18
5.870    2.755e-18
5.898    2.788e-18
5.927    2.810e-18
5.955    2.799e-18
5.984    2.821e-18
6.013    2.810e-18
6.042    2.854e-18
6.072    2.799e-18
6.102    2.810e-18
6.132    2.832e-18
6.162    2.843e-18
6.193    2.864e-18
6.224    2.875e-18
6.256    2.886e-18
6.287    2.886e-18
6.319    2.832e-18
6.352    2.908e-18
6.384    2.908e-18
6.417    2.854e-18
6.451    2.908e-18
6.485    2.886e-18
6.519    2.886e-18
6.536    2.875e-18
6.553    2.875e-18
6.570    2.875e-18
6.588    2.854e-18
6.605    2.854e-18
6.623    2.832e-18
6.641    2.821e-18
6.659    2.810e-18
6.677    2.799e-18
6.695    2.832e-18
6.713    2.810e-18
6.731    2.777e-18
6.749    2.777e-18
6.768    2.766e-18
6.786    2.766e-18
6.805    2.766e-18
6.824    2.777e-18
6.842    2.711e-18
6.861    2.700e-18
6.880    2.689e-18
6.900    2.623e-18
6.919    2.612e-18
6.938    2.579e-18
6.958    2.579e-18
6.977    2.546e-18
6.997    2.491e-18
7.017    2.436e-18
7.037    2.382e-18
7.057    2.305e-18
7.077    2.261e-18
7.097    2.228e-18
7.117    2.151e-18
7.138    2.151e-18
7.158    2.085e-18
7.179    2.063e-18
7.200    2.052e-18
7.221    1.997e-18
7.242    1.943e-18
7.263    1.910e-18
7.285    1.701e-18
7.306    1.602e-18
7.328    1.339e-18
7.349    1.130e-18
7.371    9.329e-19
7.393    1.054e-18
7.415    1.273e-18
7.438    1.427e-18
7.460    1.350e-18
7.482    1.054e-18
7.505    6.805e-19
7.528    4.171e-19
7.551    3.732e-19
7.574    3.512e-19
7.597    3.512e-19
7.620    3.512e-19
7.644    3.622e-19
7.668    3.512e-19
7.691    3.622e-19
7.715    3.622e-19
7.739    3.622e-19
7.764    3.622e-19
7.788    3.622e-19
7.812    3.622e-19
7.837    3.512e-19
7.862    3.732e-19
7.887    3.622e-19
7.912    3.622e-19
7.938    3.732e-19
8.040    3.732e-19
8.146    3.841e-19
8.255    3.732e-19
8.366    3.951e-19
8.480    3.951e-19
8.598    4.061e-19
8.719    4.061e-19
8.843    4.171e-19
8.971    4.390e-19
9.103    4.500e-19
9.239    4.500e-19
9.379    4.610e-19
9.523    4.719e-19
9.671    4.829e-19
9.824    4.939e-19
9.983    5.049e-19
10.146    5.158e-19
10.315    5.268e-19
10.489    5.378e-19
10.670    5.488e-19
10.857    5.707e-19
11.050    5.817e-19
11.251    5.927e-19
11.459    6.146e-19
11.675    6.256e-19
11.899    6.366e-19
12.132    6.585e-19
12.374    6.805e-19
12.626    6.914e-19
12.888    7.134e-19
13.162    7.353e-19
13.447    7.573e-19
13.745    7.792e-19
13.900    8.122e-19
14.057    8.012e-19
14.218    8.231e-19
14.383    8.341e-19
14.552    8.451e-19
14.725    8.451e-19
14.902    8.670e-19
15.083    8.890e-19
15.269    9.000e-19
15.459    9.000e-19
15.655    9.219e-19
15.855    9.439e-19
16.060    9.658e-19
16.271    9.768e-19
16.487    9.987e-19
16.709    9.987e-19
16.938    1.032e-18
17.172    1.043e-18
17.414    1.065e-18
17.662    1.087e-18
17.917    1.108e-18
18.180    1.130e-18
18.450    1.152e-18
18.729    1.174e-18
19.016    1.174e-18
19.312    1.218e-18
19.618    1.207e-18
19.933    1.262e-18
20.259    1.273e-18
20.595    1.306e-18
20.943    1.317e-18
21.303    1.339e-18
21.676    1.383e-18
22.061    1.427e-18
22.461    1.438e-18
22.875    1.449e-18
23.305    1.504e-18
23.752    1.515e-18
24.216    1.536e-18
24.698    1.569e-18
25.200    1.602e-18
25.723    1.646e-18
26.268    1.679e-18
26.836    1.734e-18
27.430    1.778e-18
28.051    1.822e-18
28.700    1.899e-18
29.380    1.965e-18
30.093    2.052e-18
30.842    2.107e-18
31.230    2.151e-18
31.629    2.140e-18
32.037    2.239e-18
32.457    2.327e-18
32.887    2.436e-18
33.329    2.535e-18
33.783    2.535e-18
34.250    2.612e-18
34.729    2.875e-18
35.223    2.766e-18
35.730    3.106e-18
36.253    3.084e-18
36.791    3.369e-18
37.345    3.556e-18
37.916    3.940e-18
38.504    4.181e-18
39.112    4.390e-18
39.739    4.642e-18
40.386    5.027e-18
41.054    5.641e-18
41.746    6.135e-18
42.460    6.815e-18
43.200    7.606e-18
43.966    8.363e-18
44.760    9.076e-18
45.582    1.018e-17
46.436    1.114e-17
47.322    1.238e-17
48.243    1.363e-17
49.200    1.511e-17
50.196    1.639e-17
51.233    1.779e-17
52.314    1.943e-17
53.441    2.162e-17
54.619    2.323e-17
55.849    2.517e-17
57.136    2.710e-17
58.483    2.913e-17
59.896    3.105e-17
61.378    3.336e-17
62.936    3.622e-17
64.575    3.845e-17
66.302    4.139e-17
68.123    4.371e-17
70.048    4.588e-17
72.084    4.836e-17
74.242    5.068e-17
76.533    5.287e-17
78.971    5.458e-17
81.569    5.628e-17
84.343    5.773e-17
87.313    5.959e-17
90.499    5.958e-17
93.927    5.425e-17
97.625    4.680e-17
101.626    4.565e-17
105.969    4.603e-17
110.700    4.186e-17
115.873    3.631e-17
121.553    3.141e-17
127.819    3.029e-17
134.765    3.113e-17
142.511    2.776e-17
151.200    1.449e-17
161.019    4.730e-18
172.200    1.965e-18
185.051    3.424e-18
199.975    4.072e-18
217.516    1.745e-18
238.431    2.195e-20
