106.1509    3.05e-17
106.1559    2.83e-17
106.1609    2.73e-17
106.1659    2.51e-17
106.1709    2.48e-17
106.1759    2.36e-17
106.1809    2.23e-17
106.1859    2.13e-17
106.1909    2.01e-17
106.1959    1.91e-17
106.2009    1.83e-17
106.2059    1.77e-17
106.2110    1.68e-17
106.2160    1.62e-17
106.2210    1.48e-17
106.2260    1.45e-17
106.2310    1.40e-17
106.2360    1.27e-17
106.2410    1.18e-17
106.2460    1.13e-17
106.2510    1.10e-17
106.2560    1.04e-17
106.2610    1.05e-17
106.2660    9.45e-18
106.2710    8.94e-18
106.2760    8.38e-18
106.2810    8.38e-18
106.2860    8.14e-18
106.2910    8.09e-18
106.2961    8.35e-18
106.3011    8.76e-18
106.3061    9.43e-18
106.3111    9.61e-18
106.3161    9.98e-18
106.3211    1.05e-17
106.3261    1.16e-17
106.3311    1.14e-17
106.3361    1.21e-17
106.3411    1.28e-17
106.3461    1.29e-17
106.3511    1.26e-17
106.3561    1.32e-17
106.3611    1.32e-17
106.3661    1.23e-17
106.3711    1.24e-17
106.3761    1.17e-17
106.3811    1.17e-17
106.3862    1.10e-17
106.3912    1.05e-17
106.3962    9.86e-18
106.4012    9.63e-18
106.4062    8.91e-18
106.4112    8.59e-18
106.4162    8.57e-18
106.4212    7.82e-18
106.4262    7.69e-18
106.4312    7.87e-18
106.4362    7.28e-18
106.4412    7.42e-18
106.4462    7.46e-18
106.4512    7.43e-18
106.4562    6.90e-18
106.4612    6.76e-18
106.4662    6.56e-18
106.4713    6.59e-18
106.4763    6.59e-18
106.4813    6.69e-18
106.4863    6.05e-18
106.4913    6.30e-18
106.4963    5.91e-18
106.5013    5.97e-18
106.5063    5.56e-18
106.5113    5.84e-18
106.5163    5.77e-18
106.5213    5.51e-18
106.5263    5.63e-18
106.5313    5.52e-18
106.5363    6.23e-18
106.5413    6.05e-18
106.5463    5.55e-18
106.5513    5.73e-18
106.5564    5.41e-18
106.5614    5.93e-18
106.5664    6.42e-18
106.5714    6.24e-18
106.5764    6.29e-18
106.5814    6.73e-18
106.5864    6.77e-18
106.5914    6.36e-18
106.5964    7.00e-18
106.6014    6.97e-18
106.6064    7.36e-18
106.6114    7.72e-18
106.6164    7.89e-18
106.6214    7.86e-18
106.6264    8.05e-18
106.6314    8.57e-18
106.6364    8.78e-18
106.6414    1.03e-17
106.6465    1.07e-17
106.6515    1.09e-17
106.6565    1.20e-17
106.6615    1.18e-17
106.6665    1.25e-17
106.6715    1.28e-17
106.6765    1.36e-17
106.6815    1.45e-17
106.6865    1.56e-17
106.6915    1.66e-17
106.6965    1.85e-17
106.7015    1.98e-17
106.7065    2.24e-17
106.7115    2.42e-17
106.7165    2.54e-17
106.7215    2.70e-17
106.7265    2.77e-17
106.7316    2.89e-17
106.7366    3.07e-17
106.7416    3.19e-17
106.7466    3.29e-17
106.7516    3.45e-17
106.7566    3.48e-17
106.7616    3.73e-17
106.7666    3.78e-17
106.7716    3.76e-17
106.7766    4.03e-17
106.7816    4.12e-17
106.7866    4.21e-17
106.7916    4.26e-17
106.7966    4.24e-17
106.8016    4.24e-17
106.8066    4.21e-17
106.8116    4.09e-17
106.8167    4.03e-17
106.8217    4.06e-17
106.8267    3.87e-17
106.8317    3.63e-17
106.8367    3.51e-17
106.8417    3.38e-17
106.8467    3.13e-17
106.8517    3.00e-17
106.8567    2.75e-17
106.8617    2.57e-17
106.8667    2.38e-17
106.8717    2.25e-17
106.8767    2.09e-17
106.8817    1.93e-17
106.8867    1.86e-17
106.8917    1.81e-17
106.8967    1.72e-17
106.9017    1.62e-17
106.9068    1.57e-17
106.9118    1.48e-17
106.9168    1.49e-17
106.9218    1.39e-17
106.9268    1.39e-17
106.9318    1.39e-17
106.9368    1.40e-17
106.9418    1.32e-17
106.9468    1.33e-17
106.9518    1.41e-17
106.9568    1.41e-17
106.9618    1.39e-17
106.9668    1.44e-17
106.9718    1.46e-17
106.9768    1.49e-17
106.9818    1.49e-17
106.9868    1.51e-17
106.9919    1.52e-17
106.9969    1.53e-17
107.0019    1.53e-17
107.0069    1.49e-17
107.0119    1.47e-17
107.0169    1.51e-17
107.0219    1.48e-17
107.0269    1.48e-17
107.0319    1.53e-17
107.0369    1.55e-17
107.0419    1.50e-17
107.0469    1.55e-17
107.0519    1.59e-17
107.0569    1.58e-17
107.0619    1.64e-17
107.0669    1.60e-17
107.0719    1.55e-17
107.0769    1.57e-17
107.0820    1.56e-17
107.0870    1.56e-17
107.0920    1.53e-17
107.0970    1.49e-17
107.1020    1.44e-17
107.1070    1.38e-17
107.1120    1.37e-17
107.1170    1.32e-17
107.1220    1.33e-17
107.1270    1.24e-17
107.1320    1.15e-17
107.1370    1.12e-17
107.1420    1.09e-17
107.1470    1.04e-17
107.1520    1.01e-17
107.1570    9.44e-18
107.1620    9.28e-18
107.1671    8.82e-18
107.1721    8.69e-18
107.1771    8.17e-18
107.1821    8.28e-18
107.1871    7.83e-18
107.1921    7.89e-18
107.1971    7.73e-18
107.2021    7.36e-18
107.2071    7.54e-18
107.2121    7.68e-18
107.2171    7.49e-18
107.2221    7.80e-18
107.2271    7.95e-18
107.2321    8.33e-18
107.2371    8.66e-18
107.2421    8.67e-18
107.2471    8.72e-18
107.2522    9.00e-18
107.2572    8.91e-18
107.2622    9.80e-18
107.2672    1.00e-17
107.2722    1.07e-17
107.2772    1.09e-17
107.2822    1.19e-17
107.2872    1.32e-17
107.2922    1.44e-17
107.2972    1.66e-17
107.3022    1.97e-17
107.3072    2.48e-17
107.3122    3.03e-17
107.3172    4.05e-17
107.3222    5.31e-17
107.3272    6.46e-17
107.3322    8.07e-17
107.3372    9.72e-17
107.3423    1.05e-16
107.3473    1.08e-16
107.3523    1.02e-16
107.3573    8.89e-17
107.3623    8.31e-17
107.3673    6.83e-17
107.3723    5.24e-17
107.3773    3.75e-17
107.3823    3.03e-17
107.3873    2.50e-17
107.3923    2.41e-17
107.3973    2.25e-17
107.4023    1.80e-17
107.4073    1.84e-17
107.4123    1.79e-17
107.4173    1.69e-17
107.4223    1.68e-17
107.4274    1.62e-17
107.4324    1.67e-17
107.4374    1.64e-17
107.4424    1.70e-17
107.4474    1.78e-17
107.4524    1.86e-17
107.4574    1.87e-17
107.4624    2.03e-17
107.4674    2.17e-17
107.4724    2.30e-17
107.4774    2.49e-17
107.4824    2.74e-17
107.4874    2.97e-17
107.4924    3.12e-17
107.4974    3.34e-17
107.5024    3.34e-17
107.5074    3.47e-17
107.5125    3.48e-17
107.5175    3.49e-17
107.5225    3.54e-17
107.5275    3.44e-17
107.5325    3.40e-17
107.5375    3.10e-17
107.5425    3.04e-17
107.5475    2.93e-17
107.5525    2.72e-17
107.5575    2.66e-17
107.5625    2.56e-17
107.5675    2.44e-17
107.5725    2.36e-17
107.5775    2.26e-17
107.5825    2.24e-17
107.5875    2.11e-17
107.5925    2.05e-17
107.5975    2.03e-17
107.6026    1.96e-17
107.6076    1.82e-17
107.6126    1.73e-17
107.6176    1.72e-17
107.6226    1.65e-17
107.6276    1.63e-17
107.6326    1.50e-17
107.6376    1.48e-17
107.6426    1.34e-17
107.6476    1.27e-17
107.6526    1.25e-17
107.6576    1.21e-17
107.6626    1.14e-17
107.6676    1.10e-17
107.6726    1.08e-17
107.6776    9.83e-18
107.6826    9.85e-18
107.6877    9.35e-18
107.6927    9.64e-18
107.6977    8.92e-18
107.7027    8.60e-18
107.7077    8.08e-18
107.7127    7.77e-18
107.7177    7.96e-18
107.7227    7.67e-18
107.7277    7.48e-18
107.7327    7.49e-18
107.7377    7.87e-18
107.7427    7.54e-18
107.7477    7.90e-18
107.7527    8.09e-18
107.7577    8.26e-18
107.7627    8.05e-18
107.7677    7.98e-18
107.7727    7.52e-18
107.7778    7.80e-18
107.7828    7.22e-18
107.7878    6.79e-18
107.7928    6.50e-18
107.7978    5.87e-18
107.8028    6.46e-18
107.8078    5.70e-18
107.8128    6.15e-18
107.8178    5.27e-18
107.8228    5.38e-18
107.8278    5.31e-18
107.8328    5.54e-18
107.8378    5.63e-18
107.8428    5.81e-18
107.8478    5.49e-18
107.8528    5.87e-18
107.8578    5.65e-18
107.8629    5.93e-18
107.8679    6.26e-18
107.8729    6.21e-18
107.8779    6.58e-18
107.8829    6.18e-18
107.8879    6.36e-18
107.8929    6.33e-18
107.8979    6.45e-18
107.9029    6.30e-18
107.9079    6.29e-18
107.9129    6.30e-18
107.9179    6.28e-18
107.9229    6.35e-18
107.9279    6.59e-18
107.9329    6.41e-18
107.9379    7.01e-18
107.9429    7.02e-18
107.9480    7.42e-18
107.9530    7.65e-18
107.9580    8.06e-18
107.9630    8.20e-18
107.9680    9.10e-18
107.9730    9.11e-18
107.9780    1.01e-17
107.9830    1.05e-17
107.9880    1.08e-17
107.9930    1.11e-17
107.9980    1.12e-17
108.0030    1.12e-17
108.0080    1.13e-17
108.0130    1.07e-17
108.0180    1.13e-17
108.0230    1.07e-17
108.0280    1.08e-17
108.0330    1.05e-17
108.0381    1.05e-17
108.0431    1.01e-17
108.0481    9.90e-18
108.0531    9.46e-18
108.0581    1.00e-17
108.0631    9.44e-18
108.0681    9.38e-18
108.0731    9.15e-18
108.0781    9.16e-18
108.0831    9.08e-18
108.0881    8.82e-18
108.0931    9.03e-18
108.0981    9.09e-18
108.1031    8.94e-18
108.1081    9.14e-18
108.1131    9.34e-18
108.1181    9.90e-18
108.1232    9.51e-18
108.1282    9.96e-18
108.1332    1.06e-17
108.1382    1.11e-17
108.1432    1.14e-17
108.1482    1.22e-17
108.1532    1.22e-17
108.1582    1.22e-17
108.1632    1.19e-17
108.1682    1.19e-17
108.1732    1.15e-17
108.1782    1.14e-17
108.1832    1.11e-17
108.1882    1.15e-17
108.1932    1.22e-17
108.1982    1.31e-17
108.2032    1.47e-17
108.2083    1.60e-17
108.2133    1.77e-17
108.2183    1.90e-17
108.2233    2.12e-17
108.2283    2.38e-17
108.2333    2.53e-17
108.2383    2.72e-17
108.2433    2.77e-17
108.2483    2.77e-17
108.2533    2.89e-17
108.2583    2.81e-17
108.2633    2.88e-17
108.2683    2.85e-17
108.2733    2.86e-17
108.2783    2.71e-17
108.2833    2.68e-17
108.2883    2.61e-17
108.2933    2.55e-17
108.2984    2.47e-17
108.3034    2.46e-17
108.3084    2.31e-17
108.3134    2.24e-17
108.3184    2.18e-17
108.3234    2.16e-17
108.3284    2.03e-17
108.3334    2.05e-17
108.3384    1.96e-17
108.3434    1.85e-17
108.3484    1.81e-17
108.3534    1.74e-17
108.3584    1.69e-17
108.3634    1.67e-17
108.3684    1.58e-17
108.3734    1.55e-17
108.3784    1.51e-17
108.3835    1.44e-17
108.3885    1.35e-17
108.3935    1.33e-17
108.3985    1.25e-17
108.4035    1.20e-17
108.4085    1.11e-17
108.4135    1.10e-17
108.4185    1.03e-17
108.4235    9.53e-18
108.4285    9.77e-18
108.4335    9.40e-18
108.4385    9.34e-18
108.4435    8.59e-18
108.4485    8.43e-18
108.4535    8.47e-18
108.4585    8.43e-18
108.4635    8.15e-18
108.4685    8.08e-18
108.4736    8.03e-18
108.4786    7.60e-18
108.4836    7.70e-18
108.4886    7.65e-18
108.4936    7.17e-18
108.4986    6.41e-18
108.5036    6.90e-18
108.5086    6.49e-18
108.5136    5.74e-18
108.5186    5.63e-18
108.5236    5.44e-18
108.5286    4.76e-18
108.5336    4.92e-18
108.5386    4.68e-18
108.5436    4.06e-18
108.5486    3.94e-18
108.5536    3.75e-18
108.5587    3.74e-18
108.5637    3.70e-18
108.5687    3.69e-18
108.5737    3.42e-18
108.5787    3.33e-18
108.5837    3.47e-18
108.5887    3.29e-18
108.5937    3.56e-18
108.5987    3.66e-18
108.6037    3.47e-18
108.6087    3.52e-18
108.6137    3.96e-18
108.6187    3.93e-18
108.6237    3.65e-18
108.6287    3.92e-18
108.6337    3.88e-18
108.6387    4.10e-18
108.6438    4.07e-18
108.6488    3.86e-18
108.6538    4.78e-18
108.6588    4.58e-18
108.6638    4.66e-18
108.6688    4.49e-18
108.6738    4.73e-18
108.6788    5.03e-18
108.6838    5.59e-18
108.6888    5.65e-18
108.6938    6.01e-18
108.6988    6.15e-18
108.7038    6.91e-18
108.7088    6.89e-18
108.7138    7.41e-18
108.7188    8.35e-18
108.7238    8.54e-18
108.7288    9.43e-18
108.7339    1.01e-17
108.7389    1.15e-17
108.7439    1.31e-17
108.7489    1.48e-17
108.7539    1.80e-17
108.7589    2.10e-17
108.7639    2.36e-17
108.7689    2.82e-17
108.7739    4.09e-17
108.7789    6.10e-17
108.7839    8.93e-17
108.7889    1.24e-16
108.7939    1.53e-16
108.7989    1.93e-16
108.8039    2.60e-16
108.8089    3.29e-16
108.8139    4.10e-16
108.8190    4.68e-16
108.8240    4.85e-16
108.8290    4.45e-16
108.8340    4.02e-16
108.8390    3.58e-16
108.8440    2.95e-16
108.8490    2.44e-16
108.8540    1.89e-16
108.8590    1.51e-16
108.8640    1.18e-16
108.8690    9.25e-17
108.8740    8.03e-17
108.8790    6.81e-17
108.8840    5.70e-17
108.8890    4.67e-17
108.8940    4.04e-17
108.8990    3.43e-17
108.9041    3.17e-17
108.9091    2.96e-17
108.9141    2.83e-17
108.9191    2.65e-17
108.9241    2.58e-17
108.9291    2.48e-17
108.9341    2.41e-17
108.9391    2.34e-17
108.9441    2.27e-17
108.9491    2.25e-17
108.9541    2.14e-17
108.9591    2.11e-17
108.9641    2.07e-17
108.9691    1.94e-17
108.9741    2.04e-17
108.9791    2.02e-17
108.9841    1.96e-17
108.9891    2.02e-17
108.9942    2.07e-17
108.9992    2.10e-17
109.0042    2.16e-17
109.0092    2.13e-17
109.0142    2.13e-17
109.0192    2.13e-17
109.0242    1.96e-17
109.0292    1.80e-17
109.0342    1.67e-17
109.0392    1.54e-17
109.0442    1.39e-17
109.0492    1.25e-17
109.0542    1.22e-17
109.0592    1.19e-17
109.0642    1.09e-17
109.0692    1.02e-17
109.0742    1.03e-17
109.0793    1.02e-17
109.0843    1.02e-17
109.0893    1.04e-17
109.0943    1.01e-17
109.0993    1.00e-17
109.1043    1.09e-17
109.1093    1.10e-17
109.1143    1.08e-17
109.1193    1.11e-17
109.1243    1.04e-17
109.1293    1.02e-17
109.1343    9.98e-18
109.1393    9.72e-18
109.1443    9.38e-18
109.1493    9.24e-18
109.1543    8.74e-18
109.1593    8.54e-18
109.1643    8.48e-18
109.1694    8.66e-18
109.1744    8.83e-18
109.1794    8.84e-18
109.1844    9.27e-18
109.1894    9.11e-18
109.1944    9.49e-18
109.1994    9.91e-18
109.2044    9.89e-18
109.2094    1.01e-17
109.2144    1.11e-17
109.2194    1.19e-17
109.2244    1.27e-17
109.2294    1.37e-17
109.2344    1.45e-17
109.2394    1.57e-17
109.2444    1.69e-17
109.2494    1.79e-17
109.2545    1.83e-17
109.2595    1.82e-17
109.2645    1.84e-17
109.2695    1.80e-17
109.2745    1.72e-17
109.2795    1.60e-17
109.2845    1.50e-17
109.2895    1.43e-17
109.2945    1.37e-17
109.2995    1.30e-17
109.3045    1.24e-17
109.3095    1.17e-17
109.3145    1.16e-17
109.3195    1.09e-17
109.3245    1.04e-17
109.3295    9.35e-18
109.3345    8.91e-18
109.3396    8.85e-18
109.3446    9.04e-18
109.3496    9.08e-18
109.3546    8.63e-18
109.3596    8.41e-18
109.3646    8.47e-18
109.3696    7.70e-18
109.3746    7.93e-18
109.3796    8.01e-18
109.3846    7.78e-18
109.3896    7.38e-18
109.3946    7.20e-18
109.3996    7.04e-18
109.4046    6.63e-18
109.4096    6.68e-18
109.4146    7.03e-18
109.4196    6.41e-18
109.4246    6.61e-18
109.4297    6.21e-18
109.4347    6.35e-18
109.4397    6.38e-18
109.4447    6.31e-18
109.4497    5.99e-18
109.4547    5.81e-18
109.4597    5.49e-18
109.4647    5.32e-18
109.4697    5.49e-18
109.4747    5.50e-18
109.4797    5.34e-18
109.4847    5.28e-18
109.4897    5.18e-18
109.4947    5.08e-18
109.4997    4.96e-18
109.5047    4.32e-18
109.5097    4.35e-18
109.5148    4.62e-18
109.5198    4.79e-18
109.5248    4.46e-18
109.5298    4.57e-18
109.5348    4.53e-18
109.5398    4.42e-18
109.5448    4.74e-18
109.5498    4.02e-18
109.5548    4.49e-18
109.5598    4.26e-18
109.5648    4.61e-18
109.5698    4.46e-18
109.5748    4.09e-18
109.5798    4.15e-18
109.5848    4.22e-18
109.5898    4.17e-18
109.5948    4.18e-18
109.5999    4.53e-18
109.6049    4.16e-18
109.6099    4.37e-18
109.6149    4.49e-18
109.6199    4.29e-18
109.6249    4.63e-18
109.6299    4.54e-18
109.6349    4.98e-18
109.6399    5.16e-18
109.6449    5.34e-18
109.6499    5.44e-18
109.6549    5.42e-18
109.6599    4.81e-18
109.6649    4.92e-18
109.6699    5.01e-18
109.6749    4.72e-18
109.6799    5.07e-18
109.6849    4.40e-18
109.6900    4.48e-18
109.6950    4.54e-18
109.7000    4.35e-18
109.7050    4.42e-18
109.7100    4.19e-18
109.7150    3.89e-18
109.7200    3.88e-18
109.7250    4.05e-18
109.7300    4.20e-18
109.7350    4.06e-18
109.7400    3.75e-18
109.7450    4.18e-18
109.7500    4.10e-18
109.7550    3.84e-18
109.7600    4.04e-18
109.7650    4.42e-18
109.7700    3.88e-18
109.7751    4.24e-18
109.7801    4.45e-18
109.7851    4.61e-18
109.7901    4.65e-18
109.7951    4.44e-18
109.8001    4.77e-18
109.8051    4.68e-18
109.8101    5.05e-18
109.8151    5.33e-18
109.8201    5.38e-18
109.8251    5.07e-18
109.8301    5.64e-18
109.8351    5.27e-18
109.8401    5.45e-18
109.8451    5.19e-18
109.8501    5.28e-18
109.8551    5.64e-18
109.8601    5.54e-18
109.8652    5.40e-18
109.8702    5.34e-18
109.8752    5.45e-18
109.8802    5.39e-18
109.8852    5.44e-18
109.8902    5.37e-18
109.8952    5.13e-18
109.9002    5.22e-18
109.9052    5.08e-18
109.9102    4.91e-18
109.9152    5.06e-18
109.9202    5.37e-18
109.9252    4.68e-18
109.9302    4.80e-18
109.9352    4.99e-18
109.9402    4.78e-18
109.9452    5.03e-18
109.9503    4.77e-18
109.9553    4.81e-18
109.9603    4.91e-18
109.9653    4.69e-18
109.9703    5.28e-18
109.9753    5.21e-18
109.9803    5.56e-18
109.9853    5.28e-18
109.9903    5.52e-18
109.9953    5.40e-18
110.0003    5.48e-18
110.0053    5.74e-18
110.0103    5.65e-18
110.0153    5.55e-18
110.0203    5.49e-18
110.0253    6.53e-18
110.0303    6.09e-18
110.0354    6.58e-18
110.0404    6.35e-18
110.0454    7.14e-18
110.0504    6.12e-18
110.0554    6.74e-18
110.0604    6.76e-18
110.0654    6.95e-18
110.0704    6.94e-18
110.0754    7.40e-18
110.0804    7.26e-18
110.0854    7.83e-18
110.0904    7.31e-18
110.0954    7.78e-18
110.1004    7.97e-18
110.1054    7.97e-18
110.1104    8.29e-18
110.1154    8.36e-18
110.1204    8.03e-18
110.1255    8.27e-18
110.1305    8.60e-18
110.1355    8.64e-18
110.1405    8.40e-18
110.1455    8.67e-18
110.1505    8.62e-18
110.1555    9.00e-18
110.1605    8.90e-18
110.1655    9.23e-18
110.1705    1.03e-17
110.1755    9.86e-18
110.1805    1.02e-17
110.1855    1.02e-17
110.1905    1.04e-17
110.1955    1.05e-17
110.2005    1.06e-17
110.2055    1.12e-17
110.2106    1.16e-17
110.2156    1.20e-17
110.2206    1.21e-17
110.2256    1.24e-17
110.2306    1.27e-17
110.2356    1.31e-17
110.2406    1.38e-17
110.2456    1.44e-17
110.2506    1.46e-17
110.2556    1.46e-17
110.2606    1.55e-17
110.2656    1.62e-17
110.2706    1.66e-17
110.2756    1.69e-17
110.2806    1.67e-17
110.2856    1.74e-17
110.2906    1.77e-17
110.2957    1.78e-17
110.3007    1.79e-17
110.3057    1.76e-17
110.3107    1.73e-17
110.3157    1.66e-17
110.3207    1.60e-17
110.3257    1.53e-17
110.3307    1.45e-17
110.3357    1.47e-17
110.3407    1.45e-17
110.3457    1.37e-17
110.3507    1.31e-17
110.3557    1.23e-17
110.3607    1.15e-17
110.3657    1.12e-17
110.3707    1.09e-17
110.3757    1.03e-17
110.3807    9.90e-18
110.3858    9.71e-18
110.3908    9.27e-18
110.3958    9.10e-18
110.4008    9.09e-18
110.4058    8.72e-18
110.4108    8.53e-18
110.4158    8.20e-18
110.4208    8.29e-18
110.4258    7.89e-18
110.4308    8.00e-18
110.4358    8.00e-18
110.4408    7.90e-18
110.4458    7.81e-18
110.4508    7.51e-18
110.4558    7.91e-18
110.4608    7.72e-18
110.4658    7.52e-18
110.4709    7.88e-18
110.4759    7.58e-18
110.4809    7.69e-18
110.4859    7.68e-18
110.4909    8.27e-18
110.4959    8.48e-18
110.5009    9.08e-18
110.5059    9.35e-18
110.5109    9.70e-18
110.5159    1.06e-17
110.5209    1.11e-17
110.5259    1.15e-17
110.5309    1.16e-17
110.5359    1.18e-17
110.5409    1.27e-17
110.5459    1.34e-17
110.5509    1.50e-17
110.5559    1.56e-17
110.5610    1.47e-17
110.5660    1.32e-17
110.5710    1.23e-17
110.5760    1.10e-17
110.5810    1.01e-17
110.5860    9.58e-18
110.5910    8.64e-18
110.5960    8.03e-18
110.6010    7.43e-18
110.6060    7.21e-18
110.6110    6.96e-18
110.6160    6.72e-18
110.6210    6.82e-18
110.6260    6.55e-18
110.6310    6.62e-18
110.6360    5.65e-18
110.6410    6.54e-18
110.6461    6.14e-18
110.6511    6.19e-18
110.6561    6.50e-18
110.6611    6.73e-18
110.6661    6.76e-18
110.6711    6.68e-18
110.6761    7.08e-18
110.6811    6.43e-18
110.6861    7.05e-18
110.6911    7.67e-18
110.6961    7.66e-18
110.7011    7.32e-18
110.7061    7.73e-18
110.7111    7.49e-18
110.7161    8.16e-18
110.7211    7.62e-18
110.7261    7.77e-18
110.7312    7.90e-18
110.7362    8.02e-18
110.7412    7.85e-18
110.7462    8.47e-18
110.7512    8.34e-18
110.7562    8.33e-18
110.7612    8.28e-18
110.7662    8.70e-18
110.7712    8.85e-18
110.7762    8.86e-18
110.7812    8.73e-18
110.7862    9.01e-18
110.7912    8.95e-18
110.7962    9.04e-18
110.8012    9.23e-18
110.8062    9.10e-18
110.8112    9.67e-18
110.8162    9.82e-18
110.8213    1.03e-17
110.8263    9.53e-18
110.8313    1.01e-17
110.8363    1.04e-17
110.8413    1.07e-17
110.8463    1.04e-17
110.8513    1.02e-17
110.8563    1.09e-17
110.8613    1.05e-17
110.8663    1.11e-17
110.8713    1.13e-17
110.8763    1.14e-17
110.8813    1.15e-17
110.8863    1.23e-17
110.8913    1.22e-17
110.8963    1.28e-17
110.9013    1.24e-17
110.9064    1.28e-17
110.9114    1.31e-17
110.9164    1.32e-17
110.9214    1.33e-17
110.9264    1.34e-17
110.9314    1.37e-17
110.9364    1.43e-17
110.9414    1.43e-17
110.9464    1.49e-17
110.9514    1.49e-17
110.9564    1.55e-17
110.9614    1.58e-17
110.9664    1.59e-17
110.9714    1.66e-17
110.9764    1.69e-17
110.9814    1.75e-17
110.9864    1.79e-17
110.9915    1.87e-17
110.9965    1.87e-17
111.0015    1.99e-17
111.0065    2.10e-17
111.0115    2.22e-17
111.0165    2.22e-17
111.0215    2.19e-17
111.0265    2.26e-17
111.0315    2.29e-17
111.0365    2.40e-17
111.0415    2.45e-17
111.0465    2.52e-17
111.0515    2.53e-17
111.0565    2.67e-17
111.0615    2.73e-17
111.0665    2.82e-17
111.0715    2.93e-17
111.0765    3.02e-17
111.0816    3.09e-17
111.0866    3.13e-17
111.0916    3.31e-17
111.0966    3.37e-17
111.1016    3.46e-17
111.1066    3.52e-17
111.1116    3.74e-17
111.1166    3.92e-17
111.1216    3.99e-17
111.1266    4.03e-17
111.1316    4.15e-17
111.1366    4.26e-17
111.1416    4.39e-17
111.1466    4.52e-17
111.1516    4.50e-17
111.1566    4.51e-17
111.1616    4.55e-17
111.1667    4.58e-17
111.1717    4.50e-17
111.1767    4.51e-17
111.1817    4.48e-17
111.1867    4.38e-17
111.1917    4.34e-17
111.1967    4.26e-17
111.2017    4.19e-17
111.2067    4.17e-17
111.2117    4.00e-17
111.2167    4.00e-17
111.2217    3.86e-17
111.2267    3.79e-17
111.2317    3.65e-17
111.2367    3.58e-17
111.2417    3.47e-17
111.2467    3.47e-17
111.2518    3.35e-17
111.2568    3.39e-17
111.2618    3.28e-17
111.2668    3.24e-17
111.2718    3.19e-17
111.2768    3.14e-17
111.2818    3.10e-17
111.2868    3.09e-17
111.2918    3.04e-17
111.2968    2.91e-17
111.3018    2.93e-17
111.3068    2.93e-17
111.3118    2.89e-17
111.3168    2.84e-17
111.3218    2.84e-17
111.3268    2.86e-17
111.3318    2.89e-17
111.3368    2.96e-17
111.3419    2.82e-17
111.3469    2.80e-17
111.3519    2.79e-17
111.3569    2.87e-17
111.3619    2.87e-17
111.3669    2.80e-17
111.3719    2.79e-17
111.3769    2.90e-17
111.3819    2.86e-17
111.3869    2.82e-17
111.3919    2.91e-17
111.3969    2.82e-17
111.4019    2.88e-17
111.4069    2.90e-17
111.4119    2.85e-17
111.4169    2.88e-17
111.4219    2.92e-17
111.4270    2.89e-17
111.4320    2.89e-17
111.4370    2.93e-17
111.4420    3.03e-17
111.4470    2.94e-17
111.4520    3.00e-17
111.4570    2.97e-17
111.4620    2.94e-17
111.4670    2.98e-17
111.4720    3.00e-17
111.4770    2.90e-17
111.4820    2.96e-17
111.4870    2.84e-17
111.4920    2.86e-17
111.4970    2.86e-17
111.5020    2.85e-17
111.5070    2.82e-17
111.5120    2.87e-17
111.5171    2.88e-17
111.5221    2.85e-17
111.5271    2.98e-17
111.5321    2.89e-17
111.5371    2.92e-17
111.5421    2.99e-17
111.5471    2.96e-17
111.5521    3.00e-17
111.5571    2.88e-17
111.5621    2.94e-17
111.5671    2.88e-17
111.5721    2.85e-17
111.5771    2.81e-17
111.5821    2.89e-17
111.5871    2.84e-17
111.5921    2.94e-17
111.5971    2.87e-17
111.6022    2.92e-17
111.6072    2.88e-17
111.6122    2.85e-17
111.6172    2.94e-17
111.6222    2.94e-17
111.6272    2.96e-17
111.6322    3.05e-17
111.6372    3.01e-17
111.6422    3.03e-17
111.6472    3.08e-17
111.6522    3.14e-17
111.6572    3.09e-17
111.6622    3.16e-17
111.6672    3.16e-17
111.6722    3.20e-17
111.6772    3.20e-17
111.6822    3.26e-17
111.6873    3.25e-17
111.6923    3.30e-17
111.6973    3.31e-17
111.7023    3.38e-17
111.7073    3.45e-17
111.7123    3.46e-17
111.7173    3.50e-17
111.7223    3.59e-17
111.7273    3.66e-17
111.7323    3.54e-17
111.7373    3.68e-17
111.7423    3.72e-17
111.7473    3.81e-17
111.7523    3.83e-17
111.7573    3.87e-17
111.7623    4.00e-17
111.7673    4.00e-17
111.7723    3.99e-17
111.7774    4.01e-17
111.7824    4.11e-17
111.7874    4.21e-17
111.7924    4.18e-17
111.7974    4.24e-17
111.8024    4.24e-17
111.8074    4.31e-17
111.8124    4.44e-17
111.8174    4.48e-17
111.8224    4.64e-17
111.8274    4.56e-17
111.8324    4.64e-17
111.8374    4.69e-17
111.8424    4.78e-17
111.8474    4.84e-17
111.8524    4.91e-17
111.8574    5.04e-17
111.8625    5.09e-17
111.8675    5.09e-17
111.8725    5.34e-17
111.8775    5.35e-17
111.8825    5.45e-17
111.8875    5.61e-17
111.8925    5.62e-17
111.8975    5.74e-17
111.9025    5.85e-17
111.9075    5.99e-17
111.9125    5.98e-17
111.9175    6.39e-17
111.9225    6.34e-17
111.9275    6.67e-17
111.9325    6.96e-17
111.9375    6.98e-17
111.9425    7.10e-17
111.9476    7.41e-17
111.9526    7.50e-17
111.9576    7.62e-17
111.9626    7.83e-17
111.9676    8.10e-17
111.9726    8.21e-17
111.9776    8.41e-17
111.9826    8.78e-17
111.9876    8.83e-17
111.9926    8.83e-17
111.9976    8.87e-17
112.0026    9.17e-17
112.0076    9.28e-17
112.0126    9.46e-17
112.0176    9.88e-17
112.0226    1.02e-16
112.0276    1.08e-16
112.0326    1.05e-16
112.0377    1.09e-16
112.0427    1.13e-16
112.0477    1.16e-16
112.0527    1.20e-16
112.0577    1.22e-16
112.0627    1.23e-16
112.0677    1.28e-16
112.0727    1.29e-16
112.0777    1.32e-16
112.0827    1.35e-16
112.0877    1.44e-16
112.0927    1.41e-16
112.0977    1.46e-16
112.1027    1.55e-16
112.1077    1.59e-16
112.1127    1.66e-16
112.1177    1.69e-16
112.1228    1.70e-16
112.1278    1.76e-16
112.1328    1.82e-16
112.1378    1.85e-16
112.1428    1.89e-16
112.1478    1.93e-16
112.1528    1.95e-16
112.1578    2.02e-16
112.1628    2.04e-16
112.1678    2.07e-16
112.1728    2.02e-16
112.1778    2.09e-16
112.1828    2.06e-16
112.1878    2.05e-16
112.1928    2.05e-16
112.1978    2.00e-16
112.2028    2.02e-16
112.2078    1.94e-16
112.2129    1.97e-16
112.2179    1.89e-16
112.2229    1.84e-16
112.2279    1.78e-16
112.2329    1.74e-16
112.2379    1.69e-16
112.2429    1.66e-16
112.2479    1.61e-16
112.2529    1.52e-16
112.2579    1.49e-16
112.2629    1.48e-16
112.2679    1.38e-16
112.2729    1.32e-16
112.2779    1.30e-16
112.2829    1.23e-16
112.2879    1.16e-16
112.2929    1.12e-16
112.2980    1.10e-16
112.3030    9.97e-17
112.3080    9.71e-17
112.3130    8.98e-17
112.3180    8.70e-17
112.3230    8.65e-17
112.3280    7.87e-17
112.3330    7.61e-17
112.3380    6.93e-17
112.3430    6.82e-17
112.3480    6.26e-17
112.3530    5.86e-17
112.3580    5.66e-17
112.3630    5.39e-17
112.3680    5.04e-17
112.3730    4.74e-17
112.3780    4.76e-17
112.3831    4.34e-17
112.3881    4.21e-17
112.3931    3.83e-17
112.3981    3.77e-17
112.4031    3.69e-17
112.4081    3.35e-17
112.4131    3.38e-17
112.4181    3.16e-17
112.4231    3.23e-17
112.4281    3.14e-17
112.4331    3.07e-17
112.4381    3.20e-17
112.4431    2.99e-17
112.4481    3.04e-17
112.4531    2.79e-17
112.4581    2.92e-17
112.4631    2.81e-17
112.4681    2.94e-17
112.4732    2.94e-17
112.4782    3.20e-17
112.4832    3.17e-17
112.4882    3.07e-17
112.4932    3.15e-17
112.4982    3.08e-17
112.5032    3.19e-17
112.5082    3.18e-17
112.5132    3.30e-17
112.5182    3.35e-17
112.5232    3.37e-17
112.5282    3.40e-17
112.5332    3.59e-17
112.5382    3.47e-17
112.5432    3.34e-17
112.5482    3.51e-17
112.5532    3.61e-17
112.5583    3.60e-17
112.5633    3.60e-17
112.5683    3.83e-17
112.5733    4.02e-17
112.5783    3.79e-17
112.5833    3.94e-17
112.5883    4.01e-17
112.5933    4.02e-17
112.5983    4.20e-17
112.6033    4.25e-17
112.6083    4.30e-17
112.6133    4.48e-17
112.6183    4.53e-17
112.6233    4.68e-17
112.6283    4.93e-17
112.6333    4.96e-17
112.6383    4.99e-17
112.6434    5.15e-17
112.6484    5.42e-17
112.6534    5.55e-17
112.6584    5.73e-17
112.6634    5.98e-17
112.6684    5.92e-17
112.6734    6.27e-17
112.6784    6.29e-17
112.6834    6.64e-17
112.6884    6.70e-17
112.6934    7.03e-17
112.6984    7.00e-17
112.7034    7.27e-17
112.7084    7.83e-17
112.7134    7.95e-17
112.7184    7.89e-17
112.7234    8.52e-17
112.7284    8.66e-17
112.7335    8.69e-17
112.7385    9.05e-17
112.7435    9.09e-17
112.7485    9.54e-17
112.7535    9.56e-17
112.7585    9.48e-17
112.7635    9.85e-17
112.7685    1.00e-16
112.7735    1.04e-16
112.7785    1.03e-16
112.7835    1.02e-16
112.7885    1.03e-16
112.7935    1.05e-16
112.7985    1.06e-16
112.8035    1.04e-16
112.8085    1.07e-16
112.8135    1.08e-16
112.8186    1.07e-16
112.8236    1.11e-16
112.8286    1.11e-16
112.8336    1.09e-16
112.8386    1.11e-16
112.8436    1.09e-16
112.8486    1.11e-16
112.8536    1.11e-16
112.8586    1.13e-16
112.8636    1.12e-16
112.8686    1.10e-16
112.8736    1.10e-16
112.8786    1.10e-16
112.8836    1.10e-16
112.8886    1.09e-16
112.8936    1.09e-16
112.8986    1.09e-16
112.9036    1.13e-16
112.9087    1.08e-16
112.9137    1.08e-16
112.9187    1.10e-16
112.9237    1.09e-16
112.9287    1.05e-16
112.9337    1.04e-16
112.9387    1.06e-16
112.9437    1.04e-16
112.9487    1.05e-16
112.9537    1.02e-16
112.9587    9.98e-17
112.9637    9.91e-17
112.9687    9.62e-17
112.9737    9.81e-17
112.9787    9.21e-17
112.9837    9.38e-17
112.9887    8.97e-17
112.9938    8.63e-17
112.9988    8.93e-17
113.0038    8.61e-17
113.0088    8.38e-17
113.0138    8.13e-17
113.0188    7.87e-17
113.0238    7.77e-17
113.0288    7.27e-17
113.0338    7.19e-17
113.0388    6.55e-17
113.0438    6.50e-17
113.0488    6.43e-17
113.0538    6.11e-17
113.0588    5.78e-17
113.0638    5.61e-17
113.0688    5.43e-17
113.0738    4.87e-17
113.0789    4.81e-17
113.0839    4.51e-17
113.0889    4.25e-17
113.0939    4.26e-17
113.0989    4.20e-17
113.1039    3.97e-17
113.1089    3.67e-17
113.1139    3.14e-17
113.1189    3.29e-17
113.1239    3.48e-17
113.1289    3.05e-17
113.1339    2.89e-17
113.1389    2.85e-17
113.1439    2.52e-17
113.1489    2.40e-17
113.1539    2.62e-17
113.1589    2.44e-17
113.1639    2.49e-17
113.1690    2.33e-17
113.1740    2.34e-17
113.1790    2.20e-17
113.1840    2.09e-17
113.1890    2.15e-17
113.1940    2.02e-17
113.1990    2.05e-17
113.2040    1.92e-17
113.2090    1.97e-17
113.2140    1.93e-17
113.2190    2.01e-17
113.2240    1.88e-17
113.2290    1.95e-17
113.2340    1.88e-17
113.2390    1.93e-17
113.2440    1.96e-17
113.2490    1.86e-17
113.2541    1.95e-17
113.2591    1.93e-17
113.2641    1.94e-17
113.2691    2.03e-17
113.2741    1.99e-17
113.2791    1.97e-17
113.2841    2.04e-17
113.2891    2.00e-17
113.2941    2.10e-17
113.2991    1.98e-17
113.3041    2.08e-17
113.3091    2.07e-17
113.3141    2.14e-17
113.3191    2.10e-17
113.3241    2.07e-17
113.3291    2.07e-17
113.3341    2.11e-17
113.3392    2.11e-17
113.3442    2.02e-17
113.3492    2.05e-17
113.3542    1.94e-17
113.3592    1.90e-17
113.3642    1.89e-17
113.3692    1.91e-17
113.3742    1.92e-17
113.3792    1.85e-17
113.3842    1.85e-17
113.3892    1.69e-17
113.3942    1.76e-17
113.3992    1.70e-17
113.4042    1.69e-17
113.4092    1.65e-17
113.4142    1.57e-17
113.4192    1.58e-17
113.4242    1.55e-17
113.4293    1.50e-17
113.4343    1.50e-17
113.4393    1.42e-17
113.4443    1.44e-17
113.4493    1.40e-17
113.4543    1.45e-17
113.4593    1.37e-17
113.4643    1.40e-17
113.4693    1.39e-17
113.4743    1.24e-17
113.4793    1.35e-17
113.4843    1.23e-17
113.4893    1.24e-17
113.4943    1.25e-17
113.4993    1.13e-17
113.5043    1.21e-17
113.5093    1.12e-17
113.5144    1.11e-17
113.5194    1.12e-17
113.5244    1.11e-17
113.5294    1.08e-17
113.5344    1.07e-17
113.5394    1.05e-17
113.5444    1.03e-17
113.5494    1.04e-17
113.5544    1.01e-17
113.5594    9.95e-18
113.5644    9.67e-18
113.5694    9.69e-18
113.5744    9.51e-18
113.5794    9.13e-18
113.5844    9.01e-18
113.5894    8.75e-18
113.5944    8.71e-18
113.5994    8.33e-18
113.6045    8.17e-18
113.6095    7.95e-18
113.6145    7.85e-18
113.6195    7.52e-18
113.6245    7.38e-18
113.6295    7.07e-18
113.6345    6.83e-18
113.6395    6.58e-18
113.6445    6.22e-18
113.6495    6.04e-18
113.6545    5.77e-18
113.6595    5.58e-18
113.6645    5.27e-18
113.6695    5.05e-18
113.6745    4.84e-18
113.6795    4.61e-18
113.6845    4.58e-18
113.6896    4.18e-18
113.6946    4.14e-18
113.6996    3.87e-18
113.7046    3.73e-18
113.7096    3.35e-18
113.7146    3.47e-18
113.7196    3.26e-18
113.7246    3.02e-18
113.7296    2.95e-18
113.7346    2.75e-18
113.7396    2.67e-18
113.7446    2.51e-18
113.7496    2.54e-18
113.7546    2.38e-18
113.7596    2.30e-18
113.7646    2.18e-18
113.7696    2.23e-18
113.7747    2.07e-18
113.7797    2.09e-18
113.7847    1.94e-18
113.7897    1.82e-18
113.7947    1.76e-18
113.7997    2.01e-18
113.8047    1.87e-18
113.8097    1.77e-18
113.8147    1.81e-18
113.8197    1.85e-18
113.8247    1.87e-18
113.8297    1.98e-18
113.8347    2.00e-18
113.8397    2.14e-18
113.8447    2.18e-18
113.8497    2.20e-18
113.8547    2.27e-18
113.8597    2.36e-18
113.8648    2.60e-18
113.8698    2.90e-18
113.8748    3.08e-18
113.8798    3.07e-18
113.8848    3.52e-18
113.8898    3.63e-18
113.8948    4.03e-18
113.8998    4.23e-18
113.9048    4.97e-18
113.9098    5.44e-18
113.9148    5.68e-18
113.9198    6.01e-18
113.9248    6.53e-18
113.9298    7.07e-18
113.9348    7.46e-18
113.9398    8.28e-18
113.9448    9.37e-18
113.9499    9.80e-18
113.9549    1.13e-17
113.9599    1.16e-17
113.9649    1.25e-17
113.9699    1.32e-17
113.9749    1.44e-17
113.9799    1.39e-17
113.9849    1.51e-17
113.9899    1.60e-17
113.9949    1.67e-17
113.9999    1.70e-17
114.0049    1.82e-17
114.0099    1.80e-17
114.0149    1.85e-17
114.0199    1.88e-17
114.0249    1.88e-17
114.0299    1.90e-17
114.0350    1.98e-17
114.0400    1.95e-17
114.0450    1.94e-17
114.0500    1.95e-17
114.0550    1.89e-17
114.0600    1.93e-17
114.0650    1.95e-17
114.0700    1.90e-17
114.0750    1.91e-17
114.0800    1.96e-17
114.0850    1.95e-17
114.0900    1.96e-17
114.0950    2.03e-17
114.1000    2.03e-17
114.1050    2.00e-17
114.1100    2.01e-17
114.1150    2.01e-17
114.1200    2.00e-17
114.1251    2.04e-17
114.1301    2.05e-17
114.1351    1.92e-17
114.1401    2.01e-17
114.1451    1.99e-17
114.1501    1.98e-17
114.1551    1.96e-17
114.1601    1.94e-17
114.1651    1.98e-17
114.1701    1.78e-17
114.1751    1.93e-17
114.1801    1.86e-17
114.1851    1.78e-17
114.1901    1.70e-17
114.1951    1.67e-17
114.2001    1.63e-17
114.2051    1.60e-17
114.2102    1.56e-17
114.2152    1.56e-17
114.2202    1.48e-17
114.2252    1.43e-17
114.2302    1.46e-17
114.2352    1.37e-17
114.2402    1.33e-17
114.2452    1.35e-17
114.2502    1.28e-17
114.2552    1.26e-17
114.2602    1.18e-17
114.2652    1.15e-17
114.2702    1.08e-17
114.2752    9.92e-18
114.2802    9.85e-18
114.2852    1.04e-17
114.2902    8.98e-18
114.2952    9.17e-18
114.3003    8.97e-18
114.3053    8.68e-18
114.3103    8.04e-18
114.3153    7.57e-18
114.3203    7.30e-18
114.3253    7.06e-18
114.3303    6.88e-18
114.3353    6.71e-18
114.3403    6.43e-18
114.3453    6.14e-18
114.3503    5.83e-18
114.3553    5.82e-18
114.3603    5.59e-18
114.3653    5.32e-18
114.3703    5.27e-18
114.3753    4.88e-18
114.3803    4.92e-18
114.3854    4.74e-18
114.3904    4.57e-18
114.3954    4.61e-18
114.4004    4.30e-18
114.4054    4.27e-18
114.4104    4.13e-18
114.4154    4.07e-18
114.4204    3.85e-18
114.4254    3.87e-18
114.4304    3.73e-18
114.4354    3.59e-18
114.4404    3.54e-18
114.4454    3.51e-18
114.4504    3.34e-18
114.4554    3.20e-18
114.4604    3.17e-18
114.4654    3.04e-18
114.4705    2.94e-18
114.4755    2.88e-18
114.4805    2.72e-18
114.4855    2.66e-18
114.4905    2.54e-18
114.4955    2.48e-18
114.5005    2.35e-18
114.5055    2.45e-18
114.5105    2.30e-18
114.5155    2.34e-18
114.5205    2.22e-18
114.5255    2.11e-18
114.5305    2.18e-18
114.5355    1.98e-18
114.5405    1.95e-18
114.5455    1.94e-18
114.5505    1.88e-18
114.5555    1.81e-18
114.5606    1.80e-18
114.5656    1.86e-18
114.5706    1.85e-18
114.5756    1.83e-18
114.5806    1.79e-18
114.5856    1.78e-18
114.5906    1.72e-18
114.5956    1.73e-18
114.6006    1.71e-18
114.6056    1.75e-18
114.6106    1.64e-18
114.6156    1.66e-18
114.6206    1.68e-18
114.6256    1.62e-18
114.6306    1.60e-18
114.6356    1.58e-18
114.6406    1.59e-18
114.6457    1.55e-18
114.6507    1.54e-18
114.6557    1.55e-18
114.6607    1.48e-18
114.6657    1.52e-18
114.6707    1.47e-18
114.6757    1.45e-18
114.6807    1.47e-18
114.6857    1.44e-18
114.6907    1.48e-18
114.6957    1.45e-18
114.7007    1.45e-18
114.7057    1.39e-18
114.7107    1.40e-18
114.7157    1.44e-18
114.7207    1.45e-18
114.7257    1.47e-18
114.7308    1.48e-18
114.7358    1.51e-18
114.7408    1.50e-18
114.7458    1.51e-18
114.7508    1.56e-18
114.7558    1.57e-18
114.7608    1.60e-18
114.7658    1.60e-18
114.7708    1.68e-18
114.7758    1.71e-18
114.7808    1.75e-18
114.7858    1.82e-18
114.7908    1.85e-18
114.7958    1.91e-18
114.8008    1.90e-18
114.8058    1.99e-18
114.8108    2.07e-18
114.8158    2.14e-18
114.8209    2.20e-18
114.8259    2.24e-18
114.8309    2.29e-18
114.8359    2.33e-18
114.8409    2.38e-18
114.8459    2.36e-18
114.8509    2.41e-18
114.8559    2.44e-18
114.8609    2.47e-18
114.8659    2.48e-18
114.8709    2.46e-18
114.8759    2.48e-18
114.8809    2.48e-18
114.8859    2.50e-18
114.8909    2.45e-18
114.8959    2.42e-18
114.9009    2.44e-18
114.9060    2.36e-18
114.9110    2.38e-18
114.9160    2.37e-18
114.9210    2.33e-18
114.9260    2.30e-18
114.9310    2.21e-18
114.9360    2.22e-18
114.9410    2.19e-18
114.9460    2.16e-18
114.9510    2.12e-18
114.9560    2.09e-18
114.9610    2.04e-18
114.9660    2.06e-18
114.9710    1.95e-18
114.9760    1.90e-18
114.9810    1.90e-18
114.9860    1.86e-18
114.9910    1.81e-18
114.9961    1.81e-18
115.0011    1.76e-18
115.0061    1.71e-18
115.0111    1.72e-18
115.0161    1.65e-18
115.0211    1.65e-18
115.0261    1.58e-18
115.0311    1.55e-18
115.0361    1.55e-18
115.0411    1.49e-18
115.0461    1.48e-18
115.0511    1.46e-18
115.0561    1.46e-18
115.0611    1.42e-18
115.0650    1.32e-18
115.0748    1.29e-18
115.0846    1.26e-18
115.0944    1.22e-18
115.1043    1.19e-18
115.1141    1.10e-18
115.1239    1.06e-18
115.1338    1.02e-18
115.1436    9.60e-19
115.1534    9.27e-19
115.1632    8.41e-19
115.1731    8.00e-19
115.1829    7.53e-19
115.1927    7.12e-19
115.2026    6.75e-19
115.2124    6.58e-19
115.2222    6.28e-19
115.2320    6.08e-19
115.2419    5.92e-19
115.2517    5.78e-19
115.2615    5.59e-19
115.2713    5.42e-19
115.2812    5.29e-19
115.2910    4.98e-19
115.3008    4.84e-19
115.3107    4.68e-19
115.3205    4.33e-19
115.3303    4.13e-19
115.3401    3.96e-19
115.3500    3.79e-19
115.3598    3.57e-19
115.3696    3.42e-19
115.3795    3.29e-19
115.3893    3.21e-19
115.3991    2.95e-19
115.4089    2.85e-19
115.4188    2.77e-19
115.4286    2.74e-19
115.4384    2.73e-19
115.4483    2.80e-19
115.4581    2.96e-19
115.4679    3.16e-19
115.4777    3.44e-19
115.4876    3.75e-19
115.4974    4.25e-19
115.5072    4.83e-19
115.5170    5.71e-19
115.5269    6.62e-19
115.5367    7.92e-19
115.5465    9.33e-19
115.5564    1.17e-18
115.5662    1.44e-18
115.5760    1.84e-18
115.5858    2.25e-18
115.5957    2.82e-18
115.6055    3.45e-18
115.6153    4.26e-18
115.6252    4.91e-18
115.6350    5.47e-18
115.6448    5.83e-18
115.6546    6.00e-18
115.6645    5.89e-18
115.6743    5.60e-18
115.6841    5.13e-18
115.6940    4.63e-18
115.7038    4.12e-18
115.7136    3.52e-18
115.7234    3.07e-18
115.7333    2.62e-18
115.7431    2.28e-18
115.7529    1.96e-18
115.7627    1.71e-18
115.7726    1.50e-18
115.7824    1.35e-18
115.7922    1.25e-18
115.8021    1.17e-18
115.8119    1.03e-18
115.8217    9.34e-19
115.8315    8.49e-19
115.8414    8.01e-19
115.8512    7.35e-19
115.8610    6.86e-19
115.8709    6.46e-19
115.8807    6.16e-19
115.8905    5.77e-19
115.9003    5.49e-19
115.9102    5.21e-19
115.9200    4.97e-19
115.9298    4.76e-19
115.9397    4.52e-19
115.9495    4.26e-19
115.9593    4.06e-19
115.9691    3.84e-19
115.9790    3.67e-19
115.9888    3.48e-19
115.9986    3.27e-19
116.0084    3.08e-19
116.0183    2.97e-19
116.0281    2.81e-19
116.0379    2.70e-19
116.0478    2.56e-19
116.0576    2.44e-19
116.0674    2.32e-19
116.0772    2.20e-19
116.0871    2.08e-19
116.0969    2.00e-19
116.1067    1.88e-19
116.1166    1.81e-19
116.1264    1.71e-19
116.1362    1.63e-19
116.1460    1.69e-19
116.1559    1.48e-19
116.1657    1.41e-19
116.1755    1.35e-19
116.1854    1.31e-19
116.1952    1.27e-19
116.2050    1.23e-19
116.2148    1.21e-19
116.2247    1.19e-19
116.2345    1.19e-19
116.2443    1.15e-19
116.2541    1.12e-19
116.2640    1.13e-19
116.2738    1.15e-19
116.2836    1.12e-19
116.2935    1.09e-19
116.3033    1.10e-19
116.3131    1.10e-19
116.3229    1.12e-19
116.3328    1.14e-19
116.3426    1.17e-19
116.3524    1.22e-19
116.3623    1.35e-19
116.3721    1.38e-19
116.3819    1.41e-19
116.3917    1.55e-19
116.4016    1.77e-19
116.4114    1.91e-19
116.4212    2.12e-19
116.4311    2.37e-19
116.4409    2.80e-19
116.4507    3.31e-19
116.4605    3.99e-19
116.4704    4.67e-19
116.4802    5.16e-19
116.4900    5.40e-19
116.4998    5.39e-19
116.5097    5.11e-19
116.5195    4.87e-19
116.5293    4.45e-19
116.5392    4.06e-19
116.5490    3.71e-19
116.5588    3.36e-19
116.5686    3.08e-19
116.5785    2.79e-19
116.5883    2.54e-19
116.5981    2.29e-19
116.6080    2.10e-19
116.6178    1.93e-19
116.6276    1.79e-19
116.6374    1.67e-19
116.6473    1.56e-19
116.6571    1.49e-19
116.6669    1.41e-19
116.6768    1.35e-19
116.6866    1.33e-19
116.6964    1.28e-19
116.7062    1.26e-19
116.7161    1.25e-19
116.7259    1.24e-19
116.7357    1.25e-19
116.7455    1.24e-19
116.7554    1.26e-19
116.7652    1.26e-19
116.7750    1.30e-19
116.7849    1.31e-19
116.7947    1.33e-19
116.8045    1.35e-19
116.8143    1.37e-19
116.8242    1.38e-19
116.8340    1.37e-19
116.8438    1.35e-19
116.8537    1.32e-19
116.8635    1.29e-19
116.8733    1.23e-19
116.8831    1.17e-19
116.8930    1.10e-19
116.9028    1.03e-19
116.9126    9.71e-20
116.9225    9.16e-20
116.9323    8.54e-20
116.9421    8.08e-20
116.9519    7.59e-20
116.9618    7.11e-20
116.9716    6.71e-20
116.9814    6.46e-20
116.9912    6.17e-20
117.0011    5.90e-20
117.0109    5.68e-20
117.0207    5.68e-20
117.0306    5.46e-20
117.0404    5.12e-20
117.0502    4.87e-20
117.0600    4.84e-20
117.0699    4.79e-20
117.0797    4.79e-20
117.0895    4.70e-20
117.0994    4.66e-20
117.1092    4.82e-20
117.1190    4.82e-20
117.1288    4.98e-20
117.1387    5.17e-20
117.1485    5.53e-20
117.1583    5.84e-20
117.1682    6.40e-20
117.1780    6.86e-20
117.1878    7.62e-20
117.1976    8.12e-20
117.2075    8.63e-20
117.2173    9.05e-20
117.2271    9.80e-20
117.2369    1.05e-19
117.2468    1.12e-19
117.2566    1.17e-19
117.2664    1.22e-19
117.2763    1.25e-19
117.2861    1.28e-19
117.2959    1.31e-19
117.3057    1.31e-19
117.3156    1.35e-19
117.3254    1.38e-19
117.3352    1.42e-19
117.3451    1.51e-19
117.3549    1.59e-19
117.3647    1.75e-19
117.3745    1.89e-19
117.3844    2.14e-19
117.3942    2.45e-19
117.4040    2.88e-19
117.4139    3.37e-19
117.4237    4.14e-19
117.4335    4.87e-19
117.4433    5.73e-19
117.4532    6.07e-19
117.4630    5.97e-19
117.4728    5.51e-19
117.4826    4.75e-19
117.4925    4.15e-19
117.5023    3.45e-19
117.5121    2.96e-19
117.5220    2.40e-19
117.5318    2.05e-19
117.5416    1.66e-19
117.5514    1.42e-19
117.5613    1.19e-19
117.5711    1.05e-19
117.5809    9.02e-20
117.5908    7.97e-20
117.6006    7.04e-20
117.6104    6.43e-20
117.6202    5.80e-20
117.6301    5.44e-20
117.6399    4.93e-20
117.6497    4.64e-20
117.6596    4.36e-20
117.6694    4.29e-20
117.6792    4.04e-20
117.6890    3.93e-20
117.6989    3.82e-20
117.7087    3.63e-20
117.7185    3.59e-20
117.7283    3.49e-20
117.7382    3.31e-20
117.7480    3.27e-20
117.7578    3.08e-20
117.7677    3.08e-20
117.7775    3.03e-20
117.7873    2.98e-20
117.7971    2.91e-20
117.8070    2.87e-20
117.8168    2.71e-20
117.8266    2.67e-20
117.8365    2.56e-20
117.8463    2.57e-20
117.8561    2.54e-20
117.8659    2.48e-20
117.8758    2.45e-20
117.8856    2.33e-20
117.8954    2.24e-20
117.9052    2.16e-20
117.9151    2.18e-20
117.9249    2.20e-20
117.9347    2.23e-20
117.9446    2.20e-20
117.9544    2.12e-20
117.9642    2.15e-20
117.9740    2.07e-20
117.9839    2.08e-20
117.9937    1.94e-20
118.0035    1.94e-20
118.0134    1.95e-20
118.0232    1.83e-20
118.0330    1.86e-20
118.0428    1.88e-20
118.0527    1.88e-20
118.0625    1.89e-20
118.0723    1.93e-20
118.0822    1.98e-20
118.0920    1.99e-20
118.1018    2.10e-20
118.1116    2.20e-20
118.1215    2.29e-20
118.1313    2.37e-20
118.1411    2.45e-20
118.1509    2.45e-20
118.1608    2.50e-20
118.1706    2.53e-20
118.1804    2.71e-20
118.1903    2.76e-20
118.2001    2.71e-20
118.2099    2.78e-20
118.2197    2.86e-20
118.2296    2.74e-20
118.2394    3.02e-20
118.2492    3.04e-20
118.2591    3.18e-20
118.2689    3.31e-20
118.2787    3.46e-20
118.2885    3.74e-20
118.2984    3.99e-20
118.3082    4.33e-20
118.3180    4.78e-20
118.3279    5.10e-20
118.3377    5.33e-20
118.3475    5.26e-20
118.3573    5.07e-20
118.3672    4.71e-20
118.3770    4.55e-20
118.3868    4.11e-20
118.3966    3.85e-20
118.4065    3.54e-20
118.4163    3.33e-20
118.4261    3.15e-20
118.4360    3.00e-20
118.4458    2.95e-20
118.4556    2.87e-20
118.4654    2.66e-20
118.4753    2.62e-20
118.4851    2.57e-20
118.4949    2.44e-20
118.5048    2.41e-20
118.5146    2.38e-20
118.5244    2.27e-20
118.5342    2.28e-20
118.5441    2.19e-20
118.5539    2.26e-20
118.5637    2.13e-20
118.5736    2.14e-20
118.5834    2.13e-20
118.5932    2.07e-20
118.6030    2.01e-20
118.6129    1.95e-20
118.6227    2.08e-20
118.6325    2.05e-20
118.6423    1.94e-20
118.6522    2.04e-20
118.6620    1.95e-20
118.6718    1.87e-20
118.6817    1.89e-20
118.6915    1.84e-20
118.7013    1.91e-20
