121.35    4.86e-20
122.15    6.71e-20
122.70    8.24e-20
123.60    1.14e-19
124.55    1.36e-19
125.50    1.72e-19
126.55    2.00e-19
127.55    2.53e-19
128.60    3.14e-19
129.70    3.68e-19
130.90    4.27e-19
132.00    4.71e-19
133.05    5.56e-19
134.25    5.43e-19
135.45    5.29e-19
136.55    5.44e-19
137.60    5.21e-19
138.80    4.83e-19
139.60    4.69e-19
140.65    5.00e-19
141.90    5.05e-19
142.90    4.94e-19
144.00    4.96e-19
145.40    5.19e-19
146.35    4.75e-19
147.15    5.00e-19
148.95    4.65e-19
149.95    3.90e-19
151.20    3.80e-19
152.05    3.42e-19
153.65    3.09e-19
155.10    2.54e-19
156.60    2.25e-19
157.40    1.85e-19
158.20    1.86e-19
159.25    1.25e-19
160.65    9.92e-20
162.25    7.59e-20
164.00    6.01e-20
165.35    3.99e-20
166.60    2.74e-20
168.40    1.75e-20
168.80    1.68e-20
171.75    5.69e-21
173.70    4.56e-21
174.55    2.92e-21
175.20    2.83e-21
175.75    2.31e-21
176.35    2.04e-21
176.60    2.00e-21
176.85    1.92e-21
177.40    1.39e-21
178.35    1.04e-21
180.55    3.43e-22
182.70    1.73e-22
184.45    9.11e-23
186.35    4.56e-23
188.35    2.36e-23
190.25    1.23e-23
192.65    4.59e-24
