169.57    2.47e-20
169.67    2.43e-20
169.77    2.35e-20
169.87    2.23e-20
169.97    2.07e-20
170.08    1.95e-20
170.18    1.90e-20
170.28    1.86e-20
170.38    1.82e-20
170.48    1.84e-20
170.58    1.85e-20
170.68    1.84e-20
170.78    1.83e-20
170.88    1.78e-20
170.99    1.76e-20
171.09    1.74e-20
171.19    1.69e-20
171.29    1.58e-20
171.39    1.48e-20
171.49    1.43e-20
171.60    1.42e-20
171.70    1.39e-20
171.80    1.31e-20
171.90    1.23e-20
172.00    1.21e-20
172.10    1.24e-20
172.20    1.26e-20
172.30    1.24e-20
172.40    1.22e-20
172.51    1.20e-20
172.61    1.19e-20
172.71    1.14e-20
172.81    1.08e-20
172.91    1.01e-20
173.01    9.65e-21
173.11    9.42e-21
173.21    9.05e-21
173.31    8.65e-21
173.41    8.62e-21
173.51    8.72e-21
173.62    8.50e-21
173.72    8.02e-21
173.82    7.57e-21
173.92    7.40e-21
174.02    7.53e-21
174.12    7.68e-21
174.23    7.72e-21
174.33    7.62e-21
174.43    7.19e-21
174.53    6.69e-21
174.63    6.37e-21
174.73    6.23e-21
174.83    6.17e-21
174.93    6.21e-21
175.03    6.40e-21
175.14    6.41e-21
175.24    5.96e-21
175.34    5.44e-21
175.44    5.15e-21
175.54    4.95e-21
175.64    4.70e-21
175.74    4.48e-21
175.84    4.40e-21
175.94    4.39e-21
176.04    4.55e-21
176.15    4.61e-21
176.25    4.50e-21
176.35    4.33e-21
176.45    4.03e-21
176.55    3.68e-21
176.65    3.50e-21
176.75    3.51e-21
176.86    3.52e-21
176.96    3.48e-21
177.06    3.48e-21
177.16    3.44e-21
177.26    3.34e-21
177.36    3.16e-21
177.46    2.92e-21
177.56    2.81e-21
177.67    2.68e-21
177.77    2.64e-21
177.87    2.66e-21
177.97    2.70e-21
178.07    2.82e-21
178.17    2.85e-21
178.27    2.75e-21
178.37    2.46e-21
178.47    2.05e-21
178.57    1.78e-21
178.68    1.68e-21
178.78    1.59e-21
178.88    1.51e-21
178.98    1.54e-21
179.08    1.70e-21
179.18    1.71e-21
179.28    1.58e-21
179.38    1.46e-21
179.49    1.40e-21
179.59    1.39e-21
179.69    1.38e-21
179.79    1.41e-21
179.89    1.40e-21
179.99    1.40e-21
180.09    1.66e-21
180.21    1.59e-21
180.31    1.58e-21
180.41    1.50e-21
180.51    1.37e-21
180.61    1.23e-21
180.71    1.11e-21
180.81    1.05e-21
180.91    1.03e-21
181.01    1.02e-21
181.11    1.01e-21
181.22    1.01e-21
181.32    1.00e-21
181.42    9.98e-22
181.52    9.87e-22
181.62    9.87e-22
181.72    9.95e-22
181.83    9.97e-22
181.93    1.00e-21
182.03    1.00e-21
182.12    9.64e-22
182.23    8.91e-22
182.33    8.21e-22
182.43    7.70e-22
182.53    7.29e-22
182.63    6.82e-22
182.74    6.22e-22
182.84    5.66e-22
182.94    5.29e-22
183.04    5.10e-22
183.14    5.15e-22
183.24    5.21e-22
183.34    5.30e-22
183.44    5.56e-22
183.54    5.91e-22
183.64    6.11e-22
183.74    6.17e-22
183.85    6.19e-22
183.95    5.99e-22
184.05    5.53e-22
184.15    4.98e-22
184.25    4.51e-22
184.35    4.07e-22
184.46    3.72e-22
184.56    3.48e-22
184.66    3.29e-22
184.76    3.14e-22
184.86    3.04e-22
184.96    2.91e-22
185.06    2.86e-22
185.16    2.83e-22
185.27    2.81e-22
185.37    2.89e-22
185.47    3.04e-22
185.57    3.19e-22
185.67    3.34e-22
185.77    3.45e-22
185.87    3.40e-22
185.97    3.18e-22
186.07    2.94e-22
186.17    2.59e-22
186.27    2.18e-22
186.38    1.93e-22
186.48    1.77e-22
186.58    1.61e-22
186.68    1.49e-22
186.78    1.44e-22
186.88    1.47e-22
186.98    1.50e-22
187.09    1.49e-22
187.19    1.49e-22
187.29    1.50e-22
187.39    1.50e-22
187.49    1.50e-22
187.59    1.65e-22
187.69    1.81e-22
187.80    1.83e-22
187.90    1.79e-22
188.00    1.66e-22
188.10    1.47e-22
188.20    1.25e-22
188.30    1.14e-22
188.40    1.07e-22
188.50    8.99e-23
188.60    8.57e-23
188.70    8.23e-23
188.81    7.96e-23
188.91    7.72e-23
189.01    7.67e-23
189.11    7.60e-23
189.21    7.76e-23
189.31    7.95e-23
189.41    8.10e-23
189.51    8.20e-23
189.61    8.35e-23
189.71    8.59e-23
189.82    8.77e-23
189.92    8.67e-23
190.02    8.23e-23
190.13    7.65e-23
190.22    7.08e-23
190.32    6.56e-23
190.42    6.10e-23
190.52    5.69e-23
190.63    5.38e-23
190.73    5.16e-23
190.83    5.00e-23
190.93    4.87e-23
191.03    4.72e-23
191.13    4.55e-23
191.23    4.40e-23
191.34    4.31e-23
191.44    4.32e-23
191.54    4.40e-23
191.64    4.49e-23
191.74    4.52e-23
191.84    4.51e-23
191.94    4.51e-23
192.04    4.49e-23
192.14    4.34e-23
192.25    4.03e-23
192.35    3.65e-23
192.45    3.27e-23
192.55    2.97e-23
192.65    2.75e-23
192.75    2.62e-23
192.86    2.57e-23
192.96    2.56e-23
193.06    2.54e-23
193.16    2.50e-23
193.26    2.46e-23
193.36    2.40e-23
193.46    2.32e-23
193.56    2.25e-23
193.66    2.22e-23
193.76    2.24e-23
193.87    2.31e-23
193.97    2.38e-23
194.07    2.40e-23
194.17    2.38e-23
194.27    2.33e-23
194.37    2.29e-23
194.47    2.26e-23
194.57    2.22e-23
194.67    2.17e-23
194.77    2.13e-23
194.88    2.10e-23
194.98    2.07e-23
195.08    2.04e-23
195.18    2.01e-23
195.28    1.93e-23
195.38    1.82e-23
195.48    1.67e-23
195.75    1.2e-23
196.00    1.0e-23
196.25    9.0e-24
196.50    8.2e-24
196.75    7.4e-24
197.00    6.6e-24
197.25    5.9e-24
197.50    5.4e-24
197.75    4.9e-24
198.00    4.5e-24
198.25    4.0e-24
198.50    3.8e-24
198.75    3.4e-24
199.00    3.2e-24
199.25    3.0e-24
199.50    2.9e-24
199.75    2.7e-24
200.00    2.5e-24
200.25    2.2e-24
200.50    2.0e-24
200.75    1.7e-24
201.00    1.4e-24
201.25    1.2e-24
201.50    1.0e-24
201.75    9.0e-25
202.00    9.0e-25
202.25    1.0e-24
202.50    1.0e-24
202.75    9.5e-25
203.00    9.0e-25
203.25    8.4e-25
203.50    8.2e-25
203.75    8.0e-25
210.00    7.2e-25
220.00    5.8e-25
238.00    4.1e-25
250.00    3.3e-25
265.00    2.5e-25
275.00    2.1e-25
300.00    1.46e-25
