      1003.60  4.66099e-14
      1007.00  2.23173e-13
      1008.20  3.56591e-13
      1011.80  3.89958e-13
      1013.00  8.77577e-14
      1015.40  2.34447e-13
      1016.60  4.11829e-13
      1017.60  1.26764e-13
      1018.80  1.08471e-13
      1023.60  6.74452e-14
      1024.80  1.47411e-14
      1026.00  1.15761e-13
      1027.20  1.03443e-13
      1029.40  3.77355e-14
      1030.60  1.64386e-13
      1035.40  1.85941e-13
      1036.60  9.66013e-14
      1044.80  1.16175e-13
      1046.00  3.75544e-14
      1048.40  7.37876e-14
      1050.80  3.19660e-13
      1052.00  3.05302e-13
      1053.00  7.10497e-14
      1056.60  3.79640e-13
      1057.80  2.62706e-13
      1063.80  2.87169e-15
      1069.60  1.16841e-13
      1072.00  2.26575e-14
      1076.60  8.32194e-15
      1079.00  4.28648e-14
      1080.20  7.14304e-14
      1083.80  7.45262e-14
      1086.20  3.59370e-14
      1088.40  8.17351e-14
      1089.60  3.23753e-13
      1094.40  4.81297e-14
      1095.60  1.58119e-13
      1098.00  3.17349e-14
      1099.20  7.29388e-14
      1103.80  1.65621e-13
      1105.00  2.82256e-14
      1106.20  2.27746e-14
      1108.60  6.49215e-14
      1112.00  8.25671e-14
      1113.20  1.01257e-13
      1114.40  5.87620e-15
      1115.60  1.81822e-13
      1116.80  2.27186e-13
      1118.00  1.80438e-13
      1119.20  1.92035e-13
      1120.40  2.17298e-13
      1121.60  5.69589e-14
      1122.60  7.78855e-14
      1125.00  5.21272e-14
      1129.80  3.15185e-14
      1132.20  2.71124e-14
      1133.40  1.34289e-14
      1134.40  2.61398e-13
      1135.60  9.49924e-14
      1136.80  2.07422e-13
      1138.00  9.09847e-14
      1139.20  1.99116e-13
      1140.40  1.98611e-13
      1141.60  4.63893e-13
      1142.80  2.72203e-13
      1144.00  4.12906e-13
      1145.20  4.49767e-13
      1146.20  6.97516e-13
      1147.40  5.76986e-13
      1148.60  8.67288e-13
      1149.80  8.69733e-13
      1151.00  2.83645e-13
      1152.20  3.06302e-13
      1153.40  3.12766e-13
      1154.60  2.96110e-13
      1155.80  2.98604e-13
      1157.00  3.94028e-13
      1158.00  4.48485e-13
      1159.20  4.06271e-13
      1160.40  5.79204e-13
      1161.60  8.50667e-13
      1162.80  5.92348e-13
      1164.00  4.13539e-13
      1165.20  3.80002e-13
      1166.40  4.27536e-13
      1167.60  3.92934e-13
      1168.80  4.24600e-13
      1169.80  4.31097e-13
      1171.00  5.68202e-13
      1172.20  9.32617e-13
      1173.40  1.35165e-12
      1174.60  1.50684e-12
      1175.80  1.51721e-12
      1177.00  1.13240e-12
      1178.20  7.63084e-13
      1179.40  5.63347e-13
      1180.60  4.57049e-13
      1181.60  3.98748e-13
      1182.80  3.62505e-13
      1184.00  3.93704e-13
      1185.20  3.65090e-13
      1186.40  3.39099e-13
      1187.60  4.01827e-13
      1188.80  3.87727e-13
      1190.00  3.67925e-13
      1191.20  3.88218e-13
      1192.40  3.88218e-13
      1193.40  3.88218e-13
      1194.60  3.88218e-13
      1195.80  3.88218e-13
      1197.00  3.88218e-13
      1198.20  3.88218e-13
      1199.40  3.88218e-13
      1200.91  3.88218e-13
      1202.61  3.88218e-13
      1204.41  3.87025e-13
      1206.11  2.26920e-12
      1207.91  3.87025e-13
      1209.61  3.87025e-13
      1211.41  3.87025e-13
      1213.11  9.95702e-13
      1214.91  1.25113e-11
      1216.61  1.38610e-11
      1218.41  1.61526e-12
      1220.11  3.88218e-13
      1221.91  3.88218e-13
      1223.61  3.88218e-13
      1225.41  3.88218e-13
      1227.11  3.88218e-13
      1228.91  3.88218e-13
      1231.20  4.04675e-13
      1232.40  4.14499e-13
      1233.60  4.22996e-13
      1234.80  4.10257e-13
      1236.00  4.85394e-13
      1237.20  5.35580e-13
      1238.40  4.99886e-13
      1239.40  5.16979e-13
      1240.60  5.28364e-13
      1241.80  5.16724e-13
      1243.00  4.74749e-13
      1244.20  5.00911e-13
      1245.40  5.12947e-13
      1246.60  5.19933e-13
      1247.80  5.37618e-13
      1249.00  4.76351e-13
      1250.20  4.56013e-13
      1251.20  4.39953e-13
      1252.40  4.21786e-13
      1253.60  4.19810e-13
      1254.80  4.08752e-13
      1256.00  4.69368e-13
      1257.20  4.35818e-13
      1258.40  3.97413e-13
      1259.60  4.00979e-13
      1260.80  4.29096e-13
      1262.00  4.92210e-13
      1263.00  4.68583e-13
      1264.20  4.65902e-13
      1265.40  4.34766e-13
      1266.60  4.48693e-13
      1267.80  4.88628e-13
      1269.00  4.69072e-13
      1270.20  4.55355e-13
      1271.40  4.25789e-13
      1272.60  4.31113e-13
      1273.80  4.87355e-13
      1274.80  4.76138e-13
      1276.00  4.31498e-13
      1277.20  4.55673e-13
      1278.40  4.34175e-13
      1279.60  4.87854e-13
      1280.80  4.33861e-13
      1282.00  4.61543e-13
      1283.20  4.54597e-13
      1284.40  4.51552e-13
      1285.60  4.83062e-13
      1286.60  4.88733e-13
      1287.80  5.25273e-13
      1289.00  4.82043e-13
      1290.20  5.66266e-13
      1291.40  4.95615e-13
      1292.60  5.15935e-13
      1293.80  5.48846e-13
      1295.00  6.00725e-13
      1296.20  6.56410e-13
      1297.40  7.06551e-13
      1298.40  6.80469e-13
      1299.60  6.03249e-13
      1300.80  6.42748e-13
      1302.00  6.38143e-13
      1303.20  6.72626e-13
      1304.40  5.74747e-13
      1305.60  5.10963e-13
      1306.80  5.22392e-13
      1308.00  4.88312e-13
      1309.20  4.33108e-13
      1310.20  4.95400e-13
      1311.40  5.51932e-13
      1312.60  4.88027e-13
      1313.80  4.82332e-13
      1315.00  4.72694e-13
      1316.20  4.79663e-13
      1317.40  4.76066e-13
      1318.60  4.32344e-13
      1319.80  4.90554e-13
      1320.80  4.40437e-13
      1322.00  4.53326e-13
      1323.20  4.87561e-13
      1324.40  4.94865e-13
      1325.60  4.92749e-13
      1326.80  4.87148e-13
      1328.00  4.35519e-13
      1329.20  5.00960e-13
      1330.40  4.95963e-13
      1331.60  5.33630e-13
      1332.60  7.09661e-13
      1333.80  8.25765e-13
      1335.00  9.02220e-13
      1336.20  8.93112e-13
      1337.40  8.10319e-13
      1338.60  6.40264e-13
      1339.80  5.17067e-13
      1341.00  4.21461e-13
      1342.20  4.83545e-13
      1343.40  5.01934e-13
      1344.40  4.55538e-13
      1345.60  4.87773e-13
      1346.80  4.45547e-13
      1348.00  4.72415e-13
      1349.20  4.33852e-13
      1350.40  3.99801e-13
      1351.60  4.33176e-13
      1352.80  4.44528e-13
      1354.00  4.70699e-13
      1355.20  5.00514e-13
      1356.20  4.70034e-13
      1357.40  4.29255e-13
      1358.60  4.28463e-13
      1359.80  4.37142e-13
      1361.00  4.43897e-13
      1362.20  4.29626e-13
      1363.40  4.53924e-13
      1364.60  4.78504e-13
      1365.80  4.89172e-13
      1367.00  4.69426e-13
      1368.00  4.47091e-13
      1369.20  4.60320e-13
      1370.40  4.22730e-13
      1371.60  4.50580e-13
      1372.80  5.19006e-13
      1374.00  4.68700e-13
      1375.20  4.33313e-13
      1376.40  3.98105e-13
      1377.60  4.50907e-13
      1378.80  4.61980e-13
      1379.80  4.15931e-13
      1381.00  4.53151e-13
      1382.20  4.90574e-13
      1383.40  4.15694e-13
      1384.60  4.28901e-13
      1385.80  4.44348e-13
      1387.00  4.43065e-13
      1388.20  4.89724e-13
      1389.40  5.34135e-13
      1390.60  6.35002e-13
      1391.60  8.24222e-13
      1392.80  1.01860e-12
      1394.00  1.04646e-12
      1395.20  9.41858e-13
      1396.40  7.18010e-13
      1397.60  5.78445e-13
      1398.80  5.98942e-13
      1400.00  6.77270e-13
      1401.20  8.19411e-13
      1402.40  8.24070e-13
      1403.40  8.03156e-13
      1404.60  7.81083e-13
      1405.80  5.90016e-13
      1407.00  4.99259e-13
      1408.20  4.64936e-13
      1409.40  5.04295e-13
      1410.60  4.32050e-13
      1411.80  4.18341e-13
      1413.00  4.55265e-13
      1414.00  4.66034e-13
      1415.20  4.62824e-13
      1416.40  4.82440e-13
      1417.60  4.77791e-13
      1418.80  4.76282e-13
      1420.00  4.39143e-13
      1421.20  4.33336e-13
      1422.40  4.80429e-13
      1423.60  4.58990e-13
      1424.80  4.65467e-13
      1425.80  4.56727e-13
      1427.00  4.30507e-13
      1428.20  4.42720e-13
      1429.40  4.50453e-13
      1430.60  4.68256e-13
      1431.80  4.52268e-13
      1433.00  4.96002e-13
      1434.20  4.44017e-13
      1435.40  4.26372e-13
      1436.60  4.34959e-13
      1437.60  4.34833e-13
      1438.80  4.32227e-13
      1440.00  4.35332e-13
      1441.20  4.18063e-13
      1442.40  4.37757e-13
      1443.60  4.51658e-13
      1444.80  4.70670e-13
      1446.00  4.55648e-13
      1447.20  4.58131e-13
      1448.40  4.51977e-13
      1449.40  4.55238e-13
      1450.60  4.94693e-13
      1451.80  4.61069e-13
      1453.00  4.26349e-13
      1454.20  4.27431e-13
      1455.40  4.59111e-13
      1456.60  4.59640e-13
      1457.80  4.92685e-13
      1459.00  4.71619e-13
      1460.20  4.53336e-13
      1461.20  4.60414e-13
      1462.40  4.73706e-13
      1463.60  4.41057e-13
      1464.80  4.59123e-13
      1466.00  4.96604e-13
      1467.20  4.76324e-13
      1468.40  4.92273e-13
      1469.60  5.15348e-13
      1470.80  4.95164e-13
      1472.00  4.62849e-13
      1473.00  4.76805e-13
      1474.20  5.01641e-13
      1475.40  4.83383e-13
      1476.60  4.94538e-13
      1477.80  4.98867e-13
      1479.00  4.66923e-13
      1480.20  4.88791e-13
      1481.40  5.19159e-13
      1482.60  4.74187e-13
      1483.80  4.85938e-13
      1484.80  5.21108e-13
      1486.00  5.05952e-13
      1487.20  5.44565e-13
      1488.40  5.06393e-13
      1489.60  5.27806e-13
      1490.80  4.87033e-13
      1492.00  4.92190e-13
      1493.20  4.98496e-13
      1494.40  5.24111e-13
      1495.60  5.23063e-13
      1496.60  5.13104e-13
      1497.80  5.23832e-13
      1499.00  5.26855e-13
      1500.20  5.39332e-13
      1501.40  5.38740e-13
      1502.60  5.41826e-13
      1503.80  4.85850e-13
      1505.00  4.92406e-13
      1506.20  4.79631e-13
      1507.40  4.87626e-13
      1508.40  4.73784e-13
      1509.60  4.63901e-13
      1510.80  4.84315e-13
      1512.00  5.00788e-13
      1513.20  4.63852e-13
      1514.40  4.25505e-13
      1515.60  4.29225e-13
      1516.80  4.25697e-13
      1518.00  4.68098e-13
      1519.00  5.20584e-13
      1520.20  4.90726e-13
      1521.40  4.80754e-13
      1522.60  4.93538e-13
      1523.80  5.07387e-13
      1525.00  5.58429e-13
      1526.20  5.04286e-13
      1527.40  4.76419e-13
      1528.60  5.26301e-13
      1529.80  5.56953e-13
      1530.80  5.23533e-13
      1532.00  5.09738e-13
      1533.20  4.98686e-13
      1534.40  5.27360e-13
      1535.60  4.88991e-13
      1536.80  4.88991e-13
      1538.00  4.88991e-13
      1539.20  4.88991e-13
      1540.40  4.88991e-13
      1541.60  4.88991e-13
      1542.60  4.88991e-13
      1543.80  4.88991e-13
      1545.00  4.88991e-13
      1546.20  5.41904e-13
      1547.40  6.39882e-13
      1548.60  6.81773e-13
      1549.80  6.81180e-13
      1551.00  6.38707e-13
      1552.20  5.92206e-13
      1553.40  4.89877e-13
      1554.40  4.88991e-13
      1555.60  4.88991e-13
      1556.80  4.88991e-13
      1558.00  4.88991e-13
      1559.20  4.88991e-13
      1560.40  4.88991e-13
      1561.60  4.88991e-13
      1562.80  4.88991e-13
      1564.00  4.88991e-13
      1565.20  5.36697e-13
      1566.20  5.45970e-13
      1567.40  5.39083e-13
      1568.60  5.17106e-13
      1569.80  5.19570e-13
      1571.00  5.07833e-13
      1572.20  4.68008e-13
      1573.40  4.99220e-13
      1574.60  4.84999e-13
      1575.80  5.09758e-13
      1577.00  5.24484e-13
      1578.00  5.46049e-13
      1579.20  5.32625e-13
      1580.40  5.62382e-13
      1581.60  5.34424e-13
      1582.80  5.12163e-13
      1584.00  5.13021e-13
      1585.20  5.17454e-13
      1586.40  5.28663e-13
      1587.60  4.96060e-13
      1588.80  5.07710e-13
      1589.80  5.00117e-13
      1591.00  4.97383e-13
      1592.20  5.00333e-13
      1593.40  4.98632e-13
      1594.60  5.23558e-13
      1595.80  5.25572e-13
      1597.00  5.08705e-13
      1598.20  4.83124e-13
      1599.40  4.98309e-13
      1600.60  5.01621e-13
      1601.60  4.68120e-13
      1602.80  5.12036e-13
      1604.00  5.11537e-13
      1605.20  4.87216e-13
      1606.40  4.74865e-13
      1607.60  4.95341e-13
      1608.80  5.43311e-13
      1610.00  5.01293e-13
      1611.20  4.77999e-13
      1612.40  4.65407e-13
      1613.40  4.76418e-13
      1614.60  5.09860e-13
      1615.80  4.88834e-13
      1617.00  4.46598e-13
      1618.20  4.54694e-13
      1619.40  4.97217e-13
      1620.60  5.25346e-13
      1621.80  5.12011e-13
      1623.00  4.89137e-13
      1624.00  4.97197e-13
      1625.20  4.82424e-13
      1626.40  4.77861e-13
      1627.60  4.91608e-13
      1628.80  4.62889e-13
      1630.00  4.70386e-13
      1631.20  4.88895e-13
      1632.40  4.96948e-13
      1633.60  5.12075e-13
      1634.80  5.41292e-13
      1635.80  5.50727e-13
      1637.00  5.50232e-13
      1638.20  6.62240e-13
      1639.40  6.92309e-13
      1640.60  7.23996e-13
      1641.80  7.17867e-13
      1643.00  6.39182e-13
      1644.20  5.63851e-13
      1645.40  5.03595e-13
      1646.60  4.95600e-13
      1647.60  4.96575e-13
      1648.80  5.05471e-13
      1650.00  4.46323e-13
      1651.20  4.53140e-13
      1652.40  5.07299e-13
      1653.60  4.89903e-13
      1654.80  5.06480e-13
      1656.00  5.42473e-13
      1657.20  5.70171e-13
      1658.40  5.72233e-13
      1659.40  5.54289e-13
      1660.60  5.26140e-13
      1661.80  5.17493e-13
      1663.00  5.14730e-13
      1664.20  4.94390e-13
      1665.40  5.09547e-13
      1666.60  5.01577e-13
      1667.80  4.84506e-13
      1669.00  4.84525e-13
      1670.20  4.57891e-13
      1671.20  4.72186e-13
      1672.40  4.94317e-13
      1673.60  5.01092e-13
      1674.80  5.07304e-13
      1676.00  4.89159e-13
      1677.20  4.88643e-13
      1678.40  4.96031e-13
      1679.60  4.56974e-13
      1680.80  4.67862e-13
      1682.00  4.87993e-13
      1683.00  4.83493e-13
      1684.20  4.74402e-13
      1685.40  4.61024e-13
      1686.60  4.44919e-13
      1687.80  4.74984e-13
      1689.00  4.97349e-13
      1690.20  4.78117e-13
      1691.40  4.85636e-13
      1692.60  4.99440e-13
      1693.80  5.07955e-13
      1694.80  5.31460e-13
      1696.00  5.03007e-13
      1697.20  4.72629e-13
      1698.40  4.89029e-13
      1699.60  5.02914e-13
      1700.80  4.90672e-13
      1702.00  4.99720e-13
      1703.20  4.67172e-13
      1704.40  4.64997e-13
      1705.60  4.78813e-13
      1706.60  4.79914e-13
      1707.80  4.77904e-13
      1709.00  4.53963e-13
      1710.20  4.59836e-13
      1711.40  4.86928e-13
      1712.60  4.97633e-13
      1713.80  4.88673e-13
      1715.00  5.00215e-13
      1716.20  5.03405e-13
      1717.40  4.84303e-13
      1718.40  5.08249e-13
      1719.60  5.31606e-13
      1720.80  5.14901e-13
      1722.00  4.92421e-13
      1723.20  4.68886e-13
      1724.40  4.72350e-13
      1725.60  4.94453e-13
      1726.80  4.87097e-13
      1728.00  4.85270e-13
      1729.00  4.93690e-13
      1730.20  4.80285e-13
      1731.40  4.81601e-13
      1732.60  4.64563e-13
      1733.80  4.61078e-13
      1735.00  4.73370e-13
      1736.20  4.97236e-13
      1737.40  4.97717e-13
      1738.60  4.87756e-13
      1739.80  5.00274e-13
      1740.80  4.91161e-13
      1742.00  4.73172e-13
      1743.20  4.71824e-13
      1744.40  4.81987e-13
      1745.60  4.87877e-13
      1746.80  5.08749e-13
      1748.00  5.25919e-13
      1749.20  5.11575e-13
      1750.40  5.07729e-13
      1751.60  5.08700e-13
      1752.60  4.94792e-13
      1753.80  5.11786e-13
      1755.00  5.20094e-13
      1756.20  5.13966e-13
      1757.40  5.20722e-13
      1758.60  5.17091e-13
      1759.80  4.90310e-13
      1761.00  4.73452e-13
      1762.20  5.05697e-13
      1763.40  5.24156e-13
      1764.40  5.16058e-13
      1765.60  4.97579e-13
      1766.80  5.13334e-13
      1768.00  5.16974e-13
      1769.20  5.06045e-13
      1770.40  5.02758e-13
      1771.60  4.93841e-13
      1772.80  5.02909e-13
      1774.00  5.14005e-13
      1775.20  5.19277e-13
      1776.20  5.21510e-13
      1777.40  5.15445e-13
      1778.60  5.04864e-13
      1779.80  5.03639e-13
      1781.00  4.90897e-13
      1782.20  5.06349e-13
      1783.40  5.09772e-13
      1784.60  5.19830e-13
      1785.80  5.21795e-13
      1787.00  5.15965e-13
      1788.00  4.87338e-13
      1789.20  4.62838e-13
      1790.40  4.16324e-13
      1791.60  3.53705e-13
      1792.80  3.29496e-13
      1794.00  3.65959e-13
      1795.20  4.13136e-13
      1796.40  4.48112e-13
      1797.60  4.75280e-13
      1798.80  4.91230e-13
      1799.80  4.90246e-13
      1801.00  5.05187e-13
      1802.20  5.07015e-13
      1803.40  5.04673e-13
      1804.60  4.95458e-13
      1805.80  5.12859e-13
      1807.00  5.16372e-13
      1808.20  5.24062e-13
      1809.40  5.16773e-13
      1810.60  5.12898e-13
      1811.60  4.96908e-13
      1812.80  4.89148e-13
      1814.00  4.90990e-13
      1815.20  5.01739e-13
      1816.40  5.03639e-13
      1817.60  5.25596e-13
      1818.80  5.15181e-13
      1820.00  5.05442e-13
      1821.20  4.90329e-13
      1822.40  4.89341e-13
      1823.40  4.92333e-13
      1824.60  5.00220e-13
      1825.80  5.03189e-13
      1827.00  5.09336e-13
      1828.20  5.07156e-13
      1829.40  4.95370e-13
      1830.60  4.80097e-13
      1831.80  4.78735e-13
      1833.00  4.66776e-13
      1834.00  4.64015e-13
      1835.20  4.66553e-13
      1836.40  4.74594e-13
      1837.60  4.73647e-13
      1838.80  4.74840e-13
      1840.00  4.78370e-13
      1841.20  4.72001e-13
      1842.40  4.80698e-13
      1843.60  4.84651e-13
      1844.80  4.73132e-13
      1845.80  4.74906e-13
      1847.00  4.78289e-13
      1848.20  4.85194e-13
      1849.40  4.77381e-13
      1850.60  4.92009e-13
      1851.80  4.99784e-13
      1853.00  5.08293e-13
      1854.20  5.06059e-13
      1855.40  5.05947e-13
      1856.60  5.01728e-13
      1857.60  5.09685e-13
      1858.80  5.12869e-13
      1860.00  5.11805e-13
      1861.20  5.06373e-13
      1862.40  5.12050e-13
      1863.60  4.98667e-13
      1864.80  5.02924e-13
      1866.00  4.90867e-13
      1867.20  4.76498e-13
      1868.40  4.58877e-13
      1869.40  4.73590e-13
      1870.60  4.69108e-13
      1871.80  4.81507e-13
      1873.00  4.79482e-13
      1874.20  4.79149e-13
      1875.40  4.71685e-13
      1876.60  4.74590e-13
      1877.80  4.62872e-13
      1879.00  4.62226e-13
      1880.20  4.62602e-13
      1881.20  4.76279e-13
      1882.40  4.73300e-13
      1883.60  4.80387e-13
      1884.80  4.67698e-13
      1886.00  4.71664e-13
      1887.20  4.66852e-13
      1888.40  4.77425e-13
      1889.60  4.69166e-13
      1890.80  4.77842e-13
      1892.00  4.80689e-13
      1893.00  4.88844e-13
      1894.20  4.84311e-13
      1895.40  4.86056e-13
      1896.60  4.84491e-13
      1897.80  4.82333e-13
      1899.00  4.74758e-13
      1900.20  4.78305e-13
      1901.40  4.73898e-13
      1902.60  4.71378e-13
      1903.80  4.59957e-13
      1904.80  4.59776e-13
      1906.00  4.57399e-13
      1907.20  4.70809e-13
      1908.40  4.72360e-13
      1909.60  4.77169e-13
      1910.80  4.71344e-13
      1912.00  4.74578e-13
      1913.20  4.75903e-13
      1914.40  4.79466e-13
      1915.60  4.78294e-13
      1916.60  4.85891e-13
      1917.80  4.75419e-13
      1919.00  4.71265e-13
      1920.20  4.61202e-13
      1921.40  4.63176e-13
      1922.60  4.72809e-13
      1923.80  4.76567e-13
      1925.00  4.69887e-13
      1926.20  4.77712e-13
      1927.40  4.89349e-13
      1928.40  4.91421e-13
      1929.60  4.92445e-13
      1930.80  4.87423e-13
      1932.00  4.79404e-13
      1933.20  4.80547e-13
      1934.40  4.66999e-13
      1935.60  4.71650e-13
      1936.80  4.60563e-13
      1938.00  4.63596e-13
      1939.00  4.59965e-13
      1940.20  4.67865e-13
      1941.40  4.63845e-13
      1942.60  4.62882e-13
      1943.80  4.59853e-13
      1945.00  4.54855e-13
      1946.20  4.56239e-13
      1947.40  4.55326e-13
      1948.60  4.57791e-13
      1949.80  4.58352e-13
      1950.80  4.60478e-13
      1952.00  4.68636e-13
      1953.20  4.70499e-13
      1954.40  4.77752e-13
      1955.60  4.78993e-13
      1956.80  4.81800e-13
      1958.00  4.71939e-13
      1959.20  4.74378e-13
      1960.40  4.75457e-13
      1961.60  4.74410e-13
      1962.60  4.72828e-13
      1963.80  4.74357e-13
      1965.00  4.72237e-13
      1966.20  4.62464e-13
      1967.40  4.54077e-13
      1968.60  4.49968e-13
      1969.80  4.53987e-13
      1971.00  4.53412e-13
      1972.20  4.46412e-13
      1973.40  4.47766e-13
      1974.40  4.48942e-13
      1975.60  4.55697e-13
      1976.80  4.57672e-13
      1978.00  4.62493e-13
      1979.20  4.60749e-13
      1980.40  4.62504e-13
      1981.60  4.64527e-13
      1982.80  4.75663e-13
      2000.40  4.47736e-13
      2002.20  4.47166e-13
      2004.20  4.40141e-13
      2006.00  4.40611e-13
      2009.80  4.39334e-13
      2011.60  4.20222e-13
      2013.60  4.13778e-13
      2015.40  4.22198e-13
      2017.20  4.24085e-13
      2019.20  4.34268e-13
      2021.00  4.32026e-13
      2022.80  4.16284e-13
      2024.80  4.09413e-13
      2026.60  4.08933e-13
      2028.40  4.28600e-13
      2030.40  4.13342e-13
      2032.20  4.02235e-13
      2034.00  4.10739e-13
      2036.00  4.18753e-13
      2037.80  4.31224e-13
      2039.60  4.48601e-13
      2041.60  4.45771e-13
      2043.40  4.42138e-13
      2045.40  4.58770e-13
      2047.20  4.58453e-13
      2049.00  4.54653e-13
      2051.00  4.76796e-13
      2052.80  4.85230e-13
      2054.60  4.68908e-13
      2056.60  4.58999e-13
      2058.40  4.63355e-13
      2060.20  4.79955e-13
      2062.20  4.97692e-13
      2064.00  4.97124e-13
      2065.80  4.85547e-13
      2067.80  4.71630e-13
      2069.60  4.68051e-13
      2071.40  4.57535e-13
      2073.40  4.69434e-13
      2075.20  4.68710e-13
      2077.00  4.51950e-13
      2079.00  4.35381e-13
      2080.80  4.29042e-13
      2082.60  4.38329e-13
      2084.60  4.23560e-13
      2086.40  4.04793e-13
      2088.40  3.96998e-13
      2090.20  3.79116e-13
      2092.00  3.78829e-13
      2094.00  4.12590e-13
      2095.80  4.40402e-13
      2097.60  4.33681e-13
      2099.60  4.22747e-13
      2101.40  4.23774e-13
      2103.20  4.33854e-13
      2105.20  4.62312e-13
      2107.00  4.78468e-13
      2108.80  5.00557e-13
      2110.80  5.24137e-13
      2112.60  5.37804e-13
      2114.40  5.29569e-13
      2116.40  5.37495e-13
      2118.20  5.54186e-13
      2120.00  5.73586e-13
      2122.00  5.75079e-13
      2123.80  5.77259e-13
      2125.60  6.00456e-13
      2127.60  6.02606e-13
      2129.40  6.10430e-13
      2131.40  6.20008e-13
      2133.20  5.99931e-13
      2135.00  5.83648e-13
      2137.00  5.83491e-13
      2138.80  5.81335e-13
      2140.60  5.88292e-13
      2142.60  5.83721e-13
      2144.40  5.65919e-13
      2146.20  5.58550e-13
      2148.20  5.61989e-13
      2150.00  5.58781e-13
      2151.80  5.49243e-13
      2153.80  5.41057e-13
      2155.60  5.43580e-13
      2157.40  5.64141e-13
      2159.40  5.84461e-13
      2161.20  5.73806e-13
      2163.00  5.63243e-13
      2165.00  5.56003e-13
      2166.80  5.64679e-13
      2168.60  5.67051e-13
      2170.60  5.69554e-13
      2172.40  5.74438e-13
      2174.40  5.62347e-13
      2176.20  5.54725e-13
      2178.00  5.51378e-13
      2180.00  5.43100e-13
      2181.80  5.44211e-13
      2183.60  5.38882e-13
      2185.60  5.39102e-13
      2187.40  5.32748e-13
      2189.20  5.27531e-13
      2191.20  5.21089e-13
      2193.00  5.25944e-13
      2194.80  5.18135e-13
      2196.80  5.01043e-13
      2198.60  4.73709e-13
      2200.40  4.86878e-13
      2202.40  5.77637e-13
      2204.20  3.74026e-13
      2206.00  9.70064e-13
      2208.00  9.19817e-13
      2209.80  3.84072e-13
      2211.80  6.64146e-13
      2213.60  8.28405e-13
      2215.40  4.37991e-13
      2217.40  3.35046e-13
      2219.20  6.30618e-13
      2221.00  7.81371e-13
      2223.00  5.78871e-13
      2224.80  6.67521e-13
      2226.60  6.23280e-13
      2228.60  5.73953e-13
      2230.40  8.23879e-13
      2232.20  5.05932e-13
      2234.20  7.82553e-13
      2236.00  9.48093e-13
      2237.80  7.89690e-13
      2239.80  5.16146e-13
      2241.60  6.65243e-13
      2243.40  7.21203e-13
      2245.40  7.66396e-13
      2247.20  7.29110e-13
      2249.00  6.46746e-13
      2251.00  9.18682e-13
      2252.80  1.03092e-12
      2254.80  1.22669e-12
      2256.60  9.54829e-13
      2258.40  8.55264e-13
      2260.40  1.34598e-12
      2262.20  1.27577e-12
      2264.00  9.77795e-13
      2266.00  8.33975e-13
      2267.80  9.94047e-13
      2269.60  1.10692e-12
      2271.60  1.01815e-12
      2273.40  6.47666e-13
      2275.20  8.41724e-13
      2277.20  1.16210e-12
      2279.00  9.82547e-13
      2280.80  8.89410e-13
      2282.80  1.00010e-12
      2284.60  4.97006e-13
      2286.40  7.37551e-13
      2288.40  9.81110e-13
      2290.20  6.63930e-13
      2292.00  6.49694e-13
      2294.00  9.02865e-13
      2295.80  9.09493e-13
      2297.80  8.84813e-13
      2299.60  1.17708e-12
      2301.40  1.29060e-12
      2303.40  1.07403e-12
      2305.20  7.83219e-13
      2307.00  6.86024e-13
      2309.00  5.58820e-13
      2310.80  7.93854e-13
      2312.60  6.24490e-13
      2314.60  7.47030e-13
      2316.40  8.70408e-13
      2318.20  8.28053e-13
      2320.20  1.05364e-12
      2322.00  8.37013e-13
      2323.80  7.59513e-13
      2325.80  9.83344e-13
      2327.60  1.30910e-12
      2329.40  1.30122e-12
      2331.40  1.26671e-12
      2333.20  1.51119e-12
      2335.00  1.27696e-12
      2337.00  1.15349e-12
      2338.80  1.56712e-12
      2340.80  1.69437e-12
      2342.60  1.64920e-12
      2344.40  1.84748e-12
      2346.40  1.85264e-12
      2348.20  1.56683e-12
      2350.00  1.68189e-12
      2352.00  1.61669e-12
      2353.80  1.11253e-12
      2355.60  1.25146e-12
      2357.60  1.35959e-12
      2359.40  1.63732e-12
      2361.20  1.99642e-12
      2363.20  1.77264e-12
      2365.00  1.80412e-12
      2366.80  1.75770e-12
      2368.80  1.82609e-12
      2370.60  1.63567e-12
      2372.40  1.34735e-12
      2374.40  1.24743e-12
      2376.20  1.30874e-12
      2378.00  1.86965e-12
      2380.00  2.28901e-12
      2381.80  2.54734e-12
      2383.80  2.46607e-12
      2385.60  2.41072e-12
      2387.40  1.79889e-12
      2389.40  1.53126e-12
      2391.20  1.46162e-12
      2393.00  1.78961e-12
      2395.00  2.10915e-12
      2396.80  1.95306e-12
      2398.60  2.02325e-12
      2400.60  2.04507e-12
      2402.40  1.99937e-12
      2404.20  2.10611e-12
      2406.20  2.03030e-12
      2408.00  2.27101e-12
      2409.80  2.67231e-12
      2411.80  2.12088e-12
      2413.60  1.92805e-12
      2415.40  1.59918e-12
      2417.40  9.95677e-13
      2419.20  1.04891e-12
      2421.00  1.23203e-12
      2423.00  1.28581e-12
      2424.80  1.33767e-12
      2426.80  1.44688e-12
      2428.60  1.49249e-12
      2430.40  1.58335e-12
      2432.40  1.54664e-12
      2434.20  1.41404e-12
      2436.00  1.67431e-12
      2438.00  1.54574e-12
      2439.80  1.58239e-12
      2441.60  1.45614e-12
      2443.60  1.29427e-12
      2445.40  1.51480e-12
      2447.20  1.63992e-12
      2449.20  1.63610e-12
      2451.00  1.47634e-12
      2452.80  1.40186e-12
      2454.80  1.37164e-12
      2456.60  1.48341e-12
      2458.40  1.52669e-12
      2460.40  1.55041e-12
      2462.20  1.60828e-12
      2464.00  1.59413e-12
      2466.00  1.65660e-12
      2467.80  1.76555e-12
      2469.80  1.64123e-12
      2471.60  1.68903e-12
      2473.40  1.49699e-12
      2475.40  1.63916e-12
      2477.20  1.74985e-12
      2479.00  1.87935e-12
      2481.00  2.11521e-12
      2482.80  1.80489e-12
      2484.60  1.55880e-12
      2486.60  1.67566e-12
      2488.40  1.67243e-12
      2490.20  1.64288e-12
      2492.20  1.98749e-12
      2494.00  1.69529e-12
      2495.80  1.40621e-12
      2497.80  1.52347e-12
      2499.60  1.37258e-12
      2501.40  1.40459e-12
      2503.40  1.35913e-12
      2505.20  1.73380e-12
      2507.20  1.94999e-12
      2509.00  1.78723e-12
      2510.80  1.48973e-12
      2512.80  1.58718e-12
      2514.60  1.76155e-12
      2516.40  1.84047e-12
      2518.40  1.62804e-12
      2520.20  1.73620e-12
      2522.00  1.93447e-12
      2524.00  2.13977e-12
      2525.80  2.38486e-12
      2527.60  2.27437e-12
      2529.60  2.47501e-12
      2531.40  2.49447e-12
      2533.20  2.19584e-12
      2535.20  2.00852e-12
      2537.00  2.39838e-12
      2538.80  2.54862e-12
      2540.80  2.37792e-12
      2542.60  2.07633e-12
      2544.40  2.01267e-12
      2546.40  2.03330e-12
      2548.20  2.15282e-12
      2550.20  2.17362e-12
      2552.00  1.96419e-12
      2553.80  1.52856e-12
      2555.80  1.41832e-12
      2557.60  1.47505e-12
      2559.40  1.52222e-12
      2561.40  1.59834e-12
      2563.20  1.48185e-12
      2565.00  1.63177e-12
      2567.00  1.59084e-12
      2568.80  1.48763e-12
      2570.60  1.63358e-12
      2572.60  1.86899e-12
      2574.40  1.74988e-12
      2576.20  1.56889e-12
      2578.20  1.48048e-12
      2580.00  1.38457e-12
      2581.80  1.54587e-12
      2583.80  1.92728e-12
      2585.60  2.09385e-12
      2587.40  1.85365e-12
      2589.40  1.65262e-12
      2591.20  1.63554e-12
      2593.20  1.72011e-12
      2595.00  1.87809e-12
      2596.80  2.04583e-12
      2598.80  2.19205e-12
      2600.60  2.22713e-12
      2602.40  1.95408e-12
      2604.40  2.00803e-12
      2606.20  2.30403e-12
      2608.00  2.39146e-12
      2610.00  2.57683e-12
      2611.80  2.58765e-12
      2613.60  2.25126e-12
      2615.60  2.70143e-12
      2617.40  2.25717e-12
      2619.20  2.22178e-12
      2621.20  2.26428e-12
      2623.00  2.36684e-12
      2624.80  2.38716e-12
      2626.80  2.51965e-12
      2628.60  2.64052e-12
      2630.40  2.66871e-12
      2632.40  2.53249e-12
      2634.20  1.83742e-12
      2636.20  1.40091e-12
      2638.00  1.36154e-12
      2639.80  1.37715e-12
      2641.80  1.25636e-12
      2643.60  1.28711e-12
      2645.40  1.15981e-12
      2647.40  1.12339e-12
      2649.20  1.09654e-12
      2651.00  1.15235e-12
      2653.00  1.24817e-12
      2654.80  1.32419e-12
      2656.60  1.31324e-12
      2658.60  1.27171e-12
      2660.40  1.35367e-12
      2662.20  1.58957e-12
      2664.20  1.78855e-12
      2666.00  1.61445e-12
      2667.80  1.50423e-12
      2669.80  1.53388e-12
      2671.60  1.67441e-12
      2673.40  1.48550e-12
      2675.40  1.33967e-12
      2677.20  1.39073e-12
      2679.20  1.55229e-12
      2681.00  1.61856e-12
      2682.80  1.41798e-12
      2684.80  1.40200e-12
      2686.60  1.62494e-12
      2688.40  1.62782e-12
      2690.40  1.55981e-12
      2692.20  1.62473e-12
      2694.00  1.58523e-12
      2696.00  1.59071e-12
      2697.80  1.75015e-12
      2699.60  1.57282e-12
      2701.60  1.63477e-12
      2703.40  1.78734e-12
      2705.20  1.87925e-12
      2707.20  1.77118e-12
      2709.00  1.78614e-12
      2710.80  1.78984e-12
      2712.80  2.00957e-12
      2714.60  1.96013e-12
      2716.40  1.82878e-12
      2718.40  1.75345e-12
      2720.20  1.78172e-12
      2722.20  1.92153e-12
      2724.00  1.82564e-12
      2725.80  1.94626e-12
      2727.80  2.18013e-12
      2729.60  2.19151e-12
      2731.40  2.15818e-12
      2733.40  2.23560e-12
      2735.20  2.30518e-12
      2737.00  2.61707e-12
      2739.00  2.69127e-12
      2740.80  2.61130e-12
      2742.60  2.47307e-12
      2744.60  2.66489e-12
      2746.40  2.73807e-12
      2748.20  2.64312e-12
      2750.20  2.50155e-12
      2752.00  2.62664e-12
      2753.80  2.55120e-12
      2755.80  2.41103e-12
      2757.60  2.34985e-12
      2759.40  2.31971e-12
      2761.40  2.32571e-12
      2763.20  2.23737e-12
      2765.20  2.44027e-12
      2767.00  2.19244e-12
      2768.80  2.33110e-12
      2770.80  2.05542e-12
      2772.60  1.98764e-12
      2774.40  1.98651e-12
      2776.40  1.88770e-12
      2778.20  1.94708e-12
      2780.00  2.13774e-12
      2782.00  2.14921e-12
      2783.80  1.99469e-12
      2785.60  2.00879e-12
      2787.60  2.20701e-12
      2789.40  2.44119e-12
      2791.10  2.16018e-12
      2791.20  2.16018e-12
      2792.90  2.16018e-12
      2793.20  2.16018e-12
      2794.60  2.21900e-12
      2795.00  2.21900e-12
      2796.40  5.05344e-12
      2796.80  2.21900e-12
      2798.10  2.21900e-12
      2798.80  2.21900e-12
      2799.90  2.21900e-12
      2800.60  2.21900e-12
      2801.60  2.21900e-12
      2802.40  2.21900e-12
      2803.40  4.03757e-12
      2804.40  2.21900e-12
      2805.10  2.21900e-12
      2806.20  2.16018e-12
      2806.90  2.16018e-12
      2808.20  2.16018e-12
      2808.60  2.16018e-12
      2810.00  1.89455e-12
      2811.80  1.81569e-12
      2813.80  1.74116e-12
      2815.60  1.70526e-12
      2817.40  1.57188e-12
      2819.40  1.90612e-12
      2821.20  1.90246e-12
      2823.00  1.89226e-12
      2825.00  1.87484e-12
      2826.80  1.86507e-12
      2828.60  1.85891e-12
      2830.60  1.84571e-12
      2832.40  1.78986e-12
      2834.20  1.71612e-12
      2836.20  1.66078e-12
      2838.00  1.65166e-12
      2839.80  1.66894e-12
      2841.80  1.69773e-12
      2843.60  1.72266e-12
      2845.40  1.73707e-12
      2847.40  1.73694e-12
      2849.20  1.73436e-12
      2851.20  1.73746e-12
      2853.00  1.73738e-12
      2854.80  1.73954e-12
      2856.80  1.74059e-12
      2858.60  1.74071e-12
      2860.40  1.73327e-12
      2862.40  1.73579e-12
      2864.20  1.73933e-12
      2866.00  1.72625e-12
      2868.00  1.71078e-12
      2869.80  1.71585e-12
      2871.60  1.76783e-12
      2873.60  1.83667e-12
      2875.40  1.88658e-12
      2877.20  1.89816e-12
      2879.20  1.88148e-12
      2881.00  1.85448e-12
      2882.80  1.86874e-12
      2884.80  1.68030e-12
      2886.60  1.70629e-12
      2888.40  1.72355e-12
      2890.40  1.73443e-12
      2892.20  1.63809e-12
      2894.20  1.59124e-12
      2896.00  1.62350e-12
      2897.80  1.55339e-12
      2899.80  1.62506e-12
      2901.60  1.52803e-12
      2903.40  1.39000e-12
      2905.40  1.38550e-12
      2907.20  1.48809e-12
      2909.00  1.59087e-12
      2911.00  1.62459e-12
      2912.80  1.53718e-12
      2914.60  1.63584e-12
      2916.60  1.64521e-12
      2918.40  1.64393e-12
      2920.20  1.58478e-12
      2922.20  1.77327e-12
      2924.00  1.95430e-12
      2925.80  2.06411e-12
      2927.80  2.11881e-12
      2929.60  2.07158e-12
      2931.40  1.93410e-12
      2933.40  1.91083e-12
      2935.20  1.96934e-12
      2937.20  1.88162e-12
      2939.00  1.97935e-12
      2940.80  1.99262e-12
      2942.80  1.96077e-12
      2944.60  1.97388e-12
      2946.40  1.98976e-12
      2948.40  1.98477e-12
      2950.20  2.00094e-12
      2952.00  1.97556e-12
      2954.00  1.98791e-12
      2955.80  1.86387e-12
      2957.60  1.91945e-12
      2959.60  1.95761e-12
      2961.40  2.02068e-12
      2963.20  2.00411e-12
      2965.20  1.93073e-12
      2967.00  1.94509e-12
      2968.80  1.84783e-12
      2970.80  1.95126e-12
      2972.60  1.90391e-12
      2974.40  1.91612e-12
      2976.40  1.89426e-12
      2978.20  1.80007e-12
      2980.20  1.81091e-12
      2982.00  2.03037e-12
      2983.80  2.07780e-12
      2985.80  1.94174e-12
      2987.60  1.76887e-12
      2989.40  1.60514e-12
      2991.40  1.60179e-12
      2993.20  1.59879e-12
      2995.00  1.59100e-12
      2997.00  1.65525e-12
      2998.80  1.87636e-12
      3000.60  1.91879e-12
      3002.60  1.86400e-12
      3004.40  1.76682e-12
      3006.20  1.51048e-12
      3008.20  1.40998e-12
      3010.00  1.32376e-12
      3011.80  1.38374e-12
      3013.80  1.55767e-12
      3015.60  1.67801e-12
      3017.40  1.71040e-12
      3019.40  1.65959e-12
      3021.20  1.71344e-12
      3023.20  1.71615e-12
      3025.00  1.76836e-12
      3026.80  1.74531e-12
      3028.80  1.72522e-12
      3030.60  1.63828e-12
      3032.40  1.62429e-12
      3034.40  1.71090e-12
      3036.20  1.71552e-12
      3038.00  1.75093e-12
      3040.00  1.72976e-12
      3041.80  1.69149e-12
      3043.60  1.64821e-12
      3045.60  1.61645e-12
      3047.40  1.58976e-12
      3049.20  1.60909e-12
      3051.20  1.66786e-12
      3053.00  1.74118e-12
      3054.80  1.78902e-12
      3056.80  1.71378e-12
      3058.60  1.67876e-12
      3060.40  1.66211e-12
      3062.40  1.71733e-12
      3064.20  1.81294e-12
      3066.20  1.78885e-12
      3068.00  1.82334e-12
      3069.80  1.79340e-12
      3071.80  1.77993e-12
      3073.60  1.71863e-12
      3075.40  1.66888e-12
      3077.40  1.63465e-12
      3079.20  1.72979e-12
      3081.00  1.70988e-12
      3083.00  1.63013e-12
      3084.80  1.56789e-12
      3086.60  1.49883e-12
      3088.60  1.59218e-12
      3090.40  1.78004e-12
      3092.20  1.99033e-12
      3094.20  2.00186e-12
      3096.00  1.96184e-12
      3097.80  1.93899e-12
      3099.80  1.90929e-12
      3101.60  1.87645e-12
      3103.40  1.81098e-12
      3105.40  1.76961e-12
      3107.20  1.78174e-12
      3109.20  1.82177e-12
      3111.00  1.76858e-12
      3112.80  1.61218e-12
      3114.80  1.65684e-12
      3116.60  1.64027e-12
      3118.40  1.65229e-12
      3120.40  1.56341e-12
      3122.20  1.52244e-12
      3124.00  1.54461e-12
      3126.00  1.56033e-12
      3127.80  1.48138e-12
      3129.60  1.47778e-12
      3131.60  1.44110e-12
      3133.40  1.46824e-12
      3135.20  1.43244e-12
      3137.20  1.35278e-12
      3139.00  1.35071e-12
      3140.80  1.29177e-12
      3142.80  1.29252e-12
      3144.60  1.27708e-12
      3146.40  1.20136e-12
      3148.40  1.30975e-12
      3150.20  1.50824e-12
      3152.20  1.74024e-12
      3154.00  1.80753e-12
      3155.80  1.67443e-12
      3157.80  1.76064e-12
      3159.60  1.70741e-12
      3161.40  1.63204e-12
      3163.40  1.52640e-12
      3165.20  1.47830e-12
      3167.00  1.44648e-12
      3169.00  1.54287e-12
      3170.80  1.53859e-12
      3172.60  1.53178e-12
      3174.60  1.57259e-12
      3176.40  1.72084e-12
      3178.20  1.88272e-12
      3180.20  1.89777e-12
      3182.00  1.95712e-12
      3183.80  1.81605e-12
      3185.80  1.67207e-12
      3187.60  1.71424e-12
      3189.40  1.67871e-12
      3191.40  1.80883e-12
      3193.20  1.72082e-12
      3195.20  1.68885e-12
      3197.00  1.55073e-12
      3198.80  1.50241e-12
      3200.80  1.56555e-12
      3202.60  1.62017e-12
      3204.40  1.67115e-12
      3206.40  1.64221e-12
      3208.20  1.55362e-12
      3210.00  1.49921e-12
      3212.00  1.44664e-12
      3213.80  1.44079e-12
      3215.60  1.52234e-12
      3217.60  1.53489e-12
      3219.40  1.43910e-12
      3221.20  1.45130e-12
      3223.20  1.50227e-12
      3225.00  1.63281e-12
      3226.80  1.73036e-12
      3228.80  1.73561e-12
      3230.60  1.73209e-12
      3232.40  1.67692e-12
      3234.40  1.63628e-12
      3236.20  1.45373e-12
      3238.20  1.42439e-12
      3240.00  1.35247e-12
      3241.80  1.47246e-12
      3243.80  1.58814e-12
      3245.60  1.65915e-12
      3247.40  1.64059e-12
      3249.40  1.62734e-12
      3251.20  1.79767e-12
      3253.00  1.96560e-12
      3255.00  2.23575e-12
      3256.80  2.26396e-12
      3258.60  2.09069e-12
      3260.60  2.10060e-12
      3262.40  2.20965e-12
      3264.20  2.21770e-12
      3266.20  2.28694e-12
      3268.00  2.49081e-12
      3269.80  2.65686e-12
      3271.80  2.71195e-12
      3273.60  2.44793e-12
      3275.40  2.26825e-12
      3277.40  2.38917e-12
      3279.20  2.23665e-12
      3281.20  2.11224e-12
      3283.00  2.12476e-12
      3284.80  2.15734e-12
      3286.80  2.23177e-12
      3288.60  2.22516e-12
      3290.40  2.21384e-12
      3292.40  2.33579e-12
      3294.20  2.42803e-12
      3296.00  2.55507e-12
      3298.00  2.55549e-12
      3299.80  2.73049e-12
      3301.60  1.12669e-12
      3303.60  1.01590e-12
      3550.04  9.51497e-13
      3551.78  1.30783e-12
      3553.52  1.40074e-12
      3555.25  1.40723e-12
      3556.99  1.53932e-12
      3558.73  1.35821e-12
      3560.47  8.54097e-13
      3562.21  1.34817e-12
      3563.95  1.26830e-12
      3565.69  1.54836e-12
      3567.42  1.35597e-12
      3569.16  1.35387e-12
      3570.90  1.44177e-12
      3572.64  1.57811e-12
      3574.38  1.53259e-12
      3576.12  1.37334e-12
      3577.86  1.16975e-12
      3579.59  1.22460e-12
      3581.33  1.43962e-12
      3583.07  1.42575e-12
      3584.81  1.44908e-12
      3586.55  1.57570e-12
      3588.29  1.59350e-12
      3590.03  1.51000e-12
      3591.77  1.23150e-12
      3593.50  1.62044e-12
      3595.24  1.01596e-12
      3596.98  1.29405e-12
      3598.72  1.16855e-12
      3600.46  1.23895e-12
      3602.20  1.26150e-12
      3603.94  1.39300e-12
      3605.68  1.33650e-12
      3607.42  1.40442e-12
      3609.15  1.44150e-12
      3610.89  1.34050e-12
      3612.63  1.25950e-12
      3614.37  1.46550e-12
      3616.11  1.25495e-12
      3617.85  1.27407e-12
      3619.59  1.37489e-12
      3621.33  1.38713e-12
      3623.07  1.34057e-12
      3624.80  1.32450e-12
      3626.54  1.09465e-12
      3628.28  9.97394e-13
      3630.02  1.15134e-12
      3631.76  1.59589e-12
      3633.50  1.19933e-12
      3635.24  1.44178e-12
      3636.98  1.27452e-12
      3638.72  1.15019e-12
      3640.46  1.25444e-12
      3642.20  1.28582e-12
      3643.94  1.31593e-12
      3645.67  1.29019e-12
      3647.41  1.43676e-12
      3649.15  1.35959e-12
      3650.89  1.44257e-12
      3652.63  1.20826e-12
      3654.37  1.26693e-12
      3656.11  1.23639e-12
      3657.85  1.29702e-12
      3659.59  1.26583e-12
      3661.33  1.39786e-12
      3663.07  1.26487e-12
      3664.81  1.34873e-12
      3666.55  1.30734e-12
      3668.29  1.28636e-12
      3670.02  1.32887e-12
      3671.76  1.27634e-12
      3673.50  1.51179e-12
      3675.24  1.34628e-12
      3676.98  1.35852e-12
      3678.72  1.51542e-12
      3680.46  1.43779e-12
      3682.20  1.31204e-12
      3683.94  1.11272e-12
      3685.68  1.40859e-12
      3687.42  1.48496e-12
      3689.16  1.24844e-12
      3690.90  1.19270e-12
      3692.64  1.35008e-12
      3694.38  1.27759e-12
      3696.12  1.33384e-12
      3697.86  1.43128e-12
      3699.60  1.43955e-12
      3701.34  1.16994e-12
      3703.08  1.37473e-12
      3704.82  1.70626e-12
      3706.56  1.74686e-12
      3708.30  1.50628e-12
      3710.03  1.50016e-12
      3711.77  1.43104e-12
      3713.51  1.40058e-12
      3715.25  1.12216e-12
      3716.99  1.23032e-12
      3718.73  1.15266e-12
      3720.47  1.57685e-12
      3722.21  1.88627e-12
      3723.95  1.36230e-12
      3725.69  1.09690e-12
      3727.43  1.27515e-12
      3729.17  1.26936e-12
      3730.91  1.14843e-12
      3732.65  1.22449e-12
      3734.39  2.01799e-12
      3736.13  1.89582e-12
      3737.87  1.78895e-12
      3739.61  1.20688e-12
      3741.35  1.05781e-12
      3743.09  1.05476e-12
      3744.83  1.18316e-12
      3746.57  1.43066e-12
      3748.31  1.44406e-12
      3750.05  2.21707e-12
      3751.79  1.90428e-12
      3753.53  1.30272e-12
      3755.27  1.12259e-12
      3757.01  1.07309e-12
      3758.75  1.10037e-12
      3760.49  1.16040e-12
      3762.23  1.12742e-12
      3763.97  1.08941e-12
      3765.71  1.28012e-12
      3767.45  1.40818e-12
      3769.19  1.66711e-12
      3770.93  2.59259e-12
      3772.67  2.03382e-12
      3774.41  1.45129e-12
      3776.15  1.20710e-12
      3777.89  1.04733e-12
      3779.63  9.96919e-13
      3781.37  9.01502e-13
      3783.11  9.36655e-13
      3784.86  9.92024e-13
      3786.60  9.73562e-13
      3788.34  1.15129e-12
      3790.08  1.08032e-12
      3791.82  1.02845e-12
      3793.56  1.31268e-12
      3795.30  1.61746e-12
      3797.04  2.30033e-12
      3798.78  3.34425e-12
      3800.52  2.02809e-12
      3802.26  1.49698e-12
      3804.00  1.12807e-12
      3805.74  1.07054e-12
      3807.48  1.08308e-12
      3809.22  1.02544e-12
      3810.96  8.28428e-13
      3812.70  9.10746e-13
      3814.44  9.95243e-13
      3816.18  1.03156e-12
      3817.92  8.69109e-13
      3819.66  1.02816e-12
      3821.40  1.21535e-12
      3823.15  9.56155e-13
      3824.89  1.10731e-12
      3826.63  1.16494e-12
      3828.37  1.21573e-12
      3830.11  1.45273e-12
      3831.85  1.66218e-12
      3833.59  2.13004e-12
      3835.33  3.48813e-12
      3837.07  3.15905e-12
      3838.81  2.04632e-12
      3840.55  1.47951e-12
      3842.29  1.26651e-12
      3844.03  1.06598e-12
      3845.77  9.97616e-13
      3847.51  8.45330e-13
      3849.26  8.88316e-13
      3851.00  9.21393e-13
      3852.74  8.61531e-13
      3854.48  8.45728e-13
      3856.22  1.02033e-12
      3857.96  8.79027e-13
      3859.70  9.80293e-13
      3861.44  9.04662e-13
      3863.18  8.64777e-13
      3864.92  8.40870e-13
      3866.66  8.72177e-13
      3868.41  8.27294e-13
      3870.15  7.66013e-13
      3871.89  9.55491e-13
      3873.63  9.80044e-13
      3875.37  8.47592e-13
      3877.11  8.64156e-13
      3878.85  1.17813e-12
      3880.59  9.51792e-13
      3882.33  1.06680e-12
      3884.07  1.34234e-12
      3885.82  1.70651e-12
      3887.56  2.65734e-12
      3889.30  4.74798e-12
      3891.04  3.40193e-12
      3892.78  1.96164e-12
      3894.52  1.53280e-12
      3896.26  1.28402e-12
      3898.00  1.12578e-12
      3899.74  1.10529e-12
      3901.49  9.62965e-13
      3903.23  9.70702e-13
      3904.97  1.02413e-12
      3906.71  1.17489e-12
      3908.45  8.27296e-13
      3910.19  7.68804e-13
      3911.93  7.63960e-13
      3913.67  8.87301e-13
      3915.42  7.90882e-13
      3917.16  8.81918e-13
      3918.90  8.64850e-13
      3920.64  8.95311e-13
      3922.38  8.66179e-13
      3924.12  8.31525e-13
      3925.86  8.17287e-13
      3927.61  9.07834e-13
      3929.35  9.83940e-13
      3931.09  1.01468e-12
      3932.83  1.86532e-12
      3934.57  4.22933e-12
      3936.31  1.21328e-12
      3938.05  9.42296e-13
      3939.80  8.73648e-13
      3941.54  8.48080e-13
      3943.28  8.49595e-13
      3945.02  9.56035e-13
      3946.76  8.06964e-13
      3948.50  8.41665e-13
      3950.25  8.46028e-13
      3951.99  8.86266e-13
      3953.73  8.62136e-13
      3955.47  8.78714e-13
      3957.21  9.55249e-13
      3958.95  9.04628e-13
      3960.70  1.00870e-12
      3962.44  1.25198e-12
      3964.18  1.27369e-12
      3965.92  1.71595e-12
      3967.66  2.99458e-12
      3969.40  6.31720e-12
      3971.15  5.37512e-12
      3972.89  2.75582e-12
      3974.63  1.85751e-12
      3976.37  1.43027e-12
      3978.11  1.24246e-12
      3979.85  1.06149e-12
      3981.60  9.99739e-13
      3983.34  9.40688e-13
      3985.08  9.22636e-13
      3986.82  8.91641e-13
      3988.56  8.60652e-13
      3990.31  8.14802e-13
      3992.05  8.17475e-13
      3993.79  8.06282e-13
      3995.53  8.21517e-13
      3997.27  8.69549e-13
      3999.02  8.57342e-13
      4000.76  8.19266e-13
      4002.50  8.26403e-13
      4004.24  8.17883e-13
      4005.98  9.79707e-13
      4007.73  8.55191e-13
      4009.47  8.41788e-13
      4011.21  8.33183e-13
      4012.95  8.44159e-13
      4014.69  8.92077e-13
      4016.44  8.02873e-13
      4018.18  8.73489e-13
      4019.92  7.83688e-13
      4021.66  8.22240e-13
      4023.40  8.62993e-13
      4025.15  9.19396e-13
      4026.89  1.11965e-12
      4028.63  9.08983e-13
      4030.37  8.78281e-13
      4032.12  9.27353e-13
      4033.86  8.77684e-13
      4035.60  8.48168e-13
      4037.34  8.36189e-13
      4039.08  8.07183e-13
      4040.83  8.32319e-13
      4042.57  8.42517e-13
      4044.31  8.55974e-13
      4046.05  9.75387e-13
      4047.80  8.37181e-13
      4049.54  7.88416e-13
      4051.28  8.34835e-13
      4053.02  8.56605e-13
      4054.77  8.53545e-13
      4056.51  8.48821e-13
      4058.25  8.85311e-13
      4059.99  8.63155e-13
      4061.74  8.55198e-13
      4063.48  9.62700e-13
      4065.22  8.87357e-13
      4066.96  8.83767e-13
      4068.71  8.74047e-13
      4070.45  8.79976e-13
      4072.19  9.45214e-13
      4073.93  8.40142e-13
      4075.68  8.67775e-13
      4077.42  1.02592e-12
      4079.16  9.85223e-13
      4080.90  8.97338e-13
      4082.65  8.40447e-13
      4084.39  9.21534e-13
      4086.13  9.38818e-13
      4087.87  9.06399e-13
      4089.62  9.47558e-13
      4091.36  1.00991e-12
      4093.10  1.07117e-12
      4094.84  1.25880e-12
      4096.59  1.53286e-12
      4098.33  2.05175e-12
      4100.07  3.15888e-12
      4101.82  6.12161e-12
      4103.56  4.62861e-12
      4105.30  2.50706e-12
      4107.04  1.85343e-12
      4108.79  1.41806e-12
      4110.53  1.24266e-12
      4112.27  1.07904e-12
      4114.02  1.05662e-12
      4115.76  9.35535e-13
      4117.50  9.15285e-13
      4119.24  9.48402e-13
      4120.99  9.36853e-13
      4122.73  9.38154e-13
      4124.47  8.82262e-13
      4126.22  9.02023e-13
      4127.96  9.37100e-13
      4129.70  8.94743e-13
      4131.44  9.29935e-13
      4133.19  9.92969e-13
      4134.93  9.04836e-13
      4136.67  8.79109e-13
      4138.42  8.65240e-13
      4140.16  8.57578e-13
      4141.90  8.44108e-13
      4143.65  9.62969e-13
      4145.39  9.22968e-13
      4147.13  8.66304e-13
      4148.88  8.97193e-13
      4150.62  8.72735e-13
      4152.36  8.66200e-13
      4154.11  8.93986e-13
      4155.85  9.23894e-13
      4157.59  9.13719e-13
      4159.34  9.07570e-13
      4161.08  8.90599e-13
      4162.82  8.60943e-13
      4164.56  8.83527e-13
      4166.31  8.57176e-13
      4168.05  9.19634e-13
      4169.79  8.68535e-13
      4171.54  8.98980e-13
      4173.28  9.70098e-13
      4175.02  9.27190e-13
      4176.77  9.14142e-13
      4178.51  9.66768e-13
      4180.25  9.32740e-13
      4182.00  9.08987e-13
      4183.74  8.99540e-13
      4185.49  8.61437e-13
      4187.23  8.99840e-13
      4188.97  9.07108e-13
      4190.72  8.61110e-13
      4192.46  8.97937e-13
      4194.20  8.32210e-13
      4195.95  8.99395e-13
      4197.69  8.65547e-13
      4199.43  9.52242e-13
      4201.18  8.72672e-13
      4202.92  9.56735e-13
      4204.66  8.63178e-13
      4206.41  8.51438e-13
      4208.15  8.46303e-13
      4209.89  8.56637e-13
      4211.64  8.44482e-13
      4213.38  8.21490e-13
      4215.13  9.13286e-13
      4216.87  9.83896e-13
      4218.61  8.06270e-13
      4220.36  8.05025e-13
      4222.10  7.86135e-13
      4223.84  7.61920e-13
      4225.59  8.24714e-13
      4227.33  1.08946e-12
      4229.08  7.68155e-13
      4230.82  7.29758e-13
      4232.56  8.61600e-13
      4234.31  9.98442e-13
      4236.05  8.61989e-13
      4237.79  8.21401e-13
      4239.54  8.67342e-13
      4241.28  8.32585e-13
      4243.03  8.13670e-13
      4244.77  7.97966e-13
      4246.51  8.59722e-13
      4248.26  8.85602e-13
      4250.00  8.70661e-13
      4251.75  9.29219e-13
      4253.49  8.06972e-13
      4255.23  8.94257e-13
      4256.98  8.07872e-13
      4258.72  8.31726e-13
      4260.47  9.13539e-13
      4262.21  8.65407e-13
      4263.95  8.03230e-13
      4265.70  8.10781e-13
      4267.44  8.29937e-13
      4269.19  8.50569e-13
      4270.93  9.09287e-13
      4272.67  9.81340e-13
      4274.42  8.54702e-13
      4276.16  8.50949e-13
      4277.91  8.10242e-13
      4279.65  8.41591e-13
      4281.39  8.32557e-13
      4283.14  8.88613e-13
      4284.88  8.46634e-13
      4286.63  8.59862e-13
      4288.37  8.48059e-13
      4290.12  9.55230e-13
      4291.86  8.80006e-13
      4293.60  8.99800e-13
      4295.35  9.28030e-13
      4297.09  8.70659e-13
      4298.84  9.06887e-13
      4300.58  1.00407e-12
      4302.33  9.26488e-13
      4304.07  9.56635e-13
      4305.81  8.85326e-13
      4307.56  9.44651e-13
      4309.30  9.57328e-13
      4311.05  9.13745e-13
      4312.79  9.25130e-13
      4314.54  9.63926e-13
      4316.28  9.12695e-13
      4318.03  8.42870e-13
      4319.77  8.88687e-13
      4321.51  9.20501e-13
      4323.26  9.17895e-13
      4325.00  9.92468e-13
      4326.75  1.06178e-12
      4328.49  1.02587e-12
      4330.24  1.08043e-12
      4331.98  1.19875e-12
      4333.73  1.38471e-12
      4335.47  1.67663e-12
      4337.22  2.32361e-12
      4338.96  3.70933e-12
      4340.71  7.27329e-12
      4342.45  4.82121e-12
      4344.19  2.67303e-12
      4345.94  1.85570e-12
      4347.68  1.49037e-12
      4349.43  1.27508e-12
      4351.17  1.19621e-12
      4352.92  1.24149e-12
      4354.66  9.60120e-13
      4356.41  9.58722e-13
      4358.15  9.54748e-13
      4359.90  9.20567e-13
      4361.64  8.87839e-13
      4363.39  8.74908e-13
      4365.13  8.77811e-13
      4366.88  9.10379e-13
      4368.62  9.17261e-13
      4370.37  9.27683e-13
      4372.11  8.95111e-13
      4373.86  9.13090e-13
      4375.60  9.68401e-13
      4377.35  9.29865e-13
      4379.09  8.72359e-13
      4380.84  8.65675e-13
      4382.58  9.20497e-13
      4384.33  1.06821e-12
      4386.07  9.86553e-13
      4387.82  9.73383e-13
      4389.56  9.75040e-13
      4391.31  9.18465e-13
      4393.05  9.25757e-13
      4394.80  9.46177e-13
      4396.54  9.45708e-13
      4398.29  9.09568e-13
      4400.03  9.33230e-13
      4401.78  9.42490e-13
      4403.52  9.16123e-13
      4405.27  1.02966e-12
      4407.01  9.04506e-13
      4408.76  9.43400e-13
      4410.50  9.39693e-13
      4412.25  9.27298e-13
      4413.99  9.43111e-13
      4415.74  1.05704e-12
      4417.48  1.05229e-12
      4419.23  9.74291e-13
      4420.97  9.21425e-13
      4422.72  9.53303e-13
      4424.46  9.31762e-13
      4426.21  8.79235e-13
      4427.95  9.57585e-13
      4429.70  9.24263e-13
      4431.45  9.69265e-13
      4433.19  9.71080e-13
      4434.94  9.22077e-13
      4436.68  9.14786e-13
      4438.43  9.32584e-13
      4440.17  1.32407e-12
