      1003.60  9.55513e-15
      1007.00  4.57509e-14
      1008.20  7.31019e-14
      1011.80  7.99422e-14
      1013.00  1.79905e-14
      1015.40  4.80621e-14
      1016.60  8.44258e-14
      1017.60  2.59869e-14
      1018.80  2.22368e-14
      1023.60  1.38264e-14
      1024.80  3.02196e-15
      1026.00  2.37312e-14
      1027.20  2.12060e-14
      1029.40  7.73586e-15
      1030.60  3.36995e-14
      1035.40  3.81183e-14
      1036.60  1.98035e-14
      1044.80  2.38161e-14
      1046.00  7.69873e-15
      1048.40  1.51266e-14
      1050.80  6.55310e-14
      1052.00  6.25875e-14
      1053.00  1.45653e-14
      1056.60  7.78270e-14
      1057.80  5.38553e-14
      1063.80  5.88702e-16
      1069.60  2.39526e-14
      1072.00  4.64483e-15
      1076.60  1.70601e-15
      1079.00  8.78737e-15
      1080.20  1.46434e-14
      1083.80  1.52780e-14
      1086.20  7.36716e-15
      1088.40  1.67559e-14
      1089.60  6.63700e-14
      1094.40  9.86669e-15
      1095.60  3.24147e-14
      1098.00  6.50572e-15
      1099.20  1.49526e-14
      1103.80  3.39526e-14
      1105.00  5.78631e-15
      1106.20  4.66884e-15
      1108.60  1.33090e-14
      1112.00  1.69264e-14
      1113.20  2.07579e-14
      1114.40  1.20463e-15
      1115.60  3.72739e-14
      1116.80  4.65736e-14
      1118.00  3.69902e-14
      1119.20  3.93676e-14
      1120.40  4.45465e-14
      1121.60  1.16767e-14
      1122.60  1.59667e-14
      1125.00  1.06862e-14
      1129.80  6.46136e-15
      1132.20  5.55810e-15
      1133.40  2.75295e-15
      1134.40  5.35871e-14
      1135.60  1.94736e-14
      1136.80  4.25219e-14
      1138.00  1.86521e-14
      1139.20  4.08192e-14
      1140.40  4.07157e-14
      1141.60  9.50990e-14
      1142.80  5.58022e-14
      1144.00  8.46466e-14
      1145.20  9.22032e-14
      1146.20  1.42992e-13
      1147.40  1.18283e-13
      1148.60  1.77796e-13
      1149.80  1.78297e-13
      1151.00  2.78891e-14
      1152.20  3.01169e-14
      1153.40  3.07526e-14
      1154.60  2.91148e-14
      1155.80  2.93600e-14
      1157.00  3.87425e-14
      1158.00  4.40970e-14
      1159.20  3.99463e-14
      1160.40  5.69500e-14
      1161.60  8.36413e-14
      1162.80  5.82423e-14
      1164.00  4.06611e-14
      1165.20  3.73635e-14
      1166.40  4.20371e-14
      1167.60  3.86351e-14
      1168.80  4.17485e-14
      1169.80  4.23875e-14
      1171.00  5.58682e-14
      1172.20  9.16989e-14
      1173.40  1.32900e-13
      1174.60  1.48158e-13
      1175.80  1.49180e-13
      1177.00  1.11343e-13
      1178.20  7.50297e-14
      1179.40  5.53907e-14
      1180.60  4.49391e-14
      1181.60  3.92066e-14
      1182.80  3.56431e-14
      1184.00  3.87107e-14
      1185.20  3.58973e-14
      1186.40  3.33417e-14
      1187.60  3.95094e-14
      1188.80  3.81230e-14
      1190.00  3.61761e-14
      1191.20  3.81714e-14
      1192.40  3.81714e-14
      1193.40  3.81714e-14
      1194.60  3.81714e-14
      1195.80  3.81714e-14
      1197.00  3.81714e-14
      1198.20  3.81714e-14
      1199.40  3.81714e-14
      1200.91  3.81714e-14
      1202.61  3.81714e-14
      1204.41  3.80539e-14
      1206.11  2.23118e-13
      1207.91  3.80539e-14
      1209.61  3.80539e-14
      1211.41  3.80539e-14
      1213.11  9.79018e-14
      1214.91  1.23017e-12
      1216.61  1.36287e-12
      1218.41  1.58820e-13
      1220.11  3.81714e-14
      1221.91  3.81714e-14
      1223.61  3.81714e-14
      1225.41  3.81714e-14
      1227.11  3.81714e-14
      1228.91  3.81714e-14
      1231.20  3.97895e-14
      1232.40  4.07554e-14
      1233.60  4.15908e-14
      1234.80  4.03385e-14
      1236.00  4.77261e-14
      1237.20  5.26605e-14
      1238.40  4.91511e-14
      1239.40  5.08317e-14
      1240.60  5.19510e-14
      1241.80  5.08067e-14
      1243.00  4.66796e-14
      1244.20  4.92517e-14
      1245.40  5.04352e-14
      1246.60  5.11222e-14
      1247.80  5.28610e-14
      1249.00  4.68370e-14
      1250.20  4.48372e-14
      1251.20  4.32581e-14
      1252.40  4.14719e-14
      1253.60  4.12776e-14
      1254.80  4.01902e-14
      1256.00  4.61505e-14
      1257.20  4.28516e-14
      1258.40  3.90754e-14
      1259.60  3.94260e-14
      1260.80  4.21907e-14
      1262.00  4.83963e-14
      1263.00  4.60732e-14
      1264.20  4.58096e-14
      1265.40  4.27483e-14
      1266.60  4.41177e-14
      1267.80  4.80441e-14
      1269.00  4.61212e-14
      1270.20  4.47727e-14
      1271.40  4.18655e-14
      1272.60  4.23889e-14
      1273.80  4.79190e-14
      1274.80  4.68159e-14
      1276.00  4.24268e-14
      1277.20  4.48038e-14
      1278.40  4.26900e-14
      1279.60  4.79680e-14
      1280.80  4.26593e-14
      1282.00  4.53809e-14
      1283.20  4.46980e-14
      1284.40  4.43985e-14
      1285.60  4.74969e-14
      1286.60  4.80545e-14
      1287.80  5.16472e-14
      1289.00  4.73967e-14
      1290.20  5.56777e-14
      1291.40  4.87310e-14
      1292.60  5.07290e-14
      1293.80  5.39650e-14
      1295.00  5.90660e-14
      1296.20  6.45412e-14
      1297.40  6.94713e-14
      1298.40  6.69067e-14
      1299.60  5.93141e-14
      1300.80  6.31978e-14
      1302.00  6.27450e-14
      1303.20  6.61355e-14
      1304.40  5.65117e-14
      1305.60  5.02401e-14
      1306.80  5.13639e-14
      1308.00  4.80129e-14
      1309.20  4.25851e-14
      1310.20  4.87099e-14
      1311.40  5.42684e-14
      1312.60  4.79850e-14
      1313.80  4.74250e-14
      1315.00  4.64775e-14
      1316.20  4.71626e-14
      1317.40  4.68089e-14
      1318.60  4.25100e-14
      1319.80  4.82335e-14
      1320.80  4.33057e-14
      1322.00  4.45730e-14
      1323.20  4.79391e-14
      1324.40  4.86574e-14
      1325.60  4.84494e-14
      1326.80  4.78985e-14
      1328.00  4.28221e-14
      1329.20  4.92567e-14
      1330.40  4.87653e-14
      1331.60  5.24688e-14
      1332.60  6.97772e-14
      1333.80  8.11929e-14
      1335.00  8.87105e-14
      1336.20  8.78145e-14
      1337.40  7.96743e-14
      1338.60  6.29537e-14
      1339.80  5.08403e-14
      1341.00  4.14399e-14
      1342.20  4.75443e-14
      1343.40  4.93524e-14
      1344.40  4.47905e-14
      1345.60  4.79600e-14
      1346.80  4.38081e-14
      1348.00  4.64500e-14
      1349.20  4.26583e-14
      1350.40  3.93102e-14
      1351.60  4.25918e-14
      1352.80  4.37079e-14
      1354.00  4.62813e-14
      1355.20  4.92128e-14
      1356.20  4.62159e-14
      1357.40  4.22062e-14
      1358.60  4.21283e-14
      1359.80  4.29818e-14
      1361.00  4.36460e-14
      1362.20  4.22427e-14
      1363.40  4.46318e-14
      1364.60  4.70486e-14
      1365.80  4.80976e-14
      1367.00  4.61562e-14
      1368.00  4.39600e-14
      1369.20  4.52608e-14
      1370.40  4.15648e-14
      1371.60  4.43030e-14
      1372.80  5.10312e-14
      1374.00  4.60847e-14
      1375.20  4.26052e-14
      1376.40  3.91435e-14
      1377.60  4.43352e-14
      1378.80  4.54239e-14
      1379.80  4.08963e-14
      1381.00  4.45558e-14
      1382.20  4.82353e-14
      1383.40  4.08729e-14
      1384.60  4.21714e-14
      1385.80  4.36902e-14
      1387.00  4.35642e-14
      1388.20  4.81519e-14
      1389.40  5.25185e-14
      1390.60  6.24362e-14
      1391.60  8.10412e-14
      1392.80  1.00153e-13
      1394.00  1.02893e-13
      1395.20  9.26078e-14
      1396.40  7.05978e-14
      1397.60  5.68754e-14
      1398.80  5.88907e-14
      1400.00  6.65923e-14
      1401.20  8.05681e-14
      1402.40  8.10262e-14
      1403.40  7.89699e-14
      1404.60  7.67995e-14
      1405.80  5.80131e-14
      1407.00  4.90894e-14
      1408.20  4.57146e-14
      1409.40  4.95847e-14
      1410.60  4.24811e-14
      1411.80  4.11333e-14
      1413.00  4.47638e-14
      1414.00  4.58225e-14
      1415.20  4.55070e-14
      1416.40  4.74356e-14
      1417.60  4.69785e-14
      1418.80  4.68301e-14
      1420.00  4.31786e-14
      1421.20  4.26076e-14
      1422.40  4.72380e-14
      1423.60  4.51300e-14
      1424.80  4.57667e-14
      1425.80  4.49073e-14
      1427.00  4.23294e-14
      1428.20  4.35301e-14
      1429.40  4.42905e-14
      1430.60  4.60410e-14
      1431.80  4.44690e-14
      1433.00  4.87692e-14
      1434.20  4.36579e-14
      1435.40  4.19227e-14
      1436.60  4.27671e-14
      1437.60  4.27548e-14
      1438.80  4.24984e-14
      1440.00  4.28038e-14
      1441.20  4.11058e-14
      1442.40  4.30422e-14
      1443.60  4.44090e-14
      1444.80  4.62784e-14
      1446.00  4.48014e-14
      1447.20  4.50455e-14
      1448.40  4.44403e-14
      1449.40  4.47610e-14
      1450.60  4.86404e-14
      1451.80  4.53344e-14
      1453.00  4.19205e-14
      1454.20  4.20269e-14
      1455.40  4.51419e-14
      1456.60  4.51939e-14
      1457.80  4.84430e-14
      1459.00  4.63717e-14
      1460.20  4.45740e-14
      1461.20  4.52700e-14
      1462.40  4.65769e-14
      1463.60  4.33665e-14
      1464.80  4.51431e-14
      1466.00  4.88284e-14
      1467.20  4.68344e-14
      1468.40  4.84026e-14
      1469.60  5.06712e-14
      1470.80  4.86868e-14
      1472.00  4.55094e-14
      1473.00  4.68817e-14
      1474.20  4.93235e-14
      1475.40  4.75285e-14
      1476.60  4.86251e-14
      1477.80  4.90508e-14
      1479.00  4.59100e-14
      1480.20  4.80601e-14
      1481.40  5.10459e-14
      1482.60  4.66242e-14
      1483.80  4.77796e-14
      1484.80  5.12378e-14
      1486.00  4.97474e-14
      1487.20  5.35441e-14
      1488.40  4.97907e-14
      1489.60  5.18963e-14
      1490.80  4.78872e-14
      1492.00  4.83944e-14
      1493.20  4.90144e-14
      1494.40  5.15330e-14
      1495.60  5.14299e-14
      1496.60  5.04506e-14
      1497.80  5.15055e-14
      1499.00  5.18028e-14
      1500.20  5.30295e-14
      1501.40  5.29713e-14
      1502.60  5.32747e-14
      1503.80  4.77710e-14
      1505.00  4.84155e-14
      1506.20  4.71595e-14
      1507.40  4.79457e-14
      1508.40  4.65845e-14
      1509.60  4.56130e-14
      1510.80  4.76201e-14
      1512.00  4.92397e-14
      1513.20  4.56080e-14
      1514.40  4.18376e-14
      1515.60  4.22034e-14
      1516.80  4.18563e-14
      1518.00  4.60254e-14
      1519.00  5.11861e-14
      1520.20  4.82503e-14
      1521.40  4.72698e-14
      1522.60  4.85269e-14
      1523.80  4.98885e-14
      1525.00  5.49071e-14
      1526.20  4.95836e-14
      1527.40  4.68436e-14
      1528.60  5.17483e-14
      1529.80  5.47622e-14
      1530.80  5.14762e-14
      1532.00  5.01197e-14
      1533.20  4.90330e-14
      1534.40  5.18524e-14
      1535.60  4.80797e-14
      1536.80  4.80797e-14
      1538.00  4.80797e-14
      1539.20  4.80797e-14
      1540.40  4.80797e-14
      1541.60  4.80797e-14
      1542.60  4.80797e-14
      1543.80  4.80797e-14
      1545.00  4.80797e-14
      1546.20  5.32825e-14
      1547.40  6.29160e-14
      1548.60  6.70349e-14
      1549.80  6.69766e-14
      1551.00  6.28005e-14
      1552.20  5.82284e-14
      1553.40  4.81669e-14
      1554.40  4.80797e-14
      1555.60  4.80797e-14
      1556.80  4.80797e-14
      1558.00  4.80797e-14
      1559.20  4.80797e-14
      1560.40  4.80797e-14
      1561.60  4.80797e-14
      1562.80  4.80797e-14
      1564.00  4.80797e-14
      1565.20  5.27704e-14
      1566.20  5.36823e-14
      1567.40  5.30049e-14
      1568.60  5.08442e-14
      1569.80  5.10865e-14
      1571.00  4.99324e-14
      1572.20  4.60166e-14
      1573.40  4.90855e-14
      1574.60  4.76872e-14
      1575.80  5.01216e-14
      1577.00  5.15695e-14
      1578.00  5.36900e-14
      1579.20  5.23702e-14
      1580.40  5.52958e-14
      1581.60  5.25469e-14
      1582.80  5.03581e-14
      1584.00  5.04424e-14
      1585.20  5.08784e-14
      1586.40  5.19805e-14
      1587.60  4.87749e-14
      1588.80  4.99203e-14
      1589.80  4.91736e-14
      1591.00  4.89049e-14
      1592.20  4.91950e-14
      1593.40  4.90277e-14
      1594.60  5.14785e-14
      1595.80  5.16765e-14
      1597.00  5.00180e-14
      1598.20  4.75029e-14
      1599.40  4.89959e-14
      1600.60  4.93216e-14
      1601.60  4.60277e-14
      1602.80  5.03456e-14
      1604.00  5.02964e-14
      1605.20  4.79053e-14
      1606.40  4.66909e-14
      1607.60  4.87042e-14
      1608.80  5.34207e-14
      1610.00  4.92893e-14
      1611.20  4.69990e-14
      1612.40  4.57608e-14
      1613.40  4.68436e-14
      1614.60  5.01318e-14
      1615.80  4.80644e-14
      1617.00  4.39114e-14
      1618.20  4.47075e-14
      1619.40  4.88885e-14
      1620.60  5.16544e-14
      1621.80  5.03432e-14
      1623.00  4.80941e-14
      1624.00  4.88866e-14
      1625.20  4.74340e-14
      1626.40  4.69854e-14
      1627.60  4.83370e-14
      1628.80  4.55133e-14
      1630.00  4.62505e-14
      1631.20  4.80703e-14
      1632.40  4.88620e-14
      1633.60  5.03495e-14
      1634.80  5.32222e-14
      1635.80  5.41499e-14
      1637.00  5.41013e-14
      1638.20  6.51144e-14
      1639.40  6.80709e-14
      1640.60  7.11866e-14
      1641.80  7.05838e-14
      1643.00  6.28471e-14
      1644.20  5.54403e-14
      1645.40  4.95158e-14
      1646.60  4.87296e-14
      1647.60  4.88255e-14
      1648.80  4.97003e-14
      1650.00  4.38846e-14
      1651.20  4.45547e-14
      1652.40  4.98799e-14
      1653.60  4.81693e-14
      1654.80  4.97995e-14
      1656.00  5.33383e-14
      1657.20  5.60617e-14
      1658.40  5.62645e-14
      1659.40  5.45002e-14
      1660.60  5.17325e-14
      1661.80  5.08823e-14
      1663.00  5.06105e-14
      1664.20  4.86107e-14
      1665.40  5.01009e-14
      1666.60  4.93173e-14
      1667.80  4.76388e-14
      1669.00  4.76406e-14
      1670.20  4.50219e-14
      1671.20  4.64274e-14
      1672.40  4.86033e-14
      1673.60  4.92696e-14
      1674.80  4.98803e-14
      1676.00  4.80964e-14
      1677.20  4.80455e-14
      1678.40  4.87720e-14
      1679.60  4.49317e-14
      1680.80  4.60023e-14
      1682.00  4.79818e-14
      1683.00  4.75392e-14
      1684.20  4.66453e-14
      1685.40  4.53301e-14
      1686.60  4.37464e-14
      1687.80  4.67025e-14
      1689.00  4.89016e-14
      1690.20  4.70107e-14
      1691.40  4.77499e-14
      1692.60  4.91072e-14
      1693.80  4.99444e-14
      1694.80  5.22554e-14
      1696.00  4.94580e-14
      1697.20  4.64709e-14
      1698.40  4.80836e-14
      1699.60  4.94488e-14
      1700.80  4.82450e-14
      1702.00  4.91347e-14
      1703.20  4.59344e-14
      1704.40  4.57206e-14
      1705.60  4.70791e-14
      1706.60  4.71874e-14
      1707.80  4.69898e-14
      1709.00  4.46357e-14
      1710.20  4.52132e-14
      1711.40  4.78770e-14
      1712.60  4.89295e-14
      1713.80  4.80486e-14
      1715.00  4.91833e-14
      1716.20  4.94969e-14
      1717.40  4.76189e-14
      1718.40  4.99734e-14
      1719.60  5.22700e-14
      1720.80  5.06275e-14
      1722.00  4.84170e-14
      1723.20  4.61029e-14
      1724.40  4.64436e-14
      1725.60  4.86169e-14
      1726.80  4.78936e-14
      1728.00  4.77140e-14
      1729.00  4.85418e-14
      1730.20  4.72239e-14
      1731.40  4.73530e-14
      1732.60  4.56779e-14
      1733.80  4.53352e-14
      1735.00  4.65439e-14
      1736.20  4.88905e-14
      1737.40  4.89377e-14
      1738.60  4.79584e-14
      1739.80  4.91892e-14
      1740.80  4.82932e-14
      1742.00  4.65244e-14
      1743.20  4.63918e-14
      1744.40  4.73911e-14
      1745.60  4.79703e-14
      1746.80  5.00223e-14
      1748.00  5.17107e-14
      1749.20  5.03003e-14
      1750.40  4.99223e-14
      1751.60  5.00176e-14
      1752.60  4.86501e-14
      1753.80  5.03210e-14
      1755.00  5.11380e-14
      1756.20  5.05355e-14
      1757.40  5.11997e-14
      1758.60  5.08428e-14
      1759.80  4.82093e-14
      1761.00  4.65519e-14
      1762.20  4.97224e-14
      1763.40  5.15373e-14
      1764.40  5.07411e-14
      1765.60  4.89242e-14
      1766.80  5.04734e-14
      1768.00  5.08311e-14
      1769.20  4.97565e-14
      1770.40  4.94334e-14
      1771.60  4.85568e-14
      1772.80  4.94483e-14
      1774.00  5.05394e-14
      1775.20  5.10576e-14
      1776.20  5.12772e-14
      1777.40  5.06808e-14
      1778.60  4.96404e-14
      1779.80  4.95201e-14
      1781.00  4.82671e-14
      1782.20  4.97864e-14
      1783.40  5.01232e-14
      1784.60  5.11119e-14
      1785.80  5.13053e-14
      1787.00  5.07319e-14
      1788.00  4.79172e-14
      1789.20  4.55084e-14
      1790.40  4.09348e-14
      1791.60  3.47778e-14
      1792.80  3.23975e-14
      1794.00  3.59828e-14
      1795.20  4.06214e-14
      1796.40  4.40603e-14
      1797.60  4.67317e-14
      1798.80  4.82999e-14
      1799.80  4.82032e-14
      1801.00  4.96722e-14
      1802.20  4.98520e-14
      1803.40  4.96218e-14
      1804.60  4.87157e-14
      1805.80  5.04266e-14
      1807.00  5.07720e-14
      1808.20  5.15281e-14
      1809.40  5.08114e-14
      1810.60  5.04305e-14
      1811.60  4.88581e-14
      1812.80  4.80953e-14
      1814.00  4.82763e-14
      1815.20  4.93331e-14
      1816.40  4.95201e-14
      1817.60  5.16790e-14
      1818.80  5.06550e-14
      1820.00  4.96972e-14
      1821.20  4.82114e-14
      1822.40  4.81142e-14
      1823.40  4.84084e-14
      1824.60  4.91839e-14
      1825.80  4.94758e-14
      1827.00  5.00802e-14
      1828.20  4.98659e-14
      1829.40  4.87071e-14
      1830.60  4.72052e-14
      1831.80  4.70713e-14
      1833.00  4.58955e-14
      1834.00  4.56240e-14
      1835.20  4.58735e-14
      1836.40  4.66642e-14
      1837.60  4.65709e-14
      1838.80  4.66884e-14
      1840.00  4.70355e-14
      1841.20  4.64092e-14
      1842.40  4.72645e-14
      1843.60  4.76531e-14
      1844.80  4.65205e-14
      1845.80  4.66950e-14
      1847.00  4.70275e-14
      1848.20  4.77064e-14
      1849.40  4.69381e-14
      1850.60  4.83766e-14
      1851.80  4.91410e-14
      1853.00  4.99777e-14
      1854.20  4.97581e-14
      1855.40  4.97468e-14
      1856.60  4.93321e-14
      1857.60  5.01144e-14
      1858.80  5.04274e-14
      1860.00  5.03231e-14
      1861.20  4.97888e-14
      1862.40  5.03471e-14
      1863.60  4.90312e-14
      1864.80  4.94498e-14
      1866.00  4.82643e-14
      1867.20  4.68514e-14
      1868.40  4.51189e-14
      1869.40  4.65656e-14
      1870.60  4.61248e-14
      1871.80  4.73438e-14
      1873.00  4.71447e-14
      1874.20  4.71121e-14
      1875.40  4.63780e-14
      1876.60  4.66638e-14
      1877.80  4.55117e-14
      1879.00  4.54481e-14
      1880.20  4.54850e-14
      1881.20  4.68298e-14
      1882.40  4.65369e-14
      1883.60  4.72337e-14
      1884.80  4.59861e-14
      1886.00  4.63760e-14
      1887.20  4.59030e-14
      1888.40  4.69426e-14
      1889.60  4.61304e-14
      1890.80  4.69836e-14
      1892.00  4.72634e-14
      1893.00  4.80654e-14
      1894.20  4.76197e-14
      1895.40  4.77911e-14
      1896.60  4.76374e-14
      1897.80  4.74252e-14
      1899.00  4.66802e-14
      1900.20  4.70289e-14
      1901.40  4.65957e-14
      1902.60  4.63479e-14
      1903.80  4.52251e-14
      1904.80  4.52073e-14
      1906.00  4.49736e-14
      1907.20  4.62921e-14
      1908.40  4.64444e-14
      1909.60  4.69174e-14
      1910.80  4.63446e-14
      1912.00  4.66626e-14
      1913.20  4.67929e-14
      1914.40  4.71433e-14
      1915.60  4.70279e-14
      1916.60  4.77751e-14
      1917.80  4.67454e-14
      1919.00  4.63368e-14
      1920.20  4.53475e-14
      1921.40  4.55416e-14
      1922.60  4.64887e-14
      1923.80  4.68581e-14
      1925.00  4.62015e-14
      1926.20  4.69709e-14
      1927.40  4.81150e-14
      1928.40  4.83188e-14
      1929.60  4.84194e-14
      1930.80  4.79256e-14
      1932.00  4.71371e-14
      1933.20  4.72495e-14
      1934.40  4.59174e-14
      1935.60  4.63747e-14
      1936.80  4.52845e-14
      1938.00  4.55828e-14
      1939.00  4.52257e-14
      1940.20  4.60027e-14
      1941.40  4.56072e-14
      1942.60  4.55127e-14
      1943.80  4.52148e-14
      1945.00  4.47235e-14
      1946.20  4.48596e-14
      1947.40  4.47696e-14
      1948.60  4.50121e-14
      1949.80  4.50672e-14
      1950.80  4.52761e-14
      1952.00  4.60783e-14
      1953.20  4.62616e-14
      1954.40  4.69748e-14
      1955.60  4.70968e-14
      1956.80  4.73727e-14
      1958.00  4.64030e-14
      1959.20  4.66431e-14
      1960.40  4.67491e-14
      1961.60  4.66462e-14
      1962.60  4.64906e-14
      1963.80  4.66410e-14
      1965.00  4.64324e-14
      1966.20  4.54715e-14
      1967.40  4.46468e-14
      1968.60  4.42429e-14
      1969.80  4.46380e-14
      1971.00  4.45816e-14
      1972.20  4.38932e-14
      1973.40  4.40264e-14
      1974.40  4.41421e-14
      1975.60  4.48061e-14
      1976.80  4.50004e-14
      1978.00  4.54744e-14
      1979.20  4.53028e-14
      1980.40  4.54754e-14
      1981.60  4.56743e-14
      1982.80  4.67692e-14
      2000.40  1.31751e-13
      2002.20  6.46224e-14
      2004.20  9.17843e-14
      2006.00  6.04723e-14
      2008.00  1.23626e-13
      2009.80  9.39955e-15
      2011.60  1.34984e-13
      2013.60  1.66588e-13
      2015.40  2.60869e-14
      2017.20  1.06766e-13
      2019.20  1.69205e-13
      2021.00  1.20551e-13
      2022.80  1.35534e-13
      2024.80 -1.95377e-14
      2026.60  1.05768e-13
      2028.40  7.61818e-14
      2030.40  4.44154e-14
      2032.20  2.00335e-13
      2034.00  1.04919e-13
      2036.00 -6.84392e-15
      2037.80  4.96113e-14
      2039.60  8.50153e-14
      2041.60  2.05640e-13
      2043.40  1.92296e-13
      2045.40  5.75236e-14
      2047.20  7.62267e-14
      2049.00  1.38474e-13
      2051.00  7.50022e-14
      2052.80  2.77972e-14
      2054.60  1.34136e-13
      2056.60  1.81273e-13
      2058.40  1.93600e-13
      2060.20 -8.04280e-15
      2062.20  7.36765e-14
      2064.00  1.47691e-13
      2065.80  6.96631e-14
      2067.80  1.38843e-13
      2069.60  1.64226e-13
      2071.40  4.79167e-14
      2073.40  8.12857e-14
      2075.20  2.01688e-14
      2077.00  1.31894e-13
      2079.00  1.75910e-13
      2080.80  9.34576e-14
      2082.60  9.42258e-15
      2084.60  1.59310e-13
      2086.40  6.19444e-14
      2088.40 -1.84184e-14
      2090.20 -2.38687e-14
      2092.00  4.54056e-14
      2094.00  1.15994e-13
      2095.80  2.05819e-13
      2097.60  1.30794e-13
      2099.60  1.06786e-13
      2101.40  1.10406e-13
      2103.20  1.08833e-13
      2105.20  1.71720e-13
      2107.00  2.29259e-14
      2108.80  1.43369e-13
      2110.80  1.85132e-13
      2112.60  2.55178e-15
      2114.40 -2.83134e-14
      2116.40  3.99998e-14
      2118.20  1.92285e-16
      2120.00  2.02809e-14
      2122.00  7.97460e-14
      2123.80  2.49786e-14
      2125.60  4.78651e-14
      2127.60  1.79927e-13
      2129.40  8.96666e-14
      2131.40 -6.02417e-14
      2133.20  3.40367e-14
      2135.00  1.33673e-13
      2137.00  1.52544e-13
      2138.80  4.41499e-14
      2140.60  1.22974e-13
      2142.60  2.05284e-13
      2144.40  1.03904e-13
      2146.20  1.61706e-14
      2148.20  1.18492e-13
      2150.00  2.14640e-13
      2151.80  7.87567e-14
      2153.80 -1.18555e-14
      2155.60  3.08922e-14
      2157.40  5.53542e-14
      2159.40 -7.36505e-15
      2161.20  5.20617e-14
      2163.00  9.36065e-14
      2165.00  1.69283e-13
      2166.80  6.22451e-14
      2168.60 -3.80679e-14
      2170.60  1.48106e-13
      2172.40 -1.11265e-13
      2174.40  7.85378e-14
      2176.20  6.67001e-14
      2178.00  8.40535e-14
      2180.00  4.21226e-14
      2181.80  7.12575e-14
      2183.60  9.94173e-14
      2185.60  1.03585e-13
      2187.40  2.02177e-13
      2189.20  5.11835e-14
      2191.20 -5.28254e-15
      2193.00  1.17085e-13
      2194.80  4.56564e-14
      2196.80 -2.03374e-14
      2198.60  3.75381e-14
      2200.40  4.04000e-14
      2202.40 -1.00204e-13
      2204.20  3.49906e-14
      2206.00  2.40154e-13
      2208.00  5.67485e-14
      2209.80  1.40088e-13
      2211.80  2.58535e-13
      2213.60  2.67129e-13
      2215.40  2.85694e-13
      2217.40  4.07809e-13
      2219.20  2.39961e-13
      2221.00  2.77941e-13
      2223.00  3.33449e-13
      2224.80  2.39995e-13
      2226.60  2.91455e-13
      2228.60  2.65893e-13
      2230.40  2.08332e-13
      2232.20  1.41432e-13
      2234.20  4.13497e-13
      2236.00  1.45976e-13
      2237.80  4.15974e-14
      2239.80  3.63004e-13
      2241.60  3.49785e-13
      2243.40  2.17085e-13
      2245.40  4.45845e-13
      2247.20  5.56528e-13
      2249.00  2.77094e-13
      2251.00  3.44828e-14
      2252.80  2.37573e-13
      2254.80  6.87094e-13
      2256.60  3.95539e-13
      2258.40  5.73802e-13
      2260.40  4.38326e-13
      2262.20  4.77028e-13
      2264.00  4.15923e-13
      2266.00  3.99317e-13
      2267.80  3.56713e-13
      2269.60  4.62452e-13
      2271.60  5.77760e-13
      2273.40  4.04570e-13
      2275.20  3.35610e-13
      2277.20  3.17331e-13
      2279.00  1.80533e-13
      2280.80  1.52213e-13
      2282.80  1.59873e-13
      2284.60  2.67526e-13
      2286.40  2.76089e-13
      2288.40  2.49334e-13
      2290.20  2.21442e-13
      2292.00  8.22249e-14
      2294.00  3.71624e-13
      2295.80  4.18994e-13
      2297.80  5.16887e-13
      2299.60  3.67611e-13
      2301.40  3.49637e-13
      2303.40  4.73536e-13
      2305.20  2.47107e-13
      2307.00  1.19674e-13
      2309.00  2.67212e-13
      2310.80  3.73336e-13
      2312.60  2.00686e-13
      2314.60  2.45348e-13
      2316.40  2.81907e-13
      2318.20  1.67762e-13
      2320.20  2.14182e-13
      2322.00  2.99647e-13
      2323.80  3.51690e-13
      2325.80  3.92599e-13
      2327.60  6.24740e-13
      2329.40  3.22284e-13
      2331.40  3.47625e-13
      2333.20  5.33887e-13
      2335.00  6.12393e-13
      2337.00  4.81426e-13
      2338.80  3.66303e-13
      2340.80  3.37194e-13
      2342.60  4.34454e-13
      2344.40  7.18696e-13
      2346.40  6.42660e-13
      2348.20  5.31840e-13
      2350.00  7.76769e-13
      2352.00  6.21572e-13
      2353.80  4.29509e-13
      2355.60  4.19946e-13
      2357.60  5.60413e-13
      2359.40  5.58812e-13
      2361.20  5.47819e-13
      2363.20  5.36903e-13
      2365.00  6.03970e-13
      2366.80  6.70972e-13
      2368.80  5.87530e-13
      2370.60  6.04013e-13
      2372.40  3.59980e-13
      2374.40  4.86284e-13
      2376.20  5.23479e-13
      2378.00  4.36912e-13
      2380.00  5.98523e-13
      2381.80  8.29241e-13
      2383.80  1.16088e-12
      2385.60  1.13356e-12
      2387.40  7.77151e-13
      2389.40  8.80634e-13
      2391.20  5.46446e-13
      2393.00  6.49556e-13
      2395.00  5.91302e-13
      2396.80  7.77589e-13
      2398.60  8.56445e-13
      2400.60  9.22260e-13
      2402.40  8.88484e-13
      2404.20  7.24437e-13
      2406.20  6.57018e-13
      2408.00  7.00645e-13
      2409.80  9.42610e-13
      2411.80  1.01233e-12
      2413.60  8.74842e-13
      2415.40  6.65988e-13
      2417.40  5.37056e-13
      2419.20  4.97665e-13
      2421.00  3.32324e-13
      2423.00  2.39972e-13
      2424.80  2.29668e-13
      2426.80  3.74187e-13
      2428.60  3.73261e-13
      2430.40  3.13050e-13
      2432.40  3.32363e-13
      2434.20  4.28292e-13
      2436.00  3.66064e-13
      2438.00  4.23307e-13
      2439.80  5.45449e-13
      2441.60  4.11070e-13
      2443.60  3.36086e-13
      2445.40  4.04140e-13
      2447.20  5.43209e-13
      2449.20  4.25765e-13
      2451.00  5.46751e-13
      2452.80  6.04018e-13
      2454.80  3.70551e-13
      2456.60  3.03470e-13
      2458.40  3.82806e-13
      2460.40  4.78740e-13
      2462.20  4.24094e-13
      2464.00  3.73534e-13
      2466.00  3.83637e-13
      2467.80  4.96985e-13
      2469.80  5.15733e-13
      2471.60  4.81428e-13
      2473.40  4.76000e-13
      2475.40  5.21819e-13
      2477.20  5.60322e-13
      2479.00  7.12237e-13
      2481.00  7.50022e-13
      2482.80  6.46867e-13
      2484.60  6.37982e-13
      2486.60  5.66872e-13
      2488.40  4.32549e-13
      2490.20  5.12794e-13
      2492.20  6.15939e-13
      2494.00  6.25939e-13
      2495.80  5.82382e-13
      2497.80  4.44296e-13
      2499.60  4.76944e-13
      2501.40  5.72658e-13
      2503.40  4.80061e-13
      2505.20  4.98614e-13
      2507.20  5.25889e-13
      2509.00  5.42862e-13
      2510.80  5.19274e-13
      2512.80  4.70460e-13
      2514.60  5.19244e-13
      2516.40  5.08392e-13
      2518.40  5.39564e-13
      2520.20  5.58589e-13
      2522.00  4.63025e-13
      2524.00  5.29644e-13
      2525.80  7.11850e-13
      2527.60  7.01589e-13
      2529.60  6.82942e-13
      2531.40  6.04104e-13
      2533.20  5.52995e-13
      2535.20  5.46684e-13
      2537.00  5.63821e-13
      2538.80  6.22966e-13
      2540.80  6.17792e-13
      2542.60  7.22049e-13
      2544.40  7.84137e-13
      2546.40  7.26344e-13
      2548.20  7.02378e-13
      2550.20  7.74107e-13
      2552.00  5.92639e-13
      2553.80  4.87974e-13
      2555.80  4.54226e-13
      2557.60  4.55087e-13
      2559.40  4.41115e-13
      2561.40  4.32381e-13
      2563.20  4.69681e-13
      2565.00  4.92394e-13
      2567.00  5.42720e-13
      2568.80  4.68302e-13
      2570.60  3.62999e-13
      2572.60  4.22611e-13
      2574.40  4.70013e-13
      2576.20  5.66906e-13
      2578.20  7.35000e-13
      2580.00  6.46540e-13
      2581.80  5.75836e-13
      2583.80  6.66775e-13
      2585.60  6.02008e-13
      2587.40  6.47158e-13
      2589.40  6.90069e-13
      2591.20  7.39069e-13
      2593.20  5.45589e-13
      2595.00  5.60284e-13
      2596.80  7.64477e-13
      2598.80  9.13902e-13
      2600.60  9.00133e-13
      2602.40  8.46245e-13
      2604.40  8.46982e-13
      2606.20  6.93394e-13
      2608.00  6.74295e-13
      2610.00  6.63108e-13
      2611.80  8.34916e-13
      2613.60  8.86474e-13
      2615.60  9.28373e-13
      2617.40  8.83363e-13
      2619.20  8.80225e-13
      2621.20  8.01520e-13
      2623.00  8.97026e-13
      2624.80  1.00728e-12
      2626.80  1.01850e-12
      2628.60  1.03174e-12
      2630.40  1.06318e-12
      2632.40  1.09200e-12
      2634.20  8.55973e-13
      2636.20  6.56570e-13
      2638.00  5.36698e-13
      2639.80  3.28779e-13
      2641.80  2.84781e-13
      2643.60  2.85972e-13
      2645.40  2.59153e-13
      2647.40  2.06153e-13
      2649.20  2.39526e-13
      2651.00  2.64720e-13
      2653.00  2.81819e-13
      2654.80  2.14856e-13
      2656.60  2.33605e-13
      2658.60  2.75301e-13
      2660.40  2.71804e-13
      2662.20  3.07231e-13
      2664.20  3.63784e-13
      2666.00  3.84967e-13
      2667.80  3.69729e-13
      2669.80  3.86367e-13
      2671.60  3.49637e-13
      2673.40  2.50301e-13
      2675.40  3.07410e-13
      2677.20  3.74189e-13
      2679.20  3.41571e-13
      2681.00  3.02503e-13
      2682.80  2.91216e-13
      2684.80  2.90108e-13
      2686.60  3.12920e-13
      2688.40  3.23763e-13
      2690.40  3.63083e-13
      2692.20  4.19493e-13
      2694.00  4.47083e-13
      2696.00  4.65611e-13
      2697.80  3.47728e-13
      2699.60  3.22011e-13
      2701.60  3.04293e-13
      2703.40  2.95463e-13
      2705.20  2.86099e-13
      2707.20  3.34400e-13
      2709.00  3.43414e-13
      2710.80  3.69129e-13
      2712.80  4.25552e-13
      2714.60  4.54165e-13
      2716.40  4.90699e-13
      2718.40  5.02880e-13
      2720.20  5.14644e-13
      2722.20  4.38546e-13
      2724.00  4.51726e-13
      2725.80  4.69179e-13
      2727.80  5.16200e-13
      2729.60  5.54924e-13
      2731.40  5.96563e-13
      2733.40  5.79240e-13
      2735.20  5.38181e-13
      2737.00  5.65878e-13
      2739.00  6.07558e-13
      2740.80  6.87506e-13
      2742.60  6.58785e-13
      2744.60  7.04509e-13
      2746.40  8.54133e-13
      2748.20  9.74531e-13
      2750.20  1.04868e-12
      2752.00  1.07290e-12
      2753.80  9.57833e-13
      2755.80  7.66149e-13
      2757.60  6.86798e-13
      2759.40  6.74146e-13
      2761.40  6.62292e-13
      2763.20  5.53599e-13
      2765.20  5.28588e-13
      2767.00  5.43265e-13
      2768.80  5.39406e-13
      2770.80  5.60970e-13
      2772.60  6.13791e-13
      2774.40  4.93410e-13
      2776.40  4.27896e-13
      2778.20  4.01999e-13
      2780.00  4.35441e-13
      2782.00  4.68358e-13
      2783.80  4.66871e-13
      2785.60  4.50394e-13
      2787.60  4.04817e-13
      2789.40  4.69549e-13
      2791.20  6.60088e-13
      2793.20  9.89866e-13
      2795.00  1.23693e-12
      2796.80  1.25719e-12
      2798.80  1.22035e-12
      2800.60  1.26399e-12
      2802.40  1.24558e-12
      2804.40  1.22461e-12
      2806.20  1.24427e-12
      2808.20  1.22691e-12
      2810.00  9.20365e-13
      2811.80  6.22360e-13
      2813.80  4.12761e-13
      2815.60  3.37706e-13
      2817.40  3.27739e-13
      2819.40  3.05239e-13
      2821.20  3.47227e-13
      2823.00  3.66344e-13
      2825.00  3.97118e-13
      2826.80  4.32370e-13
      2828.60  4.62875e-13
      2830.60  4.21443e-13
      2832.40  4.15906e-13
      2834.20  4.23565e-13
      2836.20  4.41374e-13
      2838.00  4.48765e-13
      2839.80  4.94896e-13
      2841.80  4.58937e-13
      2843.60  4.44439e-13
      2845.40  4.74070e-13
      2847.40  5.44034e-13
      2849.20  6.26586e-13
      2851.20  6.40139e-13
      2853.00  7.28251e-13
      2854.80  7.22142e-13
      2856.80  7.25375e-13
      2858.60  5.83124e-13
      2860.40  5.21474e-13
      2862.40  4.78566e-13
      2864.20  4.64134e-13
      2866.00  4.80553e-13
      2868.00  5.05731e-13
      2869.80  5.20688e-13
      2871.60  5.49197e-13
      2873.60  5.64603e-13
      2875.40  5.55299e-13
      2877.20  5.76888e-13
      2879.20  5.60936e-13
      2881.00  5.88097e-13
      2882.80  5.32195e-13
      2884.80  5.22176e-13
      2886.60  4.80297e-13
      2888.40  4.51365e-13
      2890.40  4.10481e-13
      2892.20  3.96531e-13
      2894.20  3.80041e-13
      2896.00  3.79619e-13
      2897.80  3.73569e-13
      2899.80  3.52035e-13
      2901.60  3.23995e-13
      2903.40  3.17860e-13
      2905.40  3.23929e-13
      2907.20  3.35367e-13
      2909.00  3.44877e-13
      2911.00  3.32797e-13
      2912.80  2.94521e-13
      2914.60  3.14210e-13
      2916.60  3.44454e-13
      2918.40  3.58926e-13
      2920.20  3.94293e-13
      2922.20  3.96986e-13
      2924.00  4.51799e-13
      2925.80  5.10190e-13
      2927.80  5.86569e-13
      2929.60  5.84067e-13
      2931.40  5.98114e-13
      2933.40  5.79021e-13
      2935.20  5.49472e-13
      2937.20  5.83815e-13
      2939.00  6.15490e-13
      2940.80  5.87521e-13
      2942.80  5.44752e-13
      2944.60  5.61809e-13
      2946.40  5.52899e-13
      2948.40  5.86960e-13
      2950.20  5.63942e-13
      2952.00  5.33126e-13
      2954.00  4.66010e-13
      2955.80  4.76743e-13
      2957.60  4.81905e-13
      2959.60  4.80683e-13
      2961.40  4.84171e-13
      2963.20  5.02599e-13
      2965.20  5.70568e-13
      2967.00  5.85881e-13
      2968.80  6.37212e-13
      2970.80  6.70506e-13
      2972.60  5.62392e-13
      2974.40  5.30457e-13
      2976.40  5.61436e-13
      2978.20  5.71541e-13
      2980.20  5.60526e-13
      2982.00  5.66251e-13
      2983.80  5.73114e-13
      2985.80  5.55143e-13
      2987.60  5.66616e-13
      2989.40  5.36439e-13
      2991.40  4.61834e-13
      2993.20  3.89411e-13
      2995.00  4.07427e-13
      2997.00  4.08767e-13
      2998.80  3.83166e-13
      3000.60  4.07564e-13
      3002.60  4.90105e-13
      3004.40  5.02782e-13
      3006.20  4.52303e-13
      3008.20  3.98200e-13
      3010.00  4.38251e-13
      3011.80  4.04325e-13
      3013.80  3.61517e-13
      3015.60  3.60455e-13
      3017.40  4.09834e-13
      3019.40  4.79656e-13
      3021.20  4.89387e-13
      3023.20  4.77408e-13
      3025.00  4.02229e-13
      3026.80  3.53760e-13
      3028.80  3.61071e-13
      3030.60  3.65211e-13
      3032.40  3.90951e-13
      3034.40  3.74497e-13
      3036.20  3.41951e-13
      3038.00  3.47375e-13
      3040.00  3.74157e-13
      3041.80  4.31311e-13
      3043.60  4.16800e-13
      3045.60  4.04555e-13
      3047.40  4.04476e-13
      3049.20  3.78702e-13
      3051.20  3.19190e-13
      3053.00  2.59455e-13
      3054.80  2.22812e-13
      3056.80  2.50374e-13
      3058.60  3.12011e-13
      3060.40  3.95964e-13
      3062.40  4.44722e-13
      3064.20  4.66290e-13
      3066.20  5.33118e-13
      3068.00  5.32837e-13
      3069.80  4.14219e-13
      3071.80  3.77453e-13
      3073.60  3.38524e-13
      3075.40  3.13308e-13
      3077.40  3.66681e-13
      3079.20  4.21452e-13
      3081.00  4.59166e-13
      3083.00  4.38570e-13
      3084.80  4.01736e-13
      3086.60  3.91664e-13
      3088.60  4.27145e-13
      3090.40  4.42934e-13
      3092.20  4.66123e-13
      3094.20  4.58757e-13
      3096.00  4.98469e-13
      3097.80  4.86084e-13
      3099.80  4.33760e-13
      3101.60  4.03997e-13
      3103.40  3.96791e-13
      3105.40  4.20370e-13
      3107.20  3.93465e-13
      3109.20  3.56689e-13
      3111.00  3.97712e-13
      3112.80  3.84322e-13
      3114.80  3.91080e-13
      3116.60  4.09405e-13
      3118.40  4.50041e-13
      3120.40  4.21159e-13
      3122.20  4.03129e-13
      3124.00  4.40932e-13
      3126.00  4.97665e-13
      3127.80  4.84828e-13
      3129.60  4.88672e-13
      3131.60  4.89285e-13
      3133.40  5.20050e-13
      3135.20  5.11131e-13
      3137.20  4.75308e-13
      3139.00  4.37089e-13
      3140.80  3.93185e-13
      3142.80  3.49132e-13
      3144.60  3.64727e-13
      3146.40  3.80732e-13
      3148.40  4.03605e-13
      3150.20  4.40385e-13
      3152.20  4.96313e-13
      3154.00  5.38198e-13
      3155.80  5.73161e-13
      3157.80  6.32416e-13
      3159.60  5.79447e-13
      3161.40  5.01072e-13
      3163.40  4.69052e-13
      3165.20  4.95347e-13
      3167.00  4.63177e-13
      3169.00  4.46171e-13
      3170.80  4.67398e-13
      3172.60  4.77689e-13
      3174.60  4.65816e-13
      3176.40  5.29152e-13
      3178.20  5.98243e-13
      3180.20  6.13577e-13
      3182.00  6.11087e-13
      3183.80  6.22021e-13
      3185.80  6.19579e-13
      3187.60  6.56899e-13
      3189.40  6.37822e-13
      3191.40  6.18404e-13
      3193.20  5.90689e-13
      3195.20  5.46375e-13
      3197.00  5.17948e-13
      3198.80  4.76657e-13
      3200.80  4.35049e-13
      3202.60  4.68423e-13
      3204.40  4.86399e-13
      3206.40  5.38499e-13
      3208.20  6.27639e-13
      3210.00  7.10485e-13
      3212.00  7.32453e-13
      3213.80  6.76211e-13
      3215.60  5.78880e-13
      3217.60  4.95104e-13
      3219.40  4.50588e-13
      3221.20  4.79768e-13
      3223.20  5.83594e-13
      3225.00  6.86581e-13
      3226.80  7.62037e-13
      3228.80  7.73408e-13
      3230.60  6.72381e-13
      3232.40  5.96497e-13
      3234.40  6.60123e-13
      3236.20  7.29683e-13
      3238.20  6.69104e-13
      3240.00  5.93884e-13
      3241.80  5.67318e-13
      3243.80  4.77677e-13
      3245.60  3.78171e-13
      3247.40  3.90664e-13
      3249.40  4.79600e-13
      3251.20  6.31076e-13
      3253.00  7.50778e-13
      3255.00  8.12360e-13
      3256.80  7.67512e-13
      3258.60  6.37440e-13
      3260.60  5.25412e-13
      3262.40  4.70934e-13
      3264.20  3.75888e-13
      3266.20  3.26967e-13
      3268.00  3.08552e-13
      3269.80  3.51758e-13
      3271.80  4.91188e-13
      3273.60  6.19046e-13
      3275.40  6.88829e-13
      3277.40  6.54316e-13
      3279.20  6.78143e-13
      3281.20  7.50225e-13
      3283.00  7.83148e-13
      3284.80  6.39037e-13
      3286.80  5.37031e-13
      3288.60  4.71612e-13
      3290.40  4.08184e-13
      3292.40  4.39251e-13
      3294.20  4.39777e-13
      3296.00  4.68225e-13
      3298.00  5.46799e-13
      3299.80  6.24815e-13
      3301.60  3.89822e-13
      3303.60  4.08775e-13
      3305.40  3.45839e-13
      3307.20  2.97391e-13
      3309.20  2.88090e-13
      3311.00  2.65057e-13
      3312.80  2.18660e-13
      3314.80  1.82391e-13
      3316.60  2.25701e-13
      3318.40  2.74428e-13
      3320.40  3.32412e-13
      3322.20  3.32161e-13
      3324.20  3.42916e-13
      3326.00  3.16796e-13
      3327.80  2.97858e-13
      3329.80  2.54464e-13
      3331.60  2.53948e-13
      3333.40  2.86163e-13
      3335.40  3.05336e-13
      3337.20  3.11201e-13
      3339.00  3.90611e-13
      3341.00  4.17316e-13
      3342.80  2.60417e-13
      3344.60  2.18830e-13
      3346.60  2.44498e-13
      3348.40  3.08400e-13
      3350.20  3.42319e-13
      3352.20  3.46446e-13
      3354.00  3.15165e-13
      3355.80  1.75184e-13
      3357.80  1.91009e-13
      3359.60  2.59618e-13
      3361.40  2.79820e-13
      3363.40  2.28993e-13
      3365.20  2.05789e-13
      3367.20  1.70940e-13
      3369.00  1.09146e-13
      3370.80  1.01978e-13
      3372.80  2.01026e-13
      3374.60  2.39890e-13
      3376.40  3.03349e-13
      3378.40  3.39992e-13
      3380.20  3.65352e-13
      3382.00  4.35328e-13
      3384.00  4.00725e-13
      3550.06 -2.37500e-13
      3551.80  3.54000e-13
      3553.53 -2.56200e-13
      3555.27  4.12600e-13
      3557.01  7.70700e-13
      3558.75  5.46100e-13
      3560.49  5.43500e-14
      3562.22  1.10100e-13
      3563.96  2.70600e-13
      3565.70  3.19300e-13
      3567.44  2.94000e-13
      3569.17  2.61000e-13
      3570.91  7.10800e-13
      3572.65  9.41300e-14
      3574.39  2.73900e-13
      3576.13  5.37400e-14
      3577.86  3.24900e-13
      3579.60  5.42000e-15
      3581.34  5.47100e-13
      3583.08  3.36700e-13
      3584.82 -2.59500e-14
      3586.56  4.86500e-13
      3588.29  4.28700e-13
      3590.03  2.90300e-13
      3591.77 -4.33600e-13
      3593.51 -5.16300e-14
      3595.25  2.82400e-13
      3596.98  2.67600e-13
      3598.72 -5.46700e-14
      3600.46  8.91100e-14
      3602.20  4.32300e-13
      3603.94  5.20400e-13
      3605.68  5.97000e-13
      3607.41  1.84300e-13
      3609.15  5.95200e-14
      3610.89  2.61000e-13
      3612.63  4.50600e-13
      3614.37  6.91600e-13
      3616.11  7.90100e-14
      3617.84  1.36300e-13
      3619.58  1.45000e-13
      3621.32  1.22600e-14
      3623.06  1.44400e-13
      3624.80  4.04200e-14
      3626.54  3.02000e-13
      3628.27  1.82600e-13
      3630.01  4.08600e-13
      3631.75  3.06200e-13
      3633.49  6.09500e-13
      3635.23  4.63400e-13
      3636.97  3.71700e-13
      3638.71  3.25900e-13
      3640.44  1.87000e-13
      3642.18  1.82200e-13
      3643.92 -5.33900e-15
      3645.66  2.64200e-13
      3647.40  1.33300e-14
      3649.14  5.75600e-13
      3650.88  2.28700e-13
      3652.62  5.31200e-13
      3654.35  1.54200e-13
      3656.09  4.60500e-13
      3657.83  3.61700e-13
      3659.57  1.91800e-13
      3661.31  1.84400e-13
      3663.05  1.40200e-13
      3664.79  4.60400e-13
      3666.53  1.91600e-13
      3668.26  2.04000e-13
      3670.00  2.41100e-13
      3671.74  1.51000e-13
      3673.48  4.21600e-14
      3675.22  2.65300e-13
      3676.96  3.54700e-13
      3678.70  3.64100e-13
      3680.44  2.54300e-13
      3682.18  2.28200e-13
      3683.92  9.92800e-14
      3685.65  1.85400e-13
      3687.39  2.71900e-13
      3689.13  1.89600e-13
      3690.87  3.05500e-13
      3692.61  3.82500e-13
      3694.35  3.57000e-13
      3696.09  3.50100e-13
      3697.83  4.41000e-13
      3699.57  3.03700e-13
      3701.31  2.38200e-13
      3703.05  2.51400e-13
      3704.78  4.39500e-13
      3706.52  5.18600e-13
      3708.26  2.60200e-13
      3710.00  2.46300e-13
      3711.74  3.44300e-13
      3713.48  4.88900e-13
      3715.22  7.35500e-14
      3716.96  1.80000e-13
      3718.70  1.94000e-13
      3720.44  6.01800e-13
      3722.18  5.63100e-13
      3723.92  4.69600e-13
      3725.66  1.13400e-13
      3727.40  4.73900e-13
      3729.14  1.08100e-13
      3730.87  1.43000e-13
      3732.61  3.27100e-13
      3734.35  9.17400e-13
      3736.09  6.17700e-13
      3737.83  6.50700e-13
      3739.57  2.88400e-13
      3741.31  6.55200e-14
      3743.05  2.44900e-13
      3744.79  2.81700e-13
      3746.53  4.78000e-13
      3748.27  4.46100e-13
      3750.01  9.08000e-13
      3751.75  5.53600e-13
      3753.49  3.52800e-13
      3755.23  1.74000e-13
      3756.97  2.73600e-13
      3758.71  2.26900e-13
      3760.45  4.04300e-13
      3762.19  3.33400e-13
      3763.93  1.99300e-13
      3765.67  3.56300e-13
      3767.41  3.42100e-13
      3769.15  3.70500e-13
      3770.89  1.26000e-12
      3772.63  5.47500e-13
      3774.37  2.17500e-13
      3776.11  2.15900e-13
      3777.85  1.23000e-13
      3779.59  1.70600e-13
      3781.33  7.20300e-14
      3783.07  1.26500e-13
      3784.81  7.14100e-14
      3786.55  1.44000e-13
      3788.29  3.24800e-13
      3790.03  2.62200e-13
      3791.77  2.89800e-13
      3793.51  2.26400e-13
      3795.25  3.70200e-13
      3796.99  6.29800e-13
      3798.73  1.66600e-12
      3800.47  5.80700e-13
      3802.21  2.86200e-13
      3803.95  1.62500e-13
      3805.69  8.30700e-14
      3807.43  1.37500e-13
      3809.17  9.79700e-14
      3810.91  3.86900e-14
      3812.65  1.39900e-13
      3814.39  2.45900e-13
      3816.13  2.06200e-13
      3817.87  1.72300e-13
      3819.61  2.78000e-13
      3821.35  4.94500e-13
      3823.09  1.06300e-13
      3824.83  3.31000e-13
      3826.57  1.83600e-13
      3828.31  2.55800e-13
      3830.05  3.41500e-13
      3831.79  2.90700e-13
      3833.53  6.43100e-13
      3835.27  1.90200e-12
      3837.01  1.42600e-12
      3838.75  6.78400e-13
      3840.49  3.20200e-13
      3842.23  2.12600e-13
      3843.97  2.25200e-13
      3845.71  9.44200e-14
      3847.45  1.90900e-13
      3849.19  2.03600e-13
      3850.93  2.11800e-13
      3852.68  1.67500e-13
      3854.42  1.30500e-13
      3856.16  3.44100e-13
      3857.90  2.32400e-13
      3859.64  3.01700e-13
      3861.38  2.27200e-13
      3863.12  1.90000e-13
      3864.86  1.69500e-13
      3866.60  2.41000e-13
      3868.34  1.44600e-13
      3870.08  2.24300e-13
      3871.82  1.83400e-13
      3873.56  1.83200e-13
      3875.30  1.33300e-13
      3877.04  1.48400e-13
      3878.79  3.43100e-13
      3880.53  1.75600e-13
      3882.27  1.54600e-13
      3884.01  2.25600e-13
      3885.75  3.30700e-13
      3887.49  8.40000e-13
      3889.23  3.07300e-12
      3890.97  1.49200e-12
      3892.71  4.15300e-13
      3894.45  2.61100e-13
      3896.19  3.17600e-13
      3897.94  2.03100e-13
      3899.68  3.08600e-13
      3901.42  1.25400e-13
      3903.16  1.96000e-13
      3904.90  2.83500e-13
      3906.64  5.06800e-13
      3908.38  2.67200e-13
      3910.12  1.60000e-13
      3911.86  1.16800e-13
      3913.60  1.92000e-13
      3915.35  1.96400e-13
      3917.09  1.08500e-13
      3918.83  2.39500e-13
      3920.57  1.74800e-13
      3922.31  2.68700e-13
      3924.05  1.75600e-13
      3925.79  8.44100e-14
      3927.53  1.78800e-13
      3929.28  2.56900e-13
      3931.02  3.14700e-13
      3932.76  9.52200e-13
      3934.50  3.77200e-12
      3936.24  5.11900e-13
      3937.98  2.33500e-13
      3939.72  1.98000e-13
      3941.46  1.66100e-13
      3943.21  1.48600e-13
      3944.95  2.22700e-13
      3946.69  1.31800e-13
      3948.43  2.41000e-13
      3950.17  1.88500e-13
      3951.91  1.93900e-13
      3953.65  2.50800e-13
      3955.40  1.56300e-13
      3957.14  1.95200e-13
      3958.88  1.89000e-13
      3960.62  1.71100e-13
      3962.36  2.57200e-13
      3964.10  2.51300e-13
      3965.85  3.88200e-13
      3967.59  1.21500e-12
      3969.33  4.78500e-12
      3971.07  3.63500e-12
      3972.81  9.18500e-13
      3974.55  4.29500e-13
      3976.30  3.01500e-13
      3978.04  2.61100e-13
      3979.78  2.25400e-13
      3981.52  1.91000e-13
      3983.26  2.30600e-13
      3985.00  1.88500e-13
      3986.75  2.14700e-13
      3988.49  1.75700e-13
      3990.23  1.91500e-13
      3991.97  1.79900e-13
      3993.71  2.16300e-13
      3995.45  1.74200e-13
      3997.20  1.97800e-13
      3998.94  1.51900e-13
      4000.68  2.38600e-13
      4002.42  2.36700e-13
      4004.16  2.16700e-13
      4005.91  2.71800e-13
      4007.65  2.16600e-13
      4009.39  2.14200e-13
      4011.13  2.39000e-13
      4012.87  2.40100e-13
      4014.62  2.47500e-13
      4016.36  2.53300e-13
      4018.10  1.92400e-13
      4019.84  1.77000e-13
      4021.58  2.30600e-13
      4023.33  2.32300e-13
      4025.07  2.66400e-13
      4026.81  5.04300e-13
      4028.55  3.34300e-13
      4030.30  2.30400e-13
      4032.04  2.66000e-13
      4033.78  2.31400e-13
      4035.52  1.86800e-13
      4037.26  2.48100e-13
      4039.01  2.66800e-13
      4040.75  2.02100e-13
      4042.49  2.00800e-13
      4044.23  2.29900e-13
      4045.98  2.94300e-13
      4047.72  1.95500e-13
      4049.46  2.39100e-13
      4051.20  2.29200e-13
      4052.95  2.12800e-13
      4054.69  2.48500e-13
      4056.43  2.44100e-13
      4058.17  2.60900e-13
      4059.91  2.39200e-13
      4061.66  2.41500e-13
      4063.40  3.17800e-13
      4065.14  2.68100e-13
      4066.88  2.59100e-13
      4068.63  2.60900e-13
      4070.37  2.21600e-13
      4072.11  2.94000e-13
      4073.85  2.75900e-13
      4075.60  2.42400e-13
      4077.34  3.48300e-13
      4079.08  3.56900e-13
      4080.83  2.40200e-13
      4082.57  1.99200e-13
      4084.31  2.27800e-13
      4086.05  2.59800e-13
      4087.80  2.50100e-13
      4089.54  2.50000e-13
      4091.28  2.59300e-13
      4093.02  2.64500e-13
      4094.77  3.01200e-13
      4096.51  3.41000e-13
      4098.25  4.38700e-13
      4100.00  1.02100e-12
      4101.74  4.31200e-12
      4103.48  2.55800e-12
      4105.22  7.24900e-13
      4106.97  4.60800e-13
      4108.71  3.16900e-13
      4110.45  2.82100e-13
      4112.20  2.57700e-13
      4113.94  2.68400e-13
      4115.68  2.39900e-13
      4117.42  2.15700e-13
      4119.17  2.96700e-13
      4120.91  2.69900e-13
      4122.65  2.85900e-13
      4124.40  2.63800e-13
      4126.14  2.85100e-13
      4127.88  2.39600e-13
      4129.63  2.37900e-13
      4131.37  2.65800e-13
      4133.11  3.21200e-13
      4134.85  2.71000e-13
      4136.60  2.55900e-13
      4138.34  2.67200e-13
      4140.08  2.85100e-13
      4141.83  2.51600e-13
      4143.57  3.15800e-13
      4145.31  3.16200e-13
      4147.06  2.89700e-13
      4148.80  2.86600e-13
      4150.54  2.64500e-13
      4152.29  2.81000e-13
      4154.03  2.71300e-13
      4155.77  2.95300e-13
      4157.52  2.66200e-13
      4159.26  2.73600e-13
      4161.00  2.58900e-13
      4162.75  2.73900e-13
      4164.49  2.71600e-13
      4166.23  2.85200e-13
      4167.98  3.12300e-13
      4169.72  2.66300e-13
      4171.46  3.08100e-13
      4173.21  3.17200e-13
      4174.95  3.09600e-13
      4176.69  2.93600e-13
      4178.44  3.35900e-13
      4180.18  2.99200e-13
      4181.93  3.00200e-13
      4183.67  2.87800e-13
      4185.41  2.93800e-13
      4187.16  3.01200e-13
      4188.90  2.89300e-13
      4190.64  2.90000e-13
      4192.39  2.76200e-13
      4194.13  2.63500e-13
      4195.87  2.56100e-13
      4197.62  2.79500e-13
      4199.36  3.19100e-13
      4201.11  2.41300e-13
      4202.85  3.31900e-13
      4204.59  2.94200e-13
      4206.34  2.75500e-13
      4208.08  2.97900e-13
      4209.82  2.55200e-13
      4211.57  2.55200e-13
      4213.31  2.06400e-13
      4215.06  2.96200e-13
      4216.80  3.42400e-13
      4218.54  1.96400e-13
      4220.29  2.38300e-13
      4222.03  1.85300e-13
      4223.78  1.67900e-13
      4225.52  1.90700e-13
      4227.26  4.08200e-13
      4229.01  1.58600e-13
      4230.75  1.59000e-13
      4232.50  2.31800e-13
      4234.24  3.71800e-13
      4235.98  2.02700e-13
      4237.73  2.19800e-13
      4239.47  2.56000e-13
      4241.22  2.03000e-13
      4242.96  2.34300e-13
      4244.70  2.24900e-13
      4246.45  2.55300e-13
      4248.19  2.77100e-13
      4249.94  2.49700e-13
      4251.68  2.82800e-13
      4253.43  2.22700e-13
      4255.17  2.66500e-13
      4256.91  2.07200e-13
      4258.66  2.57300e-13
      4260.40  2.82600e-13
      4262.15  2.73900e-13
      4263.89  2.37200e-13
      4265.64  2.50200e-13
      4267.38  2.42900e-13
      4269.12  2.58600e-13
      4270.87  2.79400e-13
      4272.61  3.15800e-13
      4274.36  2.57900e-13
      4276.10  2.59400e-13
      4277.85  2.47000e-13
      4279.59  2.68700e-13
      4281.33  2.52700e-13
      4283.08  2.86800e-13
      4284.82  2.59700e-13
      4286.57  2.51800e-13
      4288.31  2.57000e-13
      4290.06  3.35900e-13
      4291.80  2.74900e-13
      4293.55  3.08100e-13
      4295.29  3.48100e-13
      4297.04  2.55400e-13
      4298.78  2.87600e-13
      4300.52  3.62700e-13
      4302.27  2.90000e-13
      4304.01  3.21400e-13
      4305.76  3.07200e-13
      4307.50  3.16900e-13
      4309.25  3.06300e-13
      4310.99  2.84000e-13
      4312.74  3.33500e-13
      4314.48  3.24300e-13
      4316.23  3.06400e-13
      4317.97  2.78200e-13
      4319.72  2.84800e-13
      4321.46  3.26400e-13
      4323.21  2.97300e-13
      4324.95  2.88000e-13
      4326.70  3.52400e-13
      4328.44  3.45400e-13
      4330.19  3.31200e-13
      4331.93  3.39400e-13
      4333.68  3.91400e-13
      4335.42  4.31600e-13
      4337.17  6.30100e-13
      4338.91  1.44100e-12
      4340.66  5.80400e-12
      4342.40  2.62100e-12
      4344.15  8.23200e-13
      4345.89  4.82900e-13
      4347.64  3.96600e-13
      4349.38  3.63100e-13
      4351.13  4.07800e-13
      4352.87  4.32000e-13
      4354.62  2.95600e-13
      4356.36  2.90800e-13
      4358.11  3.24900e-13
      4359.85  3.12900e-13
      4361.60  2.85100e-13
      4363.34  3.02200e-13
      4365.09  3.23900e-13
      4366.83  3.27600e-13
      4368.58  3.36300e-13
      4370.32  3.41500e-13
      4372.07  3.16000e-13
      4373.81  3.25200e-13
      4375.56  3.43800e-13
      4377.30  3.69500e-13
      4379.05  2.97900e-13
      4380.80  2.93300e-13
      4382.54  3.24900e-13
      4384.29  3.94200e-13
      4386.03  3.72600e-13
      4387.78  3.93300e-13
      4389.52  3.76500e-13
      4391.27  3.35300e-13
      4393.01  3.42900e-13
      4394.76  3.82100e-13
      4396.50  3.27800e-13
      4398.25  3.32000e-13
      4400.00  3.62000e-13
      4401.74  3.43900e-13
      4403.49  3.48600e-13
      4405.23  3.68400e-13
      4406.98  3.18300e-13
      4408.72  3.39300e-13
      4410.47  3.80100e-13
      4412.21  3.41100e-13
      4413.96  3.68400e-13
      4415.71  4.24800e-13
      4417.45  4.24200e-13
      4419.20  3.97300e-13
      4420.94  3.68700e-13
      4422.69  3.57800e-13
      4424.44  3.43200e-13
      4426.18  3.12200e-13
      4427.93  3.73800e-13
      4429.67  3.52300e-13
      4431.42  3.77400e-13
      4433.16  3.97400e-13
      4434.91  3.17100e-13
      4436.66  3.34800e-13
      4438.40  3.75800e-13
      4440.15  5.48500e-13
