      1003.60  4.66099e-14
      1007.00  2.23173e-13
      1008.20  3.56591e-13
      1011.80  3.89958e-13
      1013.00  8.77577e-14
      1015.40  2.34447e-13
      1016.60  4.11829e-13
      1017.60  1.26764e-13
      1018.80  1.08471e-13
      1023.60  6.74452e-14
      1024.80  1.47411e-14
      1026.00  1.15761e-13
      1027.20  1.03443e-13
      1029.40  3.77355e-14
      1030.60  1.64386e-13
      1035.40  1.85941e-13
      1036.60  9.66013e-14
      1044.80  1.16175e-13
      1046.00  3.75544e-14
      1048.40  7.37876e-14
      1050.80  3.19660e-13
      1052.00  3.05302e-13
      1053.00  7.10497e-14
      1056.60  3.79640e-13
      1057.80  2.62706e-13
      1063.80  2.87169e-15
      1069.60  1.16841e-13
      1072.00  2.26575e-14
      1076.60  8.32194e-15
      1079.00  4.28648e-14
      1080.20  7.14304e-14
      1083.80  7.45262e-14
      1086.20  3.59370e-14
      1088.40  8.17351e-14
      1089.60  3.23753e-13
      1094.40  4.81297e-14
      1095.60  1.58119e-13
      1098.00  3.17349e-14
      1099.20  7.29388e-14
      1103.80  1.65621e-13
      1105.00  2.82256e-14
      1106.20  2.27746e-14
      1108.60  6.49215e-14
      1112.00  8.25671e-14
      1113.20  1.01257e-13
      1114.40  5.87620e-15
      1115.60  1.81822e-13
      1116.80  2.27186e-13
      1118.00  1.80438e-13
      1119.20  1.92035e-13
      1120.40  2.17298e-13
      1121.60  5.69589e-14
      1122.60  7.78855e-14
      1125.00  5.21272e-14
      1129.80  3.15185e-14
      1132.20  2.71124e-14
      1133.40  1.34289e-14
      1134.40  2.61398e-13
      1135.60  9.49924e-14
      1136.80  2.07422e-13
      1138.00  9.09847e-14
      1139.20  1.99116e-13
      1140.40  1.98611e-13
      1141.60  4.63893e-13
      1142.80  2.72203e-13
      1144.00  4.12906e-13
      1145.20  4.49767e-13
      1146.20  6.97516e-13
      1147.40  5.76986e-13
      1148.60  8.67288e-13
      1149.80  8.69733e-13
      1151.00  4.03330e-13
      1152.20  4.35548e-13
      1153.40  4.44740e-13
      1154.60  4.21056e-13
      1155.80  4.24602e-13
      1157.00  5.60291e-13
      1158.00  6.37725e-13
      1159.20  5.77700e-13
      1160.40  8.23604e-13
      1161.60  1.20961e-12
      1162.80  8.42293e-13
      1164.00  5.88035e-13
      1165.20  5.40347e-13
      1166.40  6.07938e-13
      1167.60  5.58735e-13
      1168.80  6.03763e-13
      1169.80  6.13002e-13
      1171.00  8.07959e-13
      1172.20  1.32614e-12
      1173.40  1.92199e-12
      1174.60  2.14265e-12
      1175.80  2.15742e-12
      1177.00  1.61023e-12
      1178.20  1.08507e-12
      1179.40  8.01056e-13
      1180.60  6.49905e-13
      1181.60  5.67003e-13
      1182.80  5.15467e-13
      1184.00  5.59831e-13
      1185.20  5.19143e-13
      1186.40  4.82184e-13
      1187.60  5.71381e-13
      1188.80  5.51331e-13
      1190.00  5.23174e-13
      1191.20  5.52030e-13
      1192.40  5.52030e-13
      1193.40  5.52030e-13
      1194.60  5.52030e-13
      1195.80  5.52030e-13
      1197.00  5.52030e-13
      1198.20  5.52030e-13
      1199.40  5.52030e-13
      1200.91  5.52030e-13
      1202.61  5.52030e-13
      1204.41  5.50333e-13
      1206.11  3.22670e-12
      1207.91  5.50333e-13
      1209.61  5.50333e-13
      1211.41  5.50333e-13
      1213.11  1.41584e-12
      1214.91  1.77906e-11
      1216.61  1.97097e-11
      1218.41  2.29684e-12
      1220.11  5.52030e-13
      1221.91  5.52030e-13
      1223.61  5.52030e-13
      1225.41  5.52030e-13
      1227.11  5.52030e-13
      1228.91  5.52030e-13
      1231.20  5.75431e-13
      1232.40  5.89401e-13
      1233.60  6.01482e-13
      1234.80  5.83369e-13
      1236.00  6.90209e-13
      1237.20  7.61572e-13
      1238.40  7.10817e-13
      1239.40  7.35122e-13
      1240.60  7.51311e-13
      1241.80  7.34760e-13
      1243.00  6.75073e-13
      1244.20  7.12274e-13
      1245.40  7.29389e-13
      1246.60  7.39323e-13
      1247.80  7.64470e-13
      1249.00  6.77352e-13
      1250.20  6.48431e-13
      1251.20  6.25594e-13
      1252.40  5.99762e-13
      1253.60  5.96951e-13
      1254.80  5.81228e-13
      1256.00  6.67422e-13
      1257.20  6.19715e-13
      1258.40  5.65104e-13
      1259.60  5.70175e-13
      1260.80  6.10156e-13
      1262.00  6.99902e-13
      1263.00  6.66305e-13
      1264.20  6.62493e-13
      1265.40  6.18219e-13
      1266.60  6.38023e-13
      1267.80  6.94808e-13
      1269.00  6.67001e-13
      1270.20  6.47496e-13
      1271.40  6.05454e-13
      1272.60  6.13024e-13
      1273.80  6.92999e-13
      1274.80  6.77047e-13
      1276.00  6.13572e-13
      1277.20  6.47947e-13
      1278.40  6.17380e-13
      1279.60  6.93708e-13
      1280.80  6.16933e-13
      1282.00  6.56294e-13
      1283.20  6.46418e-13
      1284.40  6.42087e-13
      1285.60  6.86894e-13
      1286.60  6.94958e-13
      1287.80  7.46915e-13
      1289.00  6.85445e-13
      1290.20  8.05207e-13
      1291.40  7.04744e-13
      1292.60  7.33639e-13
      1293.80  7.80436e-13
      1295.00  8.54206e-13
      1296.20  9.33391e-13
      1297.40  1.00469e-12
      1298.40  9.67596e-13
      1299.60  8.57794e-13
      1300.80  9.13958e-13
      1302.00  9.07412e-13
      1303.20  9.56447e-13
      1304.40  8.17265e-13
      1305.60  7.26568e-13
      1306.80  7.42820e-13
      1308.00  6.94359e-13
      1309.20  6.15862e-13
      1310.20  7.04437e-13
      1311.40  7.84824e-13
      1312.60  6.93953e-13
      1313.80  6.85855e-13
      1315.00  6.72151e-13
      1316.20  6.82060e-13
      1317.40  6.76945e-13
      1318.60  6.14776e-13
      1319.80  6.97547e-13
      1320.80  6.26282e-13
      1322.00  6.44610e-13
      1323.20  6.93290e-13
      1324.40  7.03677e-13
      1325.60  7.00668e-13
      1326.80  6.92703e-13
      1328.00  6.19290e-13
      1329.20  7.12343e-13
      1330.40  7.05238e-13
      1331.60  7.58799e-13
      1332.60  1.00911e-12
      1333.80  1.17420e-12
      1335.00  1.28292e-12
      1336.20  1.26997e-12
      1337.40  1.15224e-12
      1338.60  9.10430e-13
      1339.80  7.35247e-13
      1341.00  5.99301e-13
      1342.20  6.87581e-13
      1343.40  7.13730e-13
      1344.40  6.47756e-13
      1345.60  6.93592e-13
      1346.80  6.33549e-13
      1348.00  6.71754e-13
      1349.20  6.16919e-13
      1350.40  5.68501e-13
      1351.60  6.15958e-13
      1352.80  6.32100e-13
      1354.00  6.69314e-13
      1355.20  7.11709e-13
      1356.20  6.68368e-13
      1357.40  6.10383e-13
      1358.60  6.09256e-13
      1359.80  6.21597e-13
      1361.00  6.31203e-13
      1362.20  6.10911e-13
      1363.40  6.45460e-13
      1364.60  6.80413e-13
      1365.80  6.95582e-13
      1367.00  6.67505e-13
      1368.00  6.35744e-13
      1369.20  6.54556e-13
      1370.40  6.01105e-13
      1371.60  6.40705e-13
      1372.80  7.38006e-13
      1374.00  6.66471e-13
      1375.20  6.16152e-13
      1376.40  5.66088e-13
      1377.60  6.41171e-13
      1378.80  6.56916e-13
      1379.80  5.91437e-13
      1381.00  6.44361e-13
      1382.20  6.97575e-13
      1383.40  5.91099e-13
      1384.60  6.09878e-13
      1385.80  6.31845e-13
      1387.00  6.30019e-13
      1388.20  6.96367e-13
      1389.40  7.59517e-13
      1390.60  9.02947e-13
      1391.60  1.17201e-12
      1392.80  1.44840e-12
      1394.00  1.48802e-12
      1395.20  1.33929e-12
      1396.40  1.02098e-12
      1397.60  8.22524e-13
      1398.80  8.51670e-13
      1400.00  9.63052e-13
      1401.20  1.16517e-12
      1402.40  1.17179e-12
      1403.40  1.14205e-12
      1404.60  1.11066e-12
      1405.80  8.38978e-13
      1407.00  7.09926e-13
      1408.20  6.61120e-13
      1409.40  7.17087e-13
      1410.60  6.14357e-13
      1411.80  5.94864e-13
      1413.00  6.47368e-13
      1414.00  6.62681e-13
      1415.20  6.58116e-13
      1416.40  6.86010e-13
      1417.60  6.79399e-13
      1418.80  6.77252e-13
      1420.00  6.24443e-13
      1421.20  6.16186e-13
      1422.40  6.83150e-13
      1423.60  6.52664e-13
      1424.80  6.61875e-13
      1425.80  6.49446e-13
      1427.00  6.12163e-13
      1428.20  6.29530e-13
      1429.40  6.40526e-13
      1430.60  6.65841e-13
      1431.80  6.43106e-13
      1433.00  7.05294e-13
      1434.20  6.31374e-13
      1435.40  6.06283e-13
      1436.60  6.18495e-13
      1437.60  6.18315e-13
      1438.80  6.14609e-13
      1440.00  6.19024e-13
      1441.20  5.94468e-13
      1442.40  6.22473e-13
      1443.60  6.42239e-13
      1444.80  6.69272e-13
      1446.00  6.47912e-13
      1447.20  6.51443e-13
      1448.40  6.42692e-13
      1449.40  6.47329e-13
      1450.60  7.03434e-13
      1451.80  6.55619e-13
      1453.00  6.06250e-13
      1454.20  6.07789e-13
      1455.40  6.52835e-13
      1456.60  6.53589e-13
      1457.80  7.00578e-13
      1459.00  6.70623e-13
      1460.20  6.44624e-13
      1461.20  6.54689e-13
      1462.40  6.73590e-13
      1463.60  6.27164e-13
      1464.80  6.52854e-13
      1466.00  7.06151e-13
      1467.20  6.77314e-13
      1468.40  6.99992e-13
      1469.60  7.32802e-13
      1470.80  7.04102e-13
      1472.00  6.58152e-13
      1473.00  6.77997e-13
      1474.20  7.13312e-13
      1475.40  6.87351e-13
      1476.60  7.03211e-13
      1477.80  7.09369e-13
      1479.00  6.63945e-13
      1480.20  6.95040e-13
      1481.40  7.38222e-13
      1482.60  6.74274e-13
      1483.80  6.90983e-13
      1484.80  7.40994e-13
      1486.00  7.19441e-13
      1487.20  7.74347e-13
      1488.40  7.20069e-13
      1489.60  7.50517e-13
      1490.80  6.92540e-13
      1492.00  6.99874e-13
      1493.20  7.08840e-13
      1494.40  7.45265e-13
      1495.60  7.43774e-13
      1496.60  7.29612e-13
      1497.80  7.44867e-13
      1499.00  7.49165e-13
      1500.20  7.66907e-13
      1501.40  7.66065e-13
      1502.60  7.70453e-13
      1503.80  6.90859e-13
      1505.00  7.00180e-13
      1506.20  6.82015e-13
      1507.40  6.93384e-13
      1508.40  6.73700e-13
      1509.60  6.59648e-13
      1510.80  6.88676e-13
      1512.00  7.12099e-13
      1513.20  6.59578e-13
      1514.40  6.05051e-13
      1515.60  6.10339e-13
      1516.80  6.05323e-13
      1518.00  6.65615e-13
      1519.00  7.40249e-13
      1520.20  6.97791e-13
      1521.40  6.83611e-13
      1522.60  7.01789e-13
      1523.80  7.21482e-13
      1525.00  7.94061e-13
      1526.20  7.17073e-13
      1527.40  6.77448e-13
      1528.60  7.48378e-13
      1529.80  7.91964e-13
      1530.80  7.44442e-13
      1532.00  7.24826e-13
      1533.20  7.09111e-13
      1534.40  7.49883e-13
      1535.60  6.95326e-13
      1536.80  6.95326e-13
      1538.00  6.95326e-13
      1539.20  6.95326e-13
      1540.40  6.95326e-13
      1541.60  6.95326e-13
      1542.60  6.95326e-13
      1543.80  6.95326e-13
      1545.00  6.95326e-13
      1546.20  7.70565e-13
      1547.40  9.09887e-13
      1548.60  9.69452e-13
      1549.80  9.68609e-13
      1551.00  9.08213e-13
      1552.20  8.42092e-13
      1553.40  6.96585e-13
      1554.40  6.95326e-13
      1555.60  6.95326e-13
      1556.80  6.95326e-13
      1558.00  6.95326e-13
      1559.20  6.95326e-13
      1560.40  6.95326e-13
      1561.60  6.95326e-13
      1562.80  6.95326e-13
      1564.00  6.95326e-13
      1565.20  7.63160e-13
      1566.20  7.76347e-13
      1567.40  7.66553e-13
      1568.60  7.35304e-13
      1569.80  7.38807e-13
      1571.00  7.22116e-13
      1572.20  6.65488e-13
      1573.40  7.09870e-13
      1574.60  6.89648e-13
      1575.80  7.24855e-13
      1577.00  7.45794e-13
      1578.00  7.76458e-13
      1579.20  7.57371e-13
      1580.40  7.99683e-13
      1581.60  7.59928e-13
      1582.80  7.28275e-13
      1584.00  7.29494e-13
      1585.20  7.35798e-13
      1586.40  7.51735e-13
      1587.60  7.05377e-13
      1588.80  7.21942e-13
      1589.80  7.11145e-13
      1591.00  7.07258e-13
      1592.20  7.11452e-13
      1593.40  7.09035e-13
      1594.60  7.44477e-13
      1595.80  7.47340e-13
      1597.00  7.23356e-13
      1598.20  6.86982e-13
      1599.40  7.08574e-13
      1600.60  7.13284e-13
      1601.60  6.65647e-13
      1602.80  7.28093e-13
      1604.00  7.27383e-13
      1605.20  6.92801e-13
      1606.40  6.75238e-13
      1607.60  7.04353e-13
      1608.80  7.72565e-13
      1610.00  7.12817e-13
      1611.20  6.79693e-13
      1612.40  6.61788e-13
      1613.40  6.77446e-13
      1614.60  7.25000e-13
      1615.80  6.95101e-13
      1617.00  6.35044e-13
      1618.20  6.46556e-13
      1619.40  7.07021e-13
      1620.60  7.47020e-13
      1621.80  7.28059e-13
      1623.00  6.95533e-13
      1624.00  7.06993e-13
      1625.20  6.85986e-13
      1626.40  6.79498e-13
      1627.60  6.99045e-13
      1628.80  6.58208e-13
      1630.00  6.68869e-13
      1631.20  6.95188e-13
      1632.40  7.06638e-13
      1633.60  7.28149e-13
      1634.80  7.69694e-13
      1635.80  7.83111e-13
      1637.00  7.82408e-13
      1638.20  9.41676e-13
      1639.40  9.84434e-13
      1640.60  1.02949e-12
      1641.80  1.02078e-12
      1643.00  9.08890e-13
      1644.20  8.01773e-13
      1645.40  7.16091e-13
      1646.60  7.04723e-13
      1647.60  7.06109e-13
      1648.80  7.18759e-13
      1650.00  6.34652e-13
      1651.20  6.44347e-13
      1652.40  7.21357e-13
      1653.60  6.96621e-13
      1654.80  7.20194e-13
      1656.00  7.71373e-13
      1657.20  8.10759e-13
      1658.40  8.13691e-13
      1659.40  7.88176e-13
      1660.60  7.48149e-13
      1661.80  7.35853e-13
      1663.00  7.31925e-13
      1664.20  7.03002e-13
      1665.40  7.24555e-13
      1666.60  7.13221e-13
      1667.80  6.88947e-13
      1669.00  6.88974e-13
      1670.20  6.51101e-13
      1671.20  6.71429e-13
      1672.40  7.02897e-13
      1673.60  7.12531e-13
      1674.80  7.21364e-13
      1676.00  6.95564e-13
      1677.20  6.94830e-13
      1678.40  7.05335e-13
      1679.60  6.49797e-13
      1680.80  6.65280e-13
      1682.00  6.93907e-13
      1683.00  6.87506e-13
      1684.20  6.74581e-13
      1685.40  6.55557e-13
      1686.60  6.32655e-13
      1687.80  6.75407e-13
      1689.00  7.07209e-13
      1690.20  6.79862e-13
      1691.40  6.90554e-13
      1692.60  7.10184e-13
      1693.80  7.22290e-13
      1694.80  7.55714e-13
      1696.00  7.15255e-13
      1697.20  6.72058e-13
      1698.40  6.95380e-13
      1699.60  7.15123e-13
      1700.80  6.97715e-13
      1702.00  7.10581e-13
      1703.20  6.64298e-13
      1704.40  6.61205e-13
      1705.60  6.80853e-13
      1706.60  6.82417e-13
      1707.80  6.79560e-13
      1709.00  6.45516e-13
      1710.20  6.53867e-13
      1711.40  6.92392e-13
      1712.60  7.07613e-13
      1713.80  6.94872e-13
      1715.00  7.11284e-13
      1716.20  7.15820e-13
      1717.40  6.88660e-13
      1718.40  7.22708e-13
      1719.60  7.55923e-13
      1720.80  7.32169e-13
      1722.00  7.00202e-13
      1723.20  6.66735e-13
      1724.40  6.71662e-13
      1725.60  7.03092e-13
      1726.80  6.92631e-13
      1728.00  6.90035e-13
      1729.00  7.02006e-13
      1730.20  6.82945e-13
      1731.40  6.84815e-13
      1732.60  6.60589e-13
      1733.80  6.55634e-13
      1735.00  6.73112e-13
      1736.20  7.07049e-13
      1737.40  7.07732e-13
      1738.60  6.93567e-13
      1739.80  7.11368e-13
      1740.80  6.98411e-13
      1742.00  6.72831e-13
      1743.20  6.70913e-13
      1744.40  6.85366e-13
      1745.60  6.93739e-13
      1746.80  7.23419e-13
      1748.00  7.47835e-13
      1749.20  7.27439e-13
      1750.40  7.21970e-13
      1751.60  7.23349e-13
      1752.60  7.03573e-13
      1753.80  7.27738e-13
      1755.00  7.39553e-13
      1756.20  7.30838e-13
      1757.40  7.40444e-13
      1758.60  7.35282e-13
      1759.80  6.97199e-13
      1761.00  6.73229e-13
      1762.20  7.19080e-13
      1763.40  7.45328e-13
      1764.40  7.33812e-13
      1765.60  7.07537e-13
      1766.80  7.29940e-13
      1768.00  7.35115e-13
      1769.20  7.19574e-13
      1770.40  7.14900e-13
      1771.60  7.02221e-13
      1772.80  7.15115e-13
      1774.00  7.30894e-13
      1775.20  7.38389e-13
      1776.20  7.41566e-13
      1777.40  7.32942e-13
      1778.60  7.17895e-13
      1779.80  7.16153e-13
      1781.00  6.98035e-13
      1782.20  7.20006e-13
      1783.40  7.24875e-13
      1784.60  7.39176e-13
      1785.80  7.41970e-13
      1787.00  7.33680e-13
      1788.00  6.92974e-13
      1789.20  6.58137e-13
      1790.40  5.91996e-13
      1791.60  5.02953e-13
      1792.80  4.68529e-13
      1794.00  5.20378e-13
      1795.20  5.87461e-13
      1796.40  6.37196e-13
      1797.60  6.75828e-13
      1798.80  6.98509e-13
      1799.80  6.97108e-13
      1801.00  7.18355e-13
      1802.20  7.20954e-13
      1803.40  7.17623e-13
      1804.60  7.04521e-13
      1805.80  7.29263e-13
      1807.00  7.34258e-13
      1808.20  7.45195e-13
      1809.40  7.34830e-13
      1810.60  7.29319e-13
      1811.60  7.06582e-13
      1812.80  6.95548e-13
      1814.00  6.98167e-13
      1815.20  7.13451e-13
      1816.40  7.16153e-13
      1817.60  7.47375e-13
      1818.80  7.32565e-13
      1820.00  7.18718e-13
      1821.20  6.97227e-13
      1822.40  6.95822e-13
      1823.40  7.00076e-13
      1824.60  7.11291e-13
      1825.80  7.15513e-13
      1827.00  7.24255e-13
      1828.20  7.21156e-13
      1829.40  7.04395e-13
      1830.60  6.82677e-13
      1831.80  6.80741e-13
      1833.00  6.63736e-13
      1834.00  6.59809e-13
      1835.20  6.63418e-13
      1836.40  6.74852e-13
      1837.60  6.73505e-13
      1838.80  6.75203e-13
      1840.00  6.80222e-13
      1841.20  6.71165e-13
      1842.40  6.83533e-13
      1843.60  6.89154e-13
      1844.80  6.72774e-13
      1845.80  6.75297e-13
      1847.00  6.80106e-13
      1848.20  6.89926e-13
      1849.40  6.78815e-13
      1850.60  6.99616e-13
      1851.80  7.10671e-13
      1853.00  7.22772e-13
      1854.20  7.19595e-13
      1855.40  7.19434e-13
      1856.60  7.13437e-13
      1857.60  7.24750e-13
      1858.80  7.29278e-13
      1860.00  7.27766e-13
      1861.20  7.20041e-13
      1862.40  7.28114e-13
      1863.60  7.09083e-13
      1864.80  7.15137e-13
      1866.00  6.97993e-13
      1867.20  6.77560e-13
      1868.40  6.52503e-13
      1869.40  6.73426e-13
      1870.60  6.67051e-13
      1871.80  6.84682e-13
      1873.00  6.81803e-13
      1874.20  6.81330e-13
      1875.40  6.70715e-13
      1876.60  6.74847e-13
      1877.80  6.58184e-13
      1879.00  6.57266e-13
      1880.20  6.57799e-13
      1881.20  6.77249e-13
      1882.40  6.73013e-13
      1883.60  6.83089e-13
      1884.80  6.65047e-13
      1886.00  6.70685e-13
      1887.20  6.63845e-13
      1888.40  6.78878e-13
      1889.60  6.67134e-13
      1890.80  6.79470e-13
      1892.00  6.83518e-13
      1893.00  6.95116e-13
      1894.20  6.88670e-13
      1895.40  6.91150e-13
      1896.60  6.88925e-13
      1897.80  6.85858e-13
      1899.00  6.75086e-13
      1900.20  6.80128e-13
      1901.40  6.73864e-13
      1902.60  6.70279e-13
      1903.80  6.54040e-13
      1904.80  6.53782e-13
      1906.00  6.50402e-13
      1907.20  6.69471e-13
      1908.40  6.71675e-13
      1909.60  6.78514e-13
      1910.80  6.70232e-13
      1912.00  6.74830e-13
      1913.20  6.76713e-13
      1914.40  6.81780e-13
      1915.60  6.80114e-13
      1916.60  6.90917e-13
      1917.80  6.76026e-13
      1919.00  6.70119e-13
      1920.20  6.55809e-13
      1921.40  6.58616e-13
      1922.60  6.72315e-13
      1923.80  6.77658e-13
      1925.00  6.68160e-13
      1926.20  6.79286e-13
      1927.40  6.95833e-13
      1928.40  6.98780e-13
      1929.60  7.00236e-13
      1930.80  6.93095e-13
      1932.00  6.81692e-13
      1933.20  6.83318e-13
      1934.40  6.64054e-13
      1935.60  6.70667e-13
      1936.80  6.54901e-13
      1938.00  6.59213e-13
      1939.00  6.54050e-13
      1940.20  6.65284e-13
      1941.40  6.59567e-13
      1942.60  6.58198e-13
      1943.80  6.53891e-13
      1945.00  6.46784e-13
      1946.20  6.48753e-13
      1947.40  6.47455e-13
      1948.60  6.50960e-13
      1949.80  6.51757e-13
      1950.80  6.54780e-13
      1952.00  6.66381e-13
      1953.20  6.69029e-13
      1954.40  6.79343e-13
      1955.60  6.81108e-13
      1956.80  6.85100e-13
      1958.00  6.71077e-13
      1959.20  6.74546e-13
      1960.40  6.76080e-13
      1961.60  6.74591e-13
      1962.60  6.72340e-13
      1963.80  6.74516e-13
      1965.00  6.71500e-13
      1966.20  6.57605e-13
      1967.40  6.45678e-13
      1968.60  6.39836e-13
      1969.80  6.45549e-13
      1971.00  6.44734e-13
      1972.20  6.34780e-13
      1973.40  6.36705e-13
      1974.40  6.38377e-13
      1975.60  6.47982e-13
      1976.80  6.50791e-13
      1978.00  6.57645e-13
      1979.20  6.55165e-13
      1980.40  6.57661e-13
      1981.60  6.60537e-13
      1982.80  6.76372e-13
      2000.40  6.36662e-13
      2002.20  6.35851e-13
      2004.20  6.25863e-13
      2006.00  6.26531e-13
      2009.80  6.24714e-13
      2011.60  5.97538e-13
      2013.60  5.88375e-13
      2015.40  6.00348e-13
      2017.20  6.03031e-13
      2019.20  6.17510e-13
      2021.00  6.14323e-13
      2022.80  5.91939e-13
      2024.80  5.82169e-13
      2026.60  5.81485e-13
      2028.40  6.09452e-13
      2030.40  5.87755e-13
      2032.20  5.71962e-13
      2034.00  5.84054e-13
      2036.00  5.95450e-13
      2037.80  6.13182e-13
      2039.60  6.37891e-13
      2041.60  6.33867e-13
      2043.40  6.28701e-13
      2045.40  6.52352e-13
      2047.20  6.51901e-13
      2049.00  6.46497e-13
      2051.00  6.77983e-13
      2052.80  6.89976e-13
      2054.60  6.66767e-13
      2056.60  6.52677e-13
      2058.40  6.58871e-13
      2060.20  6.82475e-13
      2062.20  7.07696e-13
      2064.00  7.06889e-13
      2065.80  6.90427e-13
      2067.80  6.70638e-13
      2069.60  6.65549e-13
      2071.40  6.50596e-13
      2073.40  6.67516e-13
      2075.20  6.66486e-13
      2077.00  6.42653e-13
      2079.00  6.19094e-13
      2080.80  6.10080e-13
      2082.60  6.23286e-13
      2084.60  6.02285e-13
      2086.40  5.75598e-13
      2088.40  5.64514e-13
      2090.20  5.39087e-13
      2092.00  5.38679e-13
      2094.00  5.86686e-13
      2095.80  6.26233e-13
      2097.60  6.16676e-13
      2099.60  6.01127e-13
      2101.40  6.02589e-13
      2103.20  6.16921e-13
      2105.20  6.57388e-13
      2107.00  6.80361e-13
      2108.80  7.11772e-13
      2110.80  7.45299e-13
      2112.60  7.64735e-13
      2114.40  7.53024e-13
      2116.40  7.64296e-13
      2118.20  7.88028e-13
      2120.00  8.15615e-13
      2122.00  8.17738e-13
      2123.80  8.20839e-13
      2125.60  8.53823e-13
      2127.60  8.56881e-13
      2129.40  8.68006e-13
      2131.40  8.81622e-13
      2133.20  8.53077e-13
      2135.00  8.29923e-13
      2137.00  8.29699e-13
      2138.80  8.26634e-13
      2140.60  8.36526e-13
      2142.60  8.30026e-13
      2144.40  8.04713e-13
      2146.20  7.94235e-13
      2148.20  7.99126e-13
      2150.00  7.94563e-13
      2151.80  7.81000e-13
      2153.80  7.69360e-13
      2155.60  7.72948e-13
      2157.40  8.02184e-13
      2159.40  8.31079e-13
      2161.20  8.15928e-13
      2163.00  8.00908e-13
      2165.00  7.90614e-13
      2166.80  8.02950e-13
      2168.60  8.06321e-13
      2170.60  8.09881e-13
      2172.40  8.16826e-13
      2174.40  7.99634e-13
      2176.20  7.88795e-13
      2178.00  7.84037e-13
      2180.00  7.72265e-13
      2181.80  7.73846e-13
      2183.60  7.66267e-13
      2185.60  7.66580e-13
      2187.40  7.57546e-13
      2189.20  7.50127e-13
      2191.20  7.40967e-13
      2193.00  7.47870e-13
      2194.80  7.36766e-13
      2196.80  7.12462e-13
      2198.60  6.73594e-13
      2200.40  6.92320e-13
      2202.40  8.21375e-13
      2204.20  5.31849e-13
      2206.00  1.37939e-12
      2208.00  1.30794e-12
      2209.80  5.46135e-13
      2211.80  9.44390e-13
      2213.60  1.17796e-12
      2215.40  6.22805e-13
      2217.40  4.76421e-13
      2219.20  8.96713e-13
      2221.00  1.11108e-12
      2223.00  8.23130e-13
      2224.80  9.49189e-13
      2226.60  8.86275e-13
      2228.60  8.16136e-13
      2230.40  1.17152e-12
      2232.20  7.19413e-13
      2234.20  1.11276e-12
      2236.00  1.34815e-12
      2237.80  1.12290e-12
      2239.80  7.33938e-13
      2241.60  9.45948e-13
      2243.40  1.02552e-12
      2245.40  1.08978e-12
      2247.20  1.03676e-12
      2249.00  9.19643e-13
      2251.00  1.30633e-12
      2252.80  1.46593e-12
      2254.80  1.74430e-12
      2256.60  1.35773e-12
      2258.40  1.21615e-12
      2260.40  1.91393e-12
      2262.20  1.81408e-12
      2264.00  1.39038e-12
      2266.00  1.18588e-12
      2267.80  1.41349e-12
      2269.60  1.57399e-12
      2271.60  1.44776e-12
      2273.40  9.20956e-13
      2275.20  1.19690e-12
      2277.20  1.65245e-12
      2279.00  1.39714e-12
      2280.80  1.26471e-12
      2282.80  1.42211e-12
      2284.60  7.06721e-13
      2286.40  1.04877e-12
      2288.40  1.39509e-12
      2290.20  9.44082e-13
      2292.00  9.23838e-13
      2294.00  1.28384e-12
      2295.80  1.29326e-12
      2297.80  1.25817e-12
      2299.60  1.67377e-12
      2301.40  1.83518e-12
      2303.40  1.52723e-12
      2305.20  1.11370e-12
      2307.00  9.75498e-13
      2309.00  7.94618e-13
      2310.80  1.12883e-12
      2312.60  8.88000e-13
      2314.60  1.06225e-12
      2316.40  1.23768e-12
      2318.20  1.17745e-12
      2320.20  1.49823e-12
      2322.00  1.19020e-12
      2323.80  1.08000e-12
      2325.80  1.39827e-12
      2327.60  1.86149e-12
      2329.40  1.85029e-12
      2331.40  1.80120e-12
      2333.20  2.14884e-12
      2335.00  1.81580e-12
      2337.00  1.64021e-12
      2338.80  2.22838e-12
      2340.80  2.40931e-12
      2342.60  2.34509e-12
      2344.40  2.62703e-12
      2346.40  2.63437e-12
      2348.20  2.22796e-12
      2350.00  2.39158e-12
      2352.00  2.29887e-12
      2353.80  1.58197e-12
      2355.60  1.77952e-12
      2357.60  1.93328e-12
      2359.40  2.32820e-12
      2361.20  2.83884e-12
      2363.20  2.52062e-12
      2365.00  2.56539e-12
      2366.80  2.49938e-12
      2368.80  2.59663e-12
      2370.60  2.32586e-12
      2372.40  1.91588e-12
      2374.40  1.77379e-12
      2376.20  1.86097e-12
      2378.00  2.65855e-12
      2380.00  3.25487e-12
      2381.80  3.62221e-12
      2383.80  3.50665e-12
      2385.60  3.42794e-12
      2387.40  2.55794e-12
      2389.40  2.17739e-12
      2391.20  2.07836e-12
      2393.00  2.54475e-12
      2395.00  2.99913e-12
      2396.80  2.77717e-12
      2398.60  2.87697e-12
      2400.60  2.90800e-12
      2402.40  2.84302e-12
      2404.20  2.99479e-12
      2406.20  2.88701e-12
      2408.00  3.22929e-12
      2409.80  3.79991e-12
      2411.80  3.01581e-12
      2413.60  2.74161e-12
      2415.40  2.27398e-12
      2417.40  1.41581e-12
      2419.20  1.49151e-12
      2421.00  1.75189e-12
      2423.00  1.82838e-12
      2424.80  1.90211e-12
      2426.80  2.05741e-12
      2428.60  2.12227e-12
      2430.40  2.25146e-12
      2432.40  2.19926e-12
      2434.20  2.01071e-12
      2436.00  2.38080e-12
      2438.00  2.19798e-12
      2439.80  2.25010e-12
      2441.60  2.07057e-12
      2443.60  1.84039e-12
      2445.40  2.15398e-12
      2447.20  2.33190e-12
      2449.20  2.32647e-12
      2451.00  2.09928e-12
      2452.80  1.99339e-12
      2454.80  1.95042e-12
      2456.60  2.10935e-12
      2458.40  2.17088e-12
      2460.40  2.20462e-12
      2462.20  2.28691e-12
      2464.00  2.26678e-12
      2466.00  2.35561e-12
      2467.80  2.51054e-12
      2469.80  2.33376e-12
      2471.60  2.40174e-12
      2473.40  2.12865e-12
      2475.40  2.33082e-12
      2477.20  2.48820e-12
      2479.00  2.67236e-12
      2481.00  3.00773e-12
      2482.80  2.56647e-12
      2484.60  2.21656e-12
      2486.60  2.38272e-12
      2488.40  2.37812e-12
      2490.20  2.33610e-12
      2492.20  2.82612e-12
      2494.00  2.41063e-12
      2495.80  1.99957e-12
      2497.80  2.16632e-12
      2499.60  1.95175e-12
      2501.40  1.99726e-12
      2503.40  1.93263e-12
      2505.20  2.46540e-12
      2507.20  2.77280e-12
      2509.00  2.54136e-12
      2510.80  2.11834e-12
      2512.80  2.25691e-12
      2514.60  2.50485e-12
      2516.40  2.61707e-12
      2518.40  2.31501e-12
      2520.20  2.46881e-12
      2522.00  2.75073e-12
      2524.00  3.04267e-12
      2525.80  3.39117e-12
      2527.60  3.23405e-12
      2529.60  3.51936e-12
      2531.40  3.54703e-12
      2533.20  3.12238e-12
      2535.20  2.85604e-12
      2537.00  3.41040e-12
      2538.80  3.62404e-12
      2540.80  3.38131e-12
      2542.60  2.95247e-12
      2544.40  2.86194e-12
      2546.40  2.89127e-12
      2548.20  3.06122e-12
      2550.20  3.09079e-12
      2552.00  2.79299e-12
      2553.80  2.17354e-12
      2555.80  2.01678e-12
      2557.60  2.09747e-12
      2559.40  2.16453e-12
      2561.40  2.27278e-12
      2563.20  2.10712e-12
      2565.00  2.32030e-12
      2567.00  2.26210e-12
      2568.80  2.11535e-12
      2570.60  2.32288e-12
      2572.60  2.65762e-12
      2574.40  2.48825e-12
      2576.20  2.23090e-12
      2578.20  2.10518e-12
      2580.00  1.96880e-12
      2581.80  2.19817e-12
      2583.80  2.74051e-12
      2585.60  2.97737e-12
      2587.40  2.63580e-12
      2589.40  2.34995e-12
      2591.20  2.32568e-12
      2593.20  2.44592e-12
      2595.00  2.67057e-12
      2596.80  2.90908e-12
      2598.80  3.11699e-12
      2600.60  3.16687e-12
      2602.40  2.77862e-12
      2604.40  2.85533e-12
      2606.20  3.27623e-12
      2608.00  3.40055e-12
      2610.00  3.66413e-12
      2611.80  3.67953e-12
      2613.60  3.20120e-12
      2615.60  3.84131e-12
      2617.40  3.20961e-12
      2619.20  3.15928e-12
      2621.20  3.21971e-12
      2623.00  3.36554e-12
      2624.80  3.39443e-12
      2626.80  3.58283e-12
      2628.60  3.75471e-12
      2630.40  3.79479e-12
      2632.40  3.60110e-12
      2634.20  2.61274e-12
      2636.20  1.99204e-12
      2638.00  1.93606e-12
      2639.80  1.95824e-12
      2641.80  1.78648e-12
      2643.60  1.83022e-12
      2645.40  1.64920e-12
      2647.40  1.59741e-12
      2649.20  1.55923e-12
      2651.00  1.63859e-12
      2653.00  1.77485e-12
      2654.80  1.88295e-12
      2656.60  1.86737e-12
      2658.60  1.80832e-12
      2660.40  1.92487e-12
      2662.20  2.26030e-12
      2664.20  2.54325e-12
      2666.00  2.29568e-12
      2667.80  2.13896e-12
      2669.80  2.18111e-12
      2671.60  2.38095e-12
      2673.40  2.11232e-12
      2675.40  1.90494e-12
      2677.20  1.97756e-12
      2679.20  2.20730e-12
      2681.00  2.30153e-12
      2682.80  2.01631e-12
      2684.80  1.99358e-12
      2686.60  2.31060e-12
      2688.40  2.31469e-12
      2690.40  2.21797e-12
      2692.20  2.31030e-12
      2694.00  2.25412e-12
      2696.00  2.26192e-12
      2697.80  2.48865e-12
      2699.60  2.23648e-12
      2701.60  2.32457e-12
      2703.40  2.54151e-12
      2705.20  2.67222e-12
      2707.20  2.51855e-12
      2709.00  2.53981e-12
      2710.80  2.54507e-12
      2712.80  2.85752e-12
      2714.60  2.78722e-12
      2716.40  2.60045e-12
      2718.40  2.49333e-12
      2720.20  2.53354e-12
      2722.20  2.73233e-12
      2724.00  2.59599e-12
      2725.80  2.76749e-12
      2727.80  3.10004e-12
      2729.60  3.11625e-12
      2731.40  3.06884e-12
      2733.40  3.17893e-12
      2735.20  3.27786e-12
      2737.00  3.72137e-12
      2739.00  3.82687e-12
      2740.80  3.71317e-12
      2742.60  3.51660e-12
      2744.60  3.78935e-12
      2746.40  3.89343e-12
      2748.20  3.75841e-12
      2750.20  3.55711e-12
      2752.00  3.73498e-12
      2753.80  3.62769e-12
      2755.80  3.42839e-12
      2757.60  3.34139e-12
      2759.40  3.29853e-12
      2761.40  3.30706e-12
      2763.20  3.18144e-12
      2765.20  3.46996e-12
      2767.00  3.11755e-12
      2768.80  3.31473e-12
      2770.80  2.92272e-12
      2772.60  2.82635e-12
      2774.40  2.82474e-12
      2776.40  2.68423e-12
      2778.20  2.76867e-12
      2780.00  3.03978e-12
      2782.00  3.05608e-12
      2783.80  2.83638e-12
      2785.60  2.85641e-12
      2787.60  3.13828e-12
      2789.40  3.47127e-12
      2791.10  3.07168e-12
      2791.20  3.07168e-12
      2792.90  3.07168e-12
      2793.20  3.07168e-12
      2794.60  3.15532e-12
      2795.00  3.15532e-12
      2796.40  7.18577e-12
      2796.80  3.15532e-12
      2798.10  3.15532e-12
      2798.80  3.15532e-12
      2799.90  3.15532e-12
      2800.60  3.15532e-12
      2801.60  3.15532e-12
      2802.40  3.15532e-12
      2803.40  5.74125e-12
      2804.40  3.15532e-12
      2805.10  3.15532e-12
      2806.20  3.07168e-12
      2806.90  3.07168e-12
      2808.20  3.07168e-12
      2808.60  3.07168e-12
      2810.00  2.69396e-12
      2811.80  2.58184e-12
      2813.80  2.47586e-12
      2815.60  2.42481e-12
      2817.40  2.23514e-12
      2819.40  2.71043e-12
      2821.20  2.70521e-12
      2823.00  2.69071e-12
      2825.00  2.66595e-12
      2826.80  2.65205e-12
      2828.60  2.64329e-12
      2830.60  2.62452e-12
      2832.40  2.54511e-12
      2834.20  2.44025e-12
      2836.20  2.36156e-12
      2838.00  2.34859e-12
      2839.80  2.37316e-12
      2841.80  2.41409e-12
      2843.60  2.44956e-12
      2845.40  2.47004e-12
      2847.40  2.46985e-12
      2849.20  2.46619e-12
      2851.20  2.47060e-12
      2853.00  2.47048e-12
      2854.80  2.47355e-12
      2856.80  2.47504e-12
      2858.60  2.47521e-12
      2860.40  2.46462e-12
      2862.40  2.46822e-12
      2864.20  2.47325e-12
      2866.00  2.45465e-12
      2868.00  2.43266e-12
      2869.80  2.43987e-12
      2871.60  2.51378e-12
      2873.60  2.61167e-12
      2875.40  2.68263e-12
      2877.20  2.69909e-12
      2879.20  2.67538e-12
      2881.00  2.63700e-12
      2882.80  2.65727e-12
      2884.80  2.38931e-12
      2886.60  2.42627e-12
      2888.40  2.45080e-12
      2890.40  2.46629e-12
      2892.20  2.32930e-12
      2894.20  2.26268e-12
      2896.00  2.30855e-12
      2897.80  2.20887e-12
      2899.80  2.31075e-12
      2901.60  2.17279e-12
      2903.40  1.97652e-12
      2905.40  1.97012e-12
      2907.20  2.11599e-12
      2909.00  2.26214e-12
      2911.00  2.31011e-12
      2912.80  2.18580e-12
      2914.60  2.32609e-12
      2916.60  2.33942e-12
      2918.40  2.33759e-12
      2920.20  2.25348e-12
      2922.20  2.52151e-12
      2924.00  2.77893e-12
      2925.80  2.93508e-12
      2927.80  3.01285e-12
      2929.60  2.94569e-12
      2931.40  2.75021e-12
      2933.40  2.71711e-12
      2935.20  2.80032e-12
      2937.20  2.67558e-12
      2939.00  2.81456e-12
      2940.80  2.83342e-12
      2942.80  2.78813e-12
      2944.60  2.80676e-12
      2946.40  2.82935e-12
      2948.40  2.82226e-12
      2950.20  2.84525e-12
      2952.00  2.80917e-12
      2954.00  2.82672e-12
      2955.80  2.65035e-12
      2957.60  2.72937e-12
      2959.60  2.78364e-12
      2961.40  2.87332e-12
      2963.20  2.84977e-12
      2965.20  2.74542e-12
      2967.00  2.76583e-12
      2968.80  2.62753e-12
      2970.80  2.77461e-12
      2972.60  2.70728e-12
      2974.40  2.72463e-12
      2976.40  2.69356e-12
      2978.20  2.55962e-12
      2980.20  2.57504e-12
      2982.00  2.88709e-12
      2983.80  2.95455e-12
      2985.80  2.76108e-12
      2987.60  2.51526e-12
      2989.40  2.28244e-12
      2991.40  2.27768e-12
      2993.20  2.27342e-12
      2995.00  2.26234e-12
      2997.00  2.35368e-12
      2998.80  2.66810e-12
      3000.60  2.72845e-12
      3002.60  2.65053e-12
      3004.40  2.51235e-12
      3006.20  2.14784e-12
      3008.20  2.00494e-12
      3010.00  1.88233e-12
      3011.80  1.96762e-12
      3013.80  2.21495e-12
      3015.60  2.38606e-12
      3017.40  2.43210e-12
      3019.40  2.35986e-12
      3021.20  2.43643e-12
      3023.20  2.44030e-12
      3025.00  2.51453e-12
      3026.80  2.48175e-12
      3028.80  2.45319e-12
      3030.60  2.32957e-12
      3032.40  2.30966e-12
      3034.40  2.43282e-12
      3036.20  2.43940e-12
      3038.00  2.48974e-12
      3040.00  2.45965e-12
      3041.80  2.40523e-12
      3043.60  2.34368e-12
      3045.60  2.29852e-12
      3047.40  2.26057e-12
      3049.20  2.28806e-12
      3051.20  2.37163e-12
      3053.00  2.47589e-12
      3054.80  2.54390e-12
      3056.80  2.43693e-12
      3058.60  2.38713e-12
      3060.40  2.36346e-12
      3062.40  2.44197e-12
      3064.20  2.57793e-12
      3066.20  2.54367e-12
      3068.00  2.59273e-12
      3069.80  2.55014e-12
      3071.80  2.53098e-12
      3073.60  2.44382e-12
      3075.40  2.37307e-12
      3077.40  2.32441e-12
      3079.20  2.45968e-12
      3081.00  2.43137e-12
      3083.00  2.31798e-12
      3084.80  2.22948e-12
      3086.60  2.13128e-12
      3088.60  2.26401e-12
      3090.40  2.53114e-12
      3092.20  2.83016e-12
      3094.20  2.84656e-12
      3096.00  2.78966e-12
      3097.80  2.75716e-12
      3099.80  2.71493e-12
      3101.60  2.66823e-12
      3103.40  2.57514e-12
      3105.40  2.51632e-12
      3107.20  2.53356e-12
      3109.20  2.59049e-12
      3111.00  2.51486e-12
      3112.80  2.29245e-12
      3114.80  2.35596e-12
      3116.60  2.33241e-12
      3118.40  2.34949e-12
      3120.40  2.22311e-12
      3122.20  2.16485e-12
      3124.00  2.19637e-12
      3126.00  2.21872e-12
      3127.80  2.10645e-12
      3129.60  2.10133e-12
      3131.60  2.04918e-12
      3133.40  2.08777e-12
      3135.20  2.03688e-12
      3137.20  1.92359e-12
      3139.00  1.92066e-12
      3140.80  1.83684e-12
      3142.80  1.83791e-12
      3144.60  1.81594e-12
      3146.40  1.70828e-12
      3148.40  1.86241e-12
      3150.20  2.14467e-12
      3152.20  2.47454e-12
      3154.00  2.57023e-12
      3155.80  2.38097e-12
      3157.80  2.50356e-12
      3159.60  2.42786e-12
      3161.40  2.32069e-12
      3163.40  2.17048e-12
      3165.20  2.10208e-12
      3167.00  2.05683e-12
      3169.00  2.19390e-12
      3170.80  2.18782e-12
      3172.60  2.17811e-12
      3174.60  2.23616e-12
      3176.40  2.44695e-12
      3178.20  2.67716e-12
      3180.20  2.69855e-12
      3182.00  2.78293e-12
      3183.80  2.58234e-12
      3185.80  2.37762e-12
      3187.60  2.43757e-12
      3189.40  2.38705e-12
      3191.40  2.57208e-12
      3193.20  2.44693e-12
      3195.20  2.40146e-12
      3197.00  2.20508e-12
      3198.80  2.13638e-12
      3200.80  2.22614e-12
      3202.60  2.30381e-12
      3204.40  2.37630e-12
      3206.40  2.33516e-12
      3208.20  2.20919e-12
      3210.00  2.13181e-12
      3212.00  2.05706e-12
      3213.80  2.04875e-12
      3215.60  2.16471e-12
      3217.60  2.18255e-12
      3219.40  2.04633e-12
      3221.20  2.06367e-12
      3223.20  2.13616e-12
      3225.00  2.32179e-12
      3226.80  2.46049e-12
      3228.80  2.46796e-12
      3230.60  2.46296e-12
      3232.40  2.38451e-12
      3234.40  2.32672e-12
      3236.20  2.06715e-12
      3238.20  2.02543e-12
      3240.00  1.92315e-12
      3241.80  2.09378e-12
      3243.80  2.25826e-12
      3245.60  2.35924e-12
      3247.40  2.33286e-12
      3249.40  2.31401e-12
      3251.20  2.55621e-12
      3253.00  2.79500e-12
      3255.00  3.17914e-12
      3256.80  3.21926e-12
      3258.60  2.97287e-12
      3260.60  2.98696e-12
      3262.40  3.14202e-12
      3264.20  3.15348e-12
      3266.20  3.25193e-12
      3268.00  3.54184e-12
      3269.80  3.77794e-12
      3271.80  3.85628e-12
      3273.60  3.48085e-12
      3275.40  3.22536e-12
      3277.40  3.39729e-12
      3279.20  3.18042e-12
      3281.20  3.00351e-12
      3283.00  3.02132e-12
      3284.80  3.06765e-12
      3286.80  3.17347e-12
      3288.60  3.16409e-12
      3290.40  3.14799e-12
      3292.40  3.32140e-12
      3294.20  3.45256e-12
      3296.00  3.63319e-12
      3298.00  3.63380e-12
      3299.80  3.88264e-12
      3301.60  1.60210e-12
      3303.60  1.44457e-12
      3550.06  1.45553e-12
      3551.80  1.94234e-12
      3553.53  1.97503e-12
      3555.27  2.00266e-12
      3557.01  1.95047e-12
      3558.75  2.05255e-12
      3560.49  1.33770e-12
      3562.22  1.83088e-12
      3563.96  1.75740e-12
      3565.70  1.85170e-12
      3567.44  1.88562e-12
      3569.17  1.94523e-12
      3570.91  2.02378e-12
      3572.65  2.05384e-12
      3574.39  2.00751e-12
      3576.13  1.68996e-12
      3577.86  1.74650e-12
      3579.60  1.81627e-12
      3581.34  1.84005e-12
      3583.08  1.80737e-12
      3584.82  1.94483e-12
      3586.56  2.05376e-12
      3588.29  2.06700e-12
      3590.03  1.99600e-12
      3591.77  1.80050e-12
      3593.51  1.77187e-12
      3595.25  1.59776e-12
      3596.98  1.88800e-12
      3598.72  1.67750e-12
      3600.46  1.77300e-12
      3602.20  1.47400e-12
      3603.94  2.12900e-12
      3605.68  1.75150e-12
      3607.41  1.84058e-12
      3609.15  2.01450e-12
      3610.89  1.61000e-12
      3612.63  1.62250e-12
      3614.37  1.82950e-12
      3616.11  1.73750e-12
      3617.84  1.75917e-12
      3619.58  1.75958e-12
      3621.32  1.87173e-12
      3623.06  1.52265e-12
      3624.80  1.60200e-12
      3626.54  1.56850e-12
      3628.27  1.53757e-12
      3630.01  1.56191e-12
      3631.75  2.03411e-12
      3633.49  1.70429e-12
      3635.23  1.90323e-12
      3636.97  1.84313e-12
      3638.71  1.70035e-12
      3640.44  1.76581e-12
      3642.18  1.70292e-12
      3643.92  1.86102e-12
      3645.66  1.76255e-12
      3647.40  1.81290e-12
      3649.14  1.91715e-12
      3650.88  1.79679e-12
      3652.62  1.68969e-12
      3654.35  1.67174e-12
      3656.09  1.71788e-12
      3657.83  1.68529e-12
      3659.57  1.67965e-12
      3661.31  1.75497e-12
      3663.05  1.88139e-12
      3664.79  1.88485e-12
      3666.53  1.67516e-12
      3668.26  1.77008e-12
      3670.00  1.88408e-12
      3671.74  1.71783e-12
      3673.48  1.95174e-12
      3675.22  1.80155e-12
      3676.96  1.81758e-12
      3678.70  1.90995e-12
      3680.44  1.74386e-12
      3682.18  1.92122e-12
      3683.92  1.69320e-12
      3685.65  1.94924e-12
      3687.39  1.97909e-12
      3689.13  1.78731e-12
      3690.87  1.74660e-12
      3692.61  1.76035e-12
      3694.35  1.71244e-12
      3696.09  1.78183e-12
      3697.83  1.94946e-12
      3699.57  1.83088e-12
      3701.31  1.48257e-12
      3703.05  1.69020e-12
      3704.78  2.21674e-12
      3706.52  2.27364e-12
      3708.26  1.78179e-12
      3710.00  1.82447e-12
      3711.74  1.91461e-12
      3713.48  1.83937e-12
      3715.22  1.61743e-12
      3716.96  1.65646e-12
      3718.70  1.55310e-12
      3720.44  1.99890e-12
      3722.18  2.41171e-12
      3723.92  1.96806e-12
      3725.66  1.61930e-12
      3727.40  1.72497e-12
      3729.14  1.72910e-12
      3730.87  1.59913e-12
      3732.61  1.71376e-12
      3734.35  2.45149e-12
      3736.09  2.33095e-12
      3737.83  2.20373e-12
      3739.57  1.55066e-12
      3741.31  1.54183e-12
      3743.05  1.49851e-12
      3744.79  1.69138e-12
      3746.53  1.81981e-12
      3748.27  1.89102e-12
      3750.01  2.59960e-12
      3751.75  2.32270e-12
      3753.49  1.79009e-12
      3755.23  1.44760e-12
      3756.97  1.43548e-12
      3758.71  1.54714e-12
      3760.45  1.55782e-12
      3762.19  1.58433e-12
      3763.93  1.45801e-12
      3765.67  1.66660e-12
      3767.41  1.81422e-12
      3769.15  2.08111e-12
      3770.89  2.90102e-12
      3772.63  2.51676e-12
      3774.37  1.96405e-12
      3776.11  1.65483e-12
      3777.85  1.62663e-12
      3779.59  1.43526e-12
      3781.33  1.35344e-12
      3783.07  1.37679e-12
      3784.81  1.43699e-12
      3786.55  1.48692e-12
      3788.29  1.59422e-12
      3790.03  1.47696e-12
      3791.77  1.54769e-12
      3793.51  1.70686e-12
      3795.25  2.09683e-12
      3796.99  2.85789e-12
      3798.73  3.77644e-12
      3800.47  2.56883e-12
      3802.21  1.91223e-12
      3803.95  1.61391e-12
      3805.69  1.57404e-12
      3807.43  1.49327e-12
      3809.17  1.41646e-12
      3810.91  1.27700e-12
      3812.65  1.27555e-12
      3814.39  1.41408e-12
      3816.13  1.43285e-12
      3817.87  1.35949e-12
      3819.61  1.43387e-12
      3821.35  1.54644e-12
      3823.09  1.35998e-12
      3824.83  1.48134e-12
      3826.57  1.64308e-12
      3828.31  1.68777e-12
      3830.05  1.85833e-12
      3831.79  2.07613e-12
      3833.53  2.54054e-12
      3835.27  3.88118e-12
      3837.01  3.65157e-12
      3838.75  2.57612e-12
      3840.49  1.97868e-12
      3842.23  1.72166e-12
      3843.97  1.52238e-12
      3845.71  1.44690e-12
      3847.45  1.29147e-12
      3849.19  1.27802e-12
      3850.93  1.38438e-12
      3852.68  1.22658e-12
      3854.42  1.18134e-12
      3856.16  1.40703e-12
      3857.90  1.29804e-12
      3859.64  1.42477e-12
      3861.38  1.29978e-12
      3863.12  1.26503e-12
      3864.86  1.21672e-12
      3866.60  1.29412e-12
      3868.34  1.25396e-12
      3870.08  1.20766e-12
      3871.82  1.35215e-12
      3873.56  1.38642e-12
      3875.30  1.20630e-12
      3877.04  1.27701e-12
      3878.79  1.57529e-12
      3880.53  1.45283e-12
      3882.27  1.47304e-12
      3884.01  1.75386e-12
      3885.75  2.14969e-12
      3887.49  3.01904e-12
      3889.23  5.13136e-12
      3890.97  3.84934e-12
      3892.71  2.49736e-12
      3894.45  1.98225e-12
      3896.19  1.76570e-12
      3897.94  1.56400e-12
      3899.68  1.49362e-12
      3901.42  1.40084e-12
      3903.16  1.31296e-12
      3904.90  1.41300e-12
      3906.64  1.61493e-12
      3908.38  1.25265e-12
      3910.12  1.18565e-12
      3911.86  1.19924e-12
      3913.60  1.27475e-12
      3915.35  1.25104e-12
      3917.09  1.27546e-12
      3918.83  1.22992e-12
      3920.57  1.28379e-12
      3922.31  1.26130e-12
      3924.05  1.26362e-12
      3925.79  1.21385e-12
      3927.53  1.26574e-12
      3929.28  1.39788e-12
      3931.02  1.40427e-12
      3932.76  2.15761e-12
      3934.50  4.55543e-12
      3936.24  1.73122e-12
      3937.98  1.37368e-12
      3939.72  1.27581e-12
      3941.46  1.19767e-12
      3943.21  1.25503e-12
      3944.95  1.34699e-12
      3946.69  1.22238e-12
      3948.43  1.24886e-12
      3950.17  1.23298e-12
      3951.91  1.28202e-12
      3953.65  1.25461e-12
      3955.40  1.26978e-12
      3957.14  1.37195e-12
      3958.88  1.33205e-12
      3960.62  1.40824e-12
      3962.36  1.63462e-12
      3964.10  1.73203e-12
      3965.85  2.10160e-12
      3967.59  3.28952e-12
      3969.33  6.57517e-12
      3971.07  5.87638e-12
      3972.81  3.29985e-12
      3974.55  2.36629e-12
      3976.30  1.89475e-12
      3978.04  1.68641e-12
      3979.78  1.47453e-12
      3981.52  1.39810e-12
      3983.26  1.34908e-12
      3985.00  1.29073e-12
      3986.75  1.31049e-12
      3988.49  1.23053e-12
      3990.23  1.18634e-12
      3991.97  1.21844e-12
      3993.71  1.18030e-12
      3995.45  1.20306e-12
      3997.20  1.27501e-12
      3998.94  1.24862e-12
      4000.68  1.19320e-12
      4002.42  1.18416e-12
      4004.16  1.23444e-12
      4005.91  1.35466e-12
      4007.65  1.26217e-12
      4009.39  1.20102e-12
      4011.13  1.22213e-12
      4012.87  1.23682e-12
      4014.62  1.27934e-12
      4016.36  1.21594e-12
      4018.10  1.26402e-12
      4019.84  1.20112e-12
      4021.58  1.20144e-12
      4023.33  1.24928e-12
      4025.07  1.32470e-12
      4026.81  1.55619e-12
      4028.55  1.31709e-12
      4030.30  1.25981e-12
      4032.04  1.31713e-12
      4033.78  1.25460e-12
      4035.52  1.24274e-12
      4037.26  1.22977e-12
      4039.01  1.21103e-12
      4040.75  1.22484e-12
      4042.49  1.22984e-12
      4044.23  1.26883e-12
      4045.98  1.36693e-12
      4047.72  1.24075e-12
      4049.46  1.19587e-12
      4051.20  1.22041e-12
      4052.95  1.24582e-12
      4054.69  1.26364e-12
      4056.43  1.25047e-12
      4058.17  1.28883e-12
      4059.91  1.25820e-12
      4061.66  1.23491e-12
      4063.40  1.32622e-12
      4065.14  1.25646e-12
      4066.88  1.26902e-12
      4068.63  1.28745e-12
      4070.37  1.24627e-12
      4072.11  1.32411e-12
      4073.85  1.22107e-12
      4075.60  1.24747e-12
      4077.34  1.41010e-12
      4079.08  1.39918e-12
      4080.83  1.27099e-12
      4082.57  1.21169e-12
      4084.31  1.31853e-12
      4086.05  1.34032e-12
      4087.80  1.29095e-12
      4089.54  1.34497e-12
      4091.28  1.38933e-12
      4093.02  1.47240e-12
      4094.77  1.65325e-12
      4096.51  1.95893e-12
      4098.25  2.46437e-12
      4100.00  3.51285e-12
      4101.74  6.38308e-12
      4103.48  5.19550e-12
      4105.22  3.07052e-12
      4106.97  2.31427e-12
      4108.71  1.88153e-12
      4110.45  1.67106e-12
      4112.20  1.51047e-12
      4113.94  1.43447e-12
      4115.68  1.34412e-12
      4117.42  1.29006e-12
      4119.17  1.33255e-12
      4120.91  1.33041e-12
      4122.65  1.32978e-12
      4124.40  1.28653e-12
      4126.14  1.28905e-12
      4127.88  1.30381e-12
      4129.63  1.27379e-12
      4131.37  1.28628e-12
      4133.11  1.36072e-12
      4134.85  1.27793e-12
      4136.60  1.26008e-12
      4138.34  1.23239e-12
      4140.08  1.23819e-12
      4141.83  1.21738e-12
      4143.57  1.33950e-12
      4145.31  1.32969e-12
      4147.06  1.25182e-12
      4148.80  1.26416e-12
      4150.54  1.23686e-12
      4152.29  1.26762e-12
      4154.03  1.29295e-12
      4155.77  1.28758e-12
      4157.52  1.28632e-12
      4159.26  1.27627e-12
      4161.00  1.26814e-12
      4162.75  1.23322e-12
      4164.49  1.26454e-12
      4166.23  1.22637e-12
      4167.98  1.30250e-12
      4169.72  1.22342e-12
      4171.46  1.28763e-12
      4173.21  1.34030e-12
      4174.95  1.29280e-12
      4176.69  1.28666e-12
      4178.44  1.31800e-12
      4180.18  1.30726e-12
      4181.93  1.29208e-12
      4183.67  1.26376e-12
      4185.41  1.22705e-12
      4187.16  1.27004e-12
      4188.90  1.27236e-12
      4190.64  1.23740e-12
      4192.39  1.26158e-12
      4194.13  1.20347e-12
      4195.87  1.26469e-12
      4197.62  1.25048e-12
      4199.36  1.33067e-12
      4201.11  1.24813e-12
      4202.85  1.28414e-12
      4204.59  1.23840e-12
      4206.34  1.20878e-12
      4208.08  1.21427e-12
      4209.82  1.21815e-12
      4211.57  1.21310e-12
      4213.31  1.18472e-12
      4215.06  1.25130e-12
      4216.80  1.33576e-12
      4218.54  1.19244e-12
      4220.29  1.18815e-12
      4222.03  1.15078e-12
      4223.78  1.13137e-12
      4225.52  1.17531e-12
      4227.26  1.43721e-12
      4229.01  1.14112e-12
      4230.75  1.08912e-12
      4232.50  1.19729e-12
      4234.24  1.36409e-12
      4235.98  1.21921e-12
      4237.73  1.19779e-12
      4239.47  1.22622e-12
      4241.22  1.19791e-12
      4242.96  1.15171e-12
      4244.70  1.16958e-12
      4246.45  1.22128e-12
      4248.19  1.25130e-12
      4249.94  1.21886e-12
      4251.68  1.29586e-12
      4253.43  1.18325e-12
      4255.17  1.24086e-12
      4256.91  1.16756e-12
      4258.66  1.16973e-12
      4260.40  1.27729e-12
      4262.15  1.22426e-12
      4263.89  1.17007e-12
      4265.64  1.16255e-12
      4267.38  1.18082e-12
      4269.12  1.21126e-12
      4270.87  1.23824e-12
      4272.61  1.32552e-12
      4274.36  1.20265e-12
      4276.10  1.19719e-12
      4277.85  1.15536e-12
      4279.59  1.21076e-12
      4281.33  1.19966e-12
      4283.08  1.24095e-12
      4284.82  1.19697e-12
      4286.57  1.21149e-12
      4288.31  1.19786e-12
      4290.06  1.26800e-12
      4291.80  1.22448e-12
      4293.55  1.23631e-12
      4295.29  1.28942e-12
      4297.04  1.21707e-12
      4298.78  1.25300e-12
      4300.52  1.33808e-12
      4302.27  1.24949e-12
      4304.01  1.27226e-12
      4305.76  1.21816e-12
      4307.50  1.27231e-12
      4309.25  1.29150e-12
      4310.99  1.23940e-12
      4312.74  1.26061e-12
      4314.48  1.30221e-12
      4316.23  1.25616e-12
      4317.97  1.16927e-12
      4319.72  1.22586e-12
      4321.46  1.25516e-12
      4323.21  1.25627e-12
      4324.95  1.32623e-12
      4326.70  1.40618e-12
      4328.44  1.37372e-12
      4330.19  1.42894e-12
      4331.93  1.57160e-12
      4333.68  1.74204e-12
      4335.42  2.04639e-12
      4337.17  2.69098e-12
      4338.91  3.98365e-12
      4340.66  7.47802e-12
      4342.40  5.29974e-12
      4344.15  3.14186e-12
      4345.89  2.27934e-12
      4347.64  1.88699e-12
      4349.38  1.64839e-12
      4351.13  1.55008e-12
      4352.87  1.58291e-12
      4354.62  1.32085e-12
      4356.36  1.30946e-12
      4358.11  1.30573e-12
      4359.85  1.25575e-12
      4361.60  1.23597e-12
      4363.34  1.22190e-12
      4365.09  1.23140e-12
      4366.83  1.25034e-12
      4368.58  1.24458e-12
      4370.32  1.25830e-12
      4372.07  1.24156e-12
      4373.81  1.26034e-12
      4375.56  1.28886e-12
      4377.30  1.25949e-12
      4379.05  1.20436e-12
      4380.80  1.20244e-12
      4382.54  1.24084e-12
      4384.29  1.40290e-12
      4386.03  1.32834e-12
      4387.78  1.32769e-12
      4389.52  1.32717e-12
      4391.27  1.25113e-12
      4393.01  1.25843e-12
      4394.76  1.27663e-12
      4396.50  1.28055e-12
      4398.25  1.23750e-12
      4400.00  1.27334e-12
      4401.74  1.29142e-12
      4403.49  1.24118e-12
      4405.23  1.33596e-12
      4406.98  1.23612e-12
      4408.72  1.26360e-12
      4410.47  1.25832e-12
      4412.21  1.25758e-12
      4413.96  1.26559e-12
      4415.71  1.36650e-12
      4417.45  1.38720e-12
      4419.20  1.31159e-12
      4420.94  1.25315e-12
      4422.69  1.26796e-12
      4424.44  1.27334e-12
      4426.18  1.22343e-12
      4427.93  1.27819e-12
      4429.67  1.25081e-12
      4431.42  1.29656e-12
      4433.16  1.29765e-12
      4434.91  1.25122e-12
      4436.66  1.24907e-12
      4438.40  1.26387e-12
      4440.15  1.77615e-12
