	1497 s
A	erg/s/cm2/A
1003.6	4.66099E-14
1007	2.23173E-13
1008.2	3.56591E-13
1011.8	3.89958E-13
1013	8.77577E-14
1015.4	2.34447E-13
1016.6	4.11829E-13
1017.6	1.26764E-13
1018.8	1.08471E-13
1023.6	6.74452E-14
1024.8	1.47411E-14
1026	1.15761E-13
1027.2	1.03443E-13
1029.4	3.77355E-14
1030.6	1.64386E-13
1035.4	1.85941E-13
1036.6	9.66013E-14
1044.8	1.16175E-13
1046	3.75544E-14
1048.4	7.37876E-14
1050.8	3.1966E-13
1052	3.05302E-13
1053	7.10497E-14
1056.6	3.7964E-13
1057.8	2.62706E-13
1063.8	2.87169E-15
1069.6	1.16841E-13
1072	2.26575E-14
1076.6	8.32194E-15
1079	4.28648E-14
1080.2	7.14304E-14
1083.8	7.45262E-14
1086.2	3.5937E-14
1088.4	8.17351E-14
1089.6	3.23753E-13
1094.4	4.81297E-14
1095.6	1.58119E-13
1098	3.17349E-14
1099.2	7.29388E-14
1103.8	1.65621E-13
1105	2.82256E-14
1106.2	2.27746E-14
1108.6	6.49215E-14
1112	8.25671E-14
1113.2	1.01257E-13
1114.4	5.8762E-15
1115.6	1.81822E-13
1116.8	2.27186E-13
1118	1.80438E-13
1119.2	1.92035E-13
1120.4	2.17298E-13
1121.6	5.69589E-14
1122.6	7.78855E-14
1125	5.21272E-14
1129.8	3.15185E-14
1132.2	2.71124E-14
1133.4	1.34289E-14
1134.4	2.61398E-13
1135.6	9.49924E-14
1136.8	2.07422E-13
1138	9.09847E-14
1139.2	1.99116E-13
1140.4	1.98611E-13
1141.6	4.63893E-13
1142.8	2.72203E-13
1144	4.12906E-13
1145.2	4.49767E-13
1146.2	6.97516E-13
1147.4	5.76986E-13
1148.6	8.67288E-13
1149.8	8.69733E-13
1151	1.36043E-13
1152.2	1.4691E-13
1153.4	1.50011E-13
1154.6	1.42022E-13
1155.8	1.43218E-13
1157	1.88986E-13
1158	2.15105E-13
1159.2	1.94858E-13
1160.4	2.77802E-13
1161.6	4.08002E-13
1162.8	2.84106E-13
1164	1.98345E-13
1165.2	1.82259E-13
1166.4	2.05057E-13
1167.6	1.88462E-13
1168.8	2.03649E-13
1169.8	2.06766E-13
1171	2.72525E-13
1172.2	4.47307E-13
1173.4	6.48287E-13
1174.6	7.22717E-13
1175.8	7.27698E-13
1177	5.43132E-13
1178.2	3.65995E-13
1179.4	2.70196E-13
1180.6	2.19213E-13
1181.6	1.9125E-13
1182.8	1.73867E-13
1184	1.88831E-13
1185.2	1.75107E-13
1186.4	1.62641E-13
1187.6	1.92727E-13
1188.8	1.85964E-13
1190	1.76467E-13
1191.2	1.862E-13
1192.4	1.862E-13
1193.4	1.862E-13
1194.6	1.862E-13
1195.8	1.862E-13
1197	1.862E-13
1198.2	1.862E-13
1199.4	1.862E-13
1200.91	1.862E-13
1202.61	1.862E-13
1204.41	1.85627E-13
1206.11	1.08837E-12
1207.91	1.85627E-13
1209.61	1.85627E-13
1211.41	1.85627E-13
1213.11	4.77565E-13
1214.91	6.00075E-12
1216.61	6.6481E-12
1218.41	7.74724E-13
1220.11	1.862E-13
1221.91	1.862E-13
1223.61	1.862E-13
1225.41	1.862E-13
1227.11	1.862E-13
1228.91	1.862E-13
1231.2	1.94093E-13
1232.4	1.98805E-13
1233.6	2.0288E-13
1234.8	1.96771E-13
1236	2.32808E-13
1237.2	2.56878E-13
1238.4	2.39759E-13
1239.4	2.47957E-13
1240.6	2.53417E-13
1241.8	2.47835E-13
1243	2.27703E-13
1244.2	2.4025E-13
1245.4	2.46023E-13
1246.6	2.49374E-13
1247.8	2.57856E-13
1249	2.28471E-13
1250.2	2.18716E-13
1251.2	2.11013E-13
1252.4	2.023E-13
1253.6	2.01352E-13
1254.8	1.96048E-13
1256	2.25122E-13
1257.2	2.0903E-13
1258.4	1.9061E-13
1259.6	1.9232E-13
1260.8	2.05806E-13
1262	2.36077E-13
1263	2.24745E-13
1264.2	2.23459E-13
1265.4	2.08526E-13
1266.6	2.15206E-13
1267.8	2.34359E-13
1269	2.24979E-13
1270.2	2.18401E-13
1271.4	2.0422E-13
1272.6	2.06773E-13
1273.8	2.33749E-13
1274.8	2.28368E-13
1276	2.06958E-13
1277.2	2.18553E-13
1278.4	2.08242E-13
1279.6	2.33988E-13
1280.8	2.08092E-13
1282	2.21368E-13
1283.2	2.18037E-13
1284.4	2.16576E-13
1285.6	2.3169E-13
1286.6	2.3441E-13
1287.8	2.51935E-13
1289	2.31201E-13
1290.2	2.71596E-13
1291.4	2.3771E-13
1292.6	2.47456E-13
1293.8	2.63241E-13
1295	2.88124E-13
1296.2	3.14832E-13
1297.4	3.38881E-13
1298.4	3.26371E-13
1299.6	2.89334E-13
1300.8	3.08279E-13
1302	3.0607E-13
1303.2	3.22609E-13
1304.4	2.75664E-13
1305.6	2.45071E-13
1306.8	2.50553E-13
1308	2.34207E-13
1309.2	2.0773E-13
1310.2	2.37607E-13
1311.4	2.64721E-13
1312.6	2.34071E-13
1313.8	2.31339E-13
1315	2.26717E-13
1316.2	2.30059E-13
1317.4	2.28334E-13
1318.6	2.07364E-13
1319.8	2.35283E-13
1320.8	2.11245E-13
1322	2.17427E-13
1323.2	2.33847E-13
1324.4	2.37351E-13
1325.6	2.36336E-13
1326.8	2.33649E-13
1328	2.08886E-13
1329.2	2.40274E-13
1330.4	2.37877E-13
1331.6	2.55943E-13
1332.6	3.40373E-13
1333.8	3.96059E-13
1335	4.3273E-13
1336.2	4.28359E-13
1337.4	3.88651E-13
1338.6	3.07088E-13
1339.8	2.47999E-13
1341	2.02144E-13
1342.2	2.31921E-13
1343.4	2.40741E-13
1344.4	2.18488E-13
1345.6	2.33949E-13
1346.8	2.13696E-13
1348	2.26583E-13
1349.2	2.08087E-13
1350.4	1.91755E-13
1351.6	2.07763E-13
1352.8	2.13207E-13
1354	2.2576E-13
1355.2	2.4006E-13
1356.2	2.25441E-13
1357.4	2.05882E-13
1358.6	2.05502E-13
1359.8	2.09665E-13
1361	2.12905E-13
1362.2	2.0606E-13
1363.4	2.17714E-13
1364.6	2.29503E-13
1365.8	2.3462E-13
1367	2.2515E-13
1368	2.14437E-13
1369.2	2.20782E-13
1370.4	2.02753E-13
1371.6	2.1611E-13
1372.8	2.4893E-13
1374	2.24801E-13
1375.2	2.07828E-13
1376.4	1.90942E-13
1377.6	2.16267E-13
1378.8	2.21578E-13
1379.8	1.99492E-13
1381	2.17343E-13
1382.2	2.35292E-13
1383.4	1.99378E-13
1384.6	2.05712E-13
1385.8	2.13121E-13
1387	2.12506E-13
1388.2	2.34885E-13
1389.4	2.56185E-13
1390.6	3.04564E-13
1391.6	3.95319E-13
1392.8	4.88548E-13
1394	5.0191E-13
1395.2	4.51741E-13
1396.4	3.44376E-13
1397.6	2.77438E-13
1398.8	2.87269E-13
1400	3.24837E-13
1401.2	3.93011E-13
1402.4	3.95246E-13
1403.4	3.85215E-13
1404.6	3.74628E-13
1405.8	2.82988E-13
1407	2.39458E-13
1408.2	2.22996E-13
1409.4	2.41874E-13
1410.6	2.07223E-13
1411.8	2.00648E-13
1413	2.18358E-13
1414	2.23522E-13
1415.2	2.21983E-13
1416.4	2.31391E-13
1417.6	2.29161E-13
1418.8	2.28437E-13
1420	2.10625E-13
1421.2	2.0784E-13
1422.4	2.30427E-13
1423.6	2.20144E-13
1424.8	2.2325E-13
1425.8	2.19058E-13
1427	2.06483E-13
1428.2	2.1234E-13
1429.4	2.16049E-13
1430.6	2.24588E-13
1431.8	2.1692E-13
1433	2.37896E-13
1434.2	2.12963E-13
1435.4	2.04499E-13
1436.6	2.08618E-13
1437.6	2.08558E-13
1438.8	2.07307E-13
1440	2.08797E-13
1441.2	2.00514E-13
1442.4	2.0996E-13
1443.6	2.16627E-13
1444.8	2.25746E-13
1446	2.18541E-13
1447.2	2.19732E-13
1448.4	2.1678E-13
1449.4	2.18344E-13
1450.6	2.37268E-13
1451.8	2.21141E-13
1453	2.04488E-13
1454.2	2.05007E-13
1455.4	2.20202E-13
1456.6	2.20456E-13
1457.8	2.36305E-13
1459	2.26201E-13
1460.2	2.17432E-13
1461.2	2.20827E-13
1462.4	2.27202E-13
1463.6	2.11542E-13
1464.8	2.20208E-13
1466	2.38185E-13
1467.2	2.28458E-13
1468.4	2.36108E-13
1469.6	2.47174E-13
1470.8	2.37494E-13
1472	2.21995E-13
1473	2.28689E-13
1474.2	2.406E-13
1475.4	2.31844E-13
1476.6	2.37193E-13
1477.8	2.3927E-13
1479	2.23949E-13
1480.2	2.34437E-13
1481.4	2.49002E-13
1482.6	2.27433E-13
1483.8	2.33069E-13
1484.8	2.49938E-13
1486	2.42668E-13
1487.2	2.61188E-13
1488.4	2.42879E-13
1489.6	2.5315E-13
1490.8	2.33594E-13
1492	2.36068E-13
1493.2	2.39092E-13
1494.4	2.51378E-13
1495.6	2.50875E-13
1496.6	2.46098E-13
1497.8	2.51244E-13
1499	2.52694E-13
1500.2	2.58678E-13
1501.4	2.58394E-13
1502.6	2.59874E-13
1503.8	2.33027E-13
1505	2.36171E-13
1506.2	2.30044E-13
1507.4	2.33879E-13
1508.4	2.27239E-13
1509.6	2.225E-13
1510.8	2.32291E-13
1512	2.40191E-13
1513.2	2.22476E-13
1514.4	2.04084E-13
1515.6	2.05868E-13
1516.8	2.04175E-13
1518	2.24512E-13
1519	2.49686E-13
1520.2	2.35365E-13
1521.4	2.30582E-13
1522.6	2.36714E-13
1523.8	2.43356E-13
1525	2.67837E-13
1526.2	2.41869E-13
1527.4	2.28503E-13
1528.6	2.52428E-13
1529.8	2.6713E-13
1530.8	2.51101E-13
1532	2.44484E-13
1533.2	2.39183E-13
1534.4	2.52936E-13
1535.6	2.34533E-13
1536.8	2.34533E-13
1538	2.34533E-13
1539.2	2.34533E-13
1540.4	2.34533E-13
1541.6	2.34533E-13
1542.6	2.34533E-13
1543.8	2.34533E-13
1545	2.34533E-13
1546.2	2.59912E-13
1547.4	3.06904E-13
1548.6	3.26996E-13
1549.8	3.26712E-13
1551	3.06341E-13
1552.2	2.84038E-13
1553.4	2.34958E-13
1554.4	2.34533E-13
1555.6	2.34533E-13
1556.8	2.34533E-13
1558	2.34533E-13
1559.2	2.34533E-13
1560.4	2.34533E-13
1561.6	2.34533E-13
1562.8	2.34533E-13
1564	2.34533E-13
1565.2	2.57414E-13
1566.2	2.61862E-13
1567.4	2.58558E-13
1568.6	2.48018E-13
1569.8	2.492E-13
1571	2.4357E-13
1572.2	2.24469E-13
1573.4	2.39439E-13
1574.6	2.32618E-13
1575.8	2.44493E-13
1577	2.51556E-13
1578	2.619E-13
1579.2	2.55462E-13
1580.4	2.69733E-13
1581.6	2.56324E-13
1582.8	2.45647E-13
1584	2.46058E-13
1585.2	2.48185E-13
1586.4	2.53561E-13
1587.6	2.37924E-13
1588.8	2.43511E-13
1589.8	2.39869E-13
1591	2.38558E-13
1592.2	2.39973E-13
1593.4	2.39157E-13
1594.6	2.51112E-13
1595.8	2.52078E-13
1597	2.43988E-13
1598.2	2.31719E-13
1599.4	2.39002E-13
1600.6	2.40591E-13
1601.6	2.24523E-13
1602.8	2.45586E-13
1604	2.45346E-13
1605.2	2.33682E-13
1606.4	2.27758E-13
1607.6	2.37579E-13
1608.8	2.60586E-13
1610	2.40433E-13
1611.2	2.29261E-13
1612.4	2.23221E-13
1613.4	2.28503E-13
1614.6	2.44543E-13
1615.8	2.34458E-13
1617	2.142E-13
1618.2	2.18083E-13
1619.4	2.38478E-13
1620.6	2.5197E-13
1621.8	2.45574E-13
1623	2.34603E-13
1624	2.38469E-13
1625.2	2.31383E-13
1626.4	2.29195E-13
1627.6	2.35788E-13
1628.8	2.22014E-13
1630	2.2561E-13
1631.2	2.34487E-13
1632.4	2.38349E-13
1633.6	2.45605E-13
1634.8	2.59618E-13
1635.8	2.64143E-13
1637	2.63906E-13
1638.2	3.17628E-13
1639.4	3.3205E-13
1640.6	3.47248E-13
1641.8	3.44308E-13
1643	3.06568E-13
1644.2	2.70438E-13
1645.4	2.41538E-13
1646.6	2.37703E-13
1647.6	2.38171E-13
1648.8	2.42438E-13
1650	2.14069E-13
1651.2	2.17338E-13
1652.4	2.43314E-13
1653.6	2.3497E-13
1654.8	2.42922E-13
1656	2.60184E-13
1657.2	2.73469E-13
1658.4	2.74458E-13
1659.4	2.65852E-13
1660.6	2.52351E-13
1661.8	2.48204E-13
1663	2.46878E-13
1664.2	2.37123E-13
1665.4	2.44392E-13
1666.6	2.4057E-13
1667.8	2.32382E-13
1669	2.32391E-13
1670.2	2.19617E-13
1671.2	2.26473E-13
1672.4	2.37087E-13
1673.6	2.40337E-13
1674.8	2.43316E-13
1676	2.34614E-13
1677.2	2.34366E-13
1678.4	2.3791E-13
1679.6	2.19177E-13
1680.8	2.24399E-13
1682	2.34055E-13
1683	2.31896E-13
1684.2	2.27536E-13
1685.4	2.2112E-13
1686.6	2.13395E-13
1687.8	2.27815E-13
1689	2.38542E-13
1690.2	2.29318E-13
1691.4	2.32924E-13
1692.6	2.39545E-13
1693.8	2.43629E-13
1694.8	2.54902E-13
1696	2.41256E-13
1697.2	2.26685E-13
1698.4	2.34552E-13
1699.6	2.41211E-13
1700.8	2.35339E-13
1702	2.39679E-13
1703.2	2.24068E-13
1704.4	2.23025E-13
1705.6	2.29652E-13
1706.6	2.3018E-13
1707.8	2.29216E-13
1709	2.17733E-13
1710.2	2.2055E-13
1711.4	2.33544E-13
1712.6	2.38678E-13
1713.8	2.34381E-13
1715	2.39916E-13
1716.2	2.41446E-13
1717.4	2.32285E-13
1718.4	2.4377E-13
1719.6	2.54973E-13
1720.8	2.46961E-13
1722	2.36178E-13
1723.2	2.2489E-13
1724.4	2.26552E-13
1725.6	2.37153E-13
1726.8	2.33625E-13
1728	2.32749E-13
1729	2.36787E-13
1730.2	2.30358E-13
1731.4	2.30988E-13
1732.6	2.22817E-13
1733.8	2.21145E-13
1735	2.27041E-13
1736.2	2.38488E-13
1737.4	2.38718E-13
1738.6	2.33941E-13
1739.8	2.39945E-13
1740.8	2.35574E-13
1742	2.26946E-13
1743.2	2.26299E-13
1744.4	2.31174E-13
1745.6	2.33999E-13
1746.8	2.44009E-13
1748	2.52245E-13
1749.2	2.45365E-13
1750.4	2.43521E-13
1751.6	2.43986E-13
1752.6	2.37315E-13
1753.8	2.45466E-13
1755	2.49451E-13
1756.2	2.46512E-13
1757.4	2.49752E-13
1758.6	2.48011E-13
1759.8	2.35165E-13
1761	2.2708E-13
1762.2	2.42546E-13
1763.4	2.51399E-13
1764.4	2.47515E-13
1765.6	2.38652E-13
1766.8	2.46209E-13
1768	2.47954E-13
1769.2	2.42712E-13
1770.4	2.41136E-13
1771.6	2.3686E-13
1772.8	2.41209E-13
1774	2.46531E-13
1775.2	2.49059E-13
1776.2	2.5013E-13
1777.4	2.47221E-13
1778.6	2.42146E-13
1779.8	2.41559E-13
1781	2.35447E-13
1782.2	2.42858E-13
1783.4	2.44501E-13
1784.6	2.49324E-13
1785.8	2.50267E-13
1787	2.4747E-13
1788	2.3374E-13
1789.2	2.2199E-13
1790.4	1.9968E-13
1791.6	1.69646E-13
1792.8	1.58035E-13
1794	1.75524E-13
1795.2	1.98151E-13
1796.4	2.14926E-13
1797.6	2.27957E-13
1798.8	2.35607E-13
1799.8	2.35135E-13
1801	2.42301E-13
1802.2	2.43178E-13
1803.4	2.42055E-13
1804.6	2.37635E-13
1805.8	2.45981E-13
1807	2.47666E-13
1808.2	2.51354E-13
1809.4	2.47858E-13
1810.6	2.46E-13
1811.6	2.3833E-13
1812.8	2.34609E-13
1814	2.35492E-13
1815.2	2.40647E-13
1816.4	2.41559E-13
1817.6	2.5209E-13
1818.8	2.47095E-13
1820	2.42423E-13
1821.2	2.35175E-13
1822.4	2.34701E-13
1823.4	2.36136E-13
1824.6	2.39919E-13
1825.8	2.41343E-13
1827	2.44291E-13
1828.2	2.43246E-13
1829.4	2.37593E-13
1830.6	2.30267E-13
1831.8	2.29614E-13
1833	2.23878E-13
1834	2.22554E-13
1835.2	2.23771E-13
1836.4	2.27628E-13
1837.6	2.27173E-13
1838.8	2.27746E-13
1840	2.29439E-13
1841.2	2.26384E-13
1842.4	2.30556E-13
1843.6	2.32452E-13
1844.8	2.26927E-13
1845.8	2.27778E-13
1847	2.294E-13
1848.2	2.32712E-13
1849.4	2.28964E-13
1850.6	2.35981E-13
1851.8	2.3971E-13
1853	2.43791E-13
1854.2	2.4272E-13
1855.4	2.42665E-13
1856.6	2.40642E-13
1857.6	2.44458E-13
1858.8	2.45985E-13
1860	2.45476E-13
1861.2	2.4287E-13
1862.4	2.45593E-13
1863.6	2.39174E-13
1864.8	2.41216E-13
1866	2.35433E-13
1867.2	2.28541E-13
1868.4	2.2009E-13
1869.4	2.27147E-13
1870.6	2.24997E-13
1871.8	2.30943E-13
1873	2.29972E-13
1874.2	2.29813E-13
1875.4	2.26232E-13
1876.6	2.27626E-13
1877.8	2.22006E-13
1879	2.21696E-13
1880.2	2.21876E-13
1881.2	2.28436E-13
1882.4	2.27007E-13
1883.6	2.30406E-13
1884.8	2.2432E-13
1886	2.26222E-13
1887.2	2.23915E-13
1888.4	2.28986E-13
1889.6	2.25024E-13
1890.8	2.29186E-13
1892	2.30551E-13
1893	2.34463E-13
1894.2	2.32289E-13
1895.4	2.33125E-13
1896.6	2.32375E-13
1897.8	2.3134E-13
1899	2.27706E-13
1900.2	2.29407E-13
1901.4	2.27294E-13
1902.6	2.26085E-13
1903.8	2.20608E-13
1904.8	2.20521E-13
1906	2.19381E-13
1907.2	2.25813E-13
1908.4	2.26556E-13
1909.6	2.28863E-13
1910.8	2.26069E-13
1912	2.2762E-13
1913.2	2.28256E-13
1914.4	2.29965E-13
1915.6	2.29402E-13
1916.6	2.33047E-13
1917.8	2.28024E-13
1919	2.26031E-13
1920.2	2.21205E-13
1921.4	2.22152E-13
1922.6	2.26772E-13
1923.8	2.28574E-13
1925	2.25371E-13
1926.2	2.29124E-13
1927.4	2.34705E-13
1928.4	2.35699E-13
1929.6	2.3619E-13
1930.8	2.33781E-13
1932	2.29935E-13
1933.2	2.30483E-13
1934.4	2.23985E-13
1935.6	2.26216E-13
1936.8	2.20898E-13
1938	2.22353E-13
1939	2.20611E-13
1940.2	2.24401E-13
1941.4	2.22472E-13
1942.6	2.22011E-13
1943.8	2.20558E-13
1945	2.18161E-13
1946.2	2.18825E-13
1947.4	2.18386E-13
1948.6	2.19569E-13
1949.8	2.19838E-13
1950.8	2.20857E-13
1952	2.2477E-13
1953.2	2.25664E-13
1954.4	2.29143E-13
1955.6	2.29738E-13
1956.8	2.31084E-13
1958	2.26354E-13
1959.2	2.27525E-13
1960.4	2.28042E-13
1961.6	2.2754E-13
1962.6	2.26781E-13
1963.8	2.27515E-13
1965	2.26497E-13
1966.2	2.2181E-13
1967.4	2.17787E-13
1968.6	2.15817E-13
1969.8	2.17744E-13
1971	2.17469E-13
1972.2	2.14111E-13
1973.4	2.14761E-13
1974.4	2.15325E-13
1975.6	2.18564E-13
1976.8	2.19512E-13
1978	2.21824E-13
1979.2	2.20987E-13
1980.4	2.21829E-13
1981.6	2.22799E-13
1982.8	2.2814E-13
2000.4	2.14746E-13
2002.2	2.14473E-13
2004.2	2.11104E-13
2006	2.11329E-13
2009.8	2.10716E-13
2011.6	2.01549E-13
2013.6	1.98459E-13
2015.4	2.02498E-13
2017.2	2.03402E-13
2019.2	2.08286E-13
2021	2.07211E-13
2022.8	1.99661E-13
2024.8	1.96366E-13
2026.6	1.96135E-13
2028.4	2.05568E-13
2030.4	1.9825E-13
2032.2	1.92923E-13
2034	1.97002E-13
2036	2.00846E-13
2037.8	2.06827E-13
2039.6	2.15161E-13
2041.6	2.13804E-13
2043.4	2.12061E-13
2045.4	2.20038E-13
2047.2	2.19887E-13
2049	2.18063E-13
2051	2.28684E-13
2052.8	2.32729E-13
2054.6	2.24901E-13
2056.6	2.20148E-13
2058.4	2.22237E-13
2060.2	2.30199E-13
2062.2	2.38706E-13
2064	2.38434E-13
2065.8	2.32881E-13
2067.8	2.26207E-13
2069.6	2.2449E-13
2071.4	2.19446E-13
2073.4	2.25153E-13
2075.2	2.24806E-13
2077	2.16767E-13
2079	2.08821E-13
2080.8	2.0578E-13
2082.6	2.10234E-13
2084.6	2.03151E-13
2086.4	1.9415E-13
2088.4	1.90411E-13
2090.2	1.81834E-13
2092	1.81697E-13
2094	1.97889E-13
2095.8	2.11229E-13
2097.6	2.08005E-13
2099.6	2.0276E-13
2101.4	2.03253E-13
2103.2	2.08088E-13
2105.2	2.21737E-13
2107	2.29486E-13
2108.8	2.40081E-13
2110.8	2.5139E-13
2112.6	2.57945E-13
2114.4	2.53995E-13
2116.4	2.57797E-13
2118.2	2.65802E-13
2120	2.75107E-13
2122	2.75823E-13
2123.8	2.76869E-13
2125.6	2.87995E-13
2127.6	2.89026E-13
2129.4	2.92778E-13
2131.4	2.97372E-13
2133.2	2.87743E-13
2135	2.79933E-13
2137	2.79858E-13
2138.8	2.78824E-13
2140.6	2.8216E-13
2142.6	2.79968E-13
2144.4	2.7143E-13
2146.2	2.67896E-13
2148.2	2.69545E-13
2150	2.68006E-13
2151.8	2.63432E-13
2153.8	2.59505E-13
2155.6	2.60715E-13
2157.4	2.70577E-13
2159.4	2.80323E-13
2161.2	2.75213E-13
2163	2.70147E-13
2165	2.66674E-13
2166.8	2.70835E-13
2168.6	2.71972E-13
2170.6	2.73173E-13
2172.4	2.75516E-13
2174.4	2.69717E-13
2176.2	2.66061E-13
2178	2.64456E-13
2180	2.60485E-13
2181.8	2.61018E-13
2183.6	2.58462E-13
2185.6	2.58568E-13
2187.4	2.5552E-13
2189.2	2.53018E-13
2191.2	2.49928E-13
2193	2.52257E-13
2194.8	2.48511E-13
2196.8	2.40313E-13
2198.6	2.27203E-13
2200.4	2.3352E-13
2202.4	2.7705E-13
2204.2	1.79393E-13
2206	4.65267E-13
2208	4.4117E-13
2209.8	1.84212E-13
2211.8	3.18542E-13
2213.6	3.97325E-13
2215.4	2.10072E-13
2217.4	1.60697E-13
2219.2	3.02461E-13
2221	3.74767E-13
2223	2.77642E-13
2224.8	3.20161E-13
2226.6	2.98942E-13
2228.6	2.75283E-13
2230.4	3.95154E-13
2232.2	2.42658E-13
2234.2	3.75333E-13
2236	4.54732E-13
2237.8	3.78756E-13
2239.8	2.47557E-13
2241.6	3.19068E-13
2243.4	3.45908E-13
2245.4	3.67584E-13
2247.2	3.49701E-13
2249	3.10196E-13
2251	4.40624E-13
2252.8	4.94457E-13
2254.8	5.88353E-13
2256.6	4.57962E-13
2258.4	4.10208E-13
2260.4	6.45569E-13
2262.2	6.11892E-13
2264	4.68977E-13
2266	3.99997E-13
2267.8	4.76771E-13
2269.6	5.30907E-13
2271.6	4.88329E-13
2273.4	3.10638E-13
2275.2	4.03714E-13
2277.2	5.57373E-13
2279	4.71254E-13
2280.8	4.26585E-13
2282.8	4.79678E-13
2284.6	2.38377E-13
2286.4	3.53749E-13
2288.4	4.70566E-13
2290.2	3.18439E-13
2292	3.11611E-13
2294	4.33037E-13
2295.8	4.36217E-13
2297.8	4.24379E-13
2299.6	5.64561E-13
2301.4	6.19009E-13
2303.4	5.15136E-13
2305.2	3.75652E-13
2307	3.29036E-13
2309	2.68025E-13
2310.8	3.80753E-13
2312.6	2.99522E-13
2314.6	3.58296E-13
2316.4	4.17471E-13
2318.2	3.97156E-13
2320.2	5.05354E-13
2322	4.01454E-13
2323.8	3.64283E-13
2325.8	4.71637E-13
2327.6	6.27881E-13
2329.4	6.24103E-13
2331.4	6.07545E-13
2333.2	7.24806E-13
2335	6.12467E-13
2337	5.53242E-13
2338.8	7.51631E-13
2340.8	8.12663E-13
2342.6	7.90997E-13
2344.4	8.86098E-13
2346.4	8.88575E-13
2348.2	7.5149E-13
2350	8.06681E-13
2352	7.75407E-13
2353.8	5.33597E-13
2355.6	6.00233E-13
2357.6	6.52096E-13
2359.4	7.85304E-13
2361.2	9.57539E-13
2363.2	8.50208E-13
2365	8.65307E-13
2366.8	8.43041E-13
2368.8	8.75845E-13
2370.6	7.84512E-13
2372.4	6.46224E-13
2374.4	5.98301E-13
2376.2	6.27707E-13
2378	8.96731E-13
2380	1.09787E-12
2381.8	1.22177E-12
2383.8	1.18279E-12
2385.6	1.15624E-12
2387.4	8.62795E-13
2389.4	7.34432E-13
2391.2	7.01032E-13
2393	8.58345E-13
2395	1.01161E-12
2396.8	9.3674E-13
2398.6	9.70406E-13
2400.6	9.80869E-13
2402.4	9.58951E-13
2404.2	1.01015E-12
2406.2	9.73789E-13
2408	1.08924E-12
2409.8	1.28171E-12
2411.8	1.01723E-12
2413.6	9.24745E-13
2415.4	7.67012E-13
2417.4	4.77554E-13
2419.2	5.03085E-13
2421	5.90914E-13
2423	6.16711E-13
2424.8	6.41584E-13
2426.8	6.93964E-13
2428.6	7.15839E-13
2430.4	7.59418E-13
2432.4	7.4181E-13
2434.2	6.78215E-13
2436	8.03046E-13
2438	7.4138E-13
2439.8	7.58957E-13
2441.6	6.98405E-13
2443.6	6.20764E-13
2445.4	7.26537E-13
2447.2	7.86549E-13
2449.2	7.84719E-13
2451	7.08088E-13
2452.8	6.72369E-13
2454.8	6.57876E-13
2456.6	7.11483E-13
2458.4	7.3224E-13
2460.4	7.43619E-13
2462.2	7.71375E-13
2464	7.64585E-13
2466	7.94547E-13
2467.8	8.46808E-13
2469.8	7.87177E-13
2471.6	8.10107E-13
2473.4	7.17996E-13
2475.4	7.86185E-13
2477.2	8.39273E-13
2479	9.0139E-13
2481	1.01451E-12
2482.8	8.65671E-13
2484.6	7.47646E-13
2486.6	8.0369E-13
2488.4	8.02139E-13
2490.2	7.87966E-13
2492.2	9.53251E-13
2494	8.13107E-13
2495.8	6.74455E-13
2497.8	7.30701E-13
2499.6	6.58327E-13
2501.4	6.73678E-13
2503.4	6.51875E-13
2505.2	8.31578E-13
2507.2	9.35267E-13
2509	8.57203E-13
2510.8	7.14514E-13
2512.8	7.61255E-13
2514.6	8.44884E-13
2516.4	8.82739E-13
2518.4	7.80854E-13
2520.2	8.32729E-13
2522	9.27823E-13
2524	1.02629E-12
2525.8	1.14384E-12
2527.6	1.09085E-12
2529.6	1.18708E-12
2531.4	1.19641E-12
2533.2	1.05318E-12
2535.2	9.63343E-13
2537	1.15033E-12
2538.8	1.22239E-12
2540.8	1.14052E-12
2542.6	9.95866E-13
2544.4	9.65331E-13
2546.4	9.75227E-13
2548.2	1.03255E-12
2550.2	1.04252E-12
2552	9.42076E-13
2553.8	7.33137E-13
2555.8	6.80261E-13
2557.6	7.07477E-13
2559.4	7.30095E-13
2561.4	7.6661E-13
2563.2	7.10734E-13
2565	7.82637E-13
2567	7.63008E-13
2568.8	7.13509E-13
2570.6	7.83509E-13
2572.6	8.96418E-13
2574.4	8.39289E-13
2576.2	7.52482E-13
2578.2	7.10078E-13
2580	6.64077E-13
2581.8	7.41443E-13
2583.8	9.24374E-13
2585.6	1.00427E-12
2587.4	8.89059E-13
2589.4	7.9264E-13
2591.2	7.84451E-13
2593.2	8.2501E-13
2595	9.00781E-13
2596.8	9.81233E-13
2598.8	1.05136E-12
2600.6	1.06819E-12
2602.4	9.37231E-13
2604.4	9.63105E-13
2606.2	1.10507E-12
2608	1.14701E-12
2610	1.23591E-12
2611.8	1.24111E-12
2613.6	1.07977E-12
2615.6	1.29567E-12
2617.4	1.0826E-12
2619.2	1.06562E-12
2621.2	1.08601E-12
2623	1.1352E-12
2624.8	1.14494E-12
2626.8	1.20849E-12
2628.6	1.26647E-12
2630.4	1.27998E-12
2632.4	1.21465E-12
2634.2	8.81277E-13
2636.2	6.71913E-13
2638	6.53034E-13
2639.8	6.60515E-13
2641.8	6.0258E-13
2643.6	6.17336E-13
2645.4	5.56276E-13
2647.4	5.38806E-13
2649.2	5.2593E-13
2651	5.52697E-13
2653	5.98658E-13
2654.8	6.3512E-13
2656.6	6.29866E-13
2658.6	6.09948E-13
2660.4	6.49258E-13
2662.2	7.62397E-13
2664.2	8.57837E-13
2666	7.74333E-13
2667.8	7.21471E-13
2669.8	7.35687E-13
2671.6	8.03095E-13
2673.4	7.12484E-13
2675.4	6.42538E-13
2677.2	6.67033E-13
2679.2	7.44521E-13
2681	7.76307E-13
2682.8	6.80099E-13
2684.8	6.72437E-13
2686.6	7.79369E-13
2688.4	7.80746E-13
2690.4	7.48123E-13
2692.2	7.79265E-13
2694	7.60316E-13
2696	7.62947E-13
2697.8	8.39421E-13
2699.6	7.54366E-13
2701.6	7.8408E-13
2703.4	8.57254E-13
2705.2	9.01341E-13
2707.2	8.49505E-13
2709	8.56679E-13
2710.8	8.58455E-13
2712.8	9.63841E-13
2714.6	9.40131E-13
2716.4	8.77132E-13
2718.4	8.41E-13
2720.2	8.54564E-13
2722.2	9.21616E-13
2724	8.75626E-13
2725.8	9.33474E-13
2727.8	1.04565E-12
2729.6	1.05111E-12
2731.4	1.03512E-12
2733.4	1.07226E-12
2735.2	1.10562E-12
2737	1.25522E-12
2739	1.2908E-12
2740.8	1.25245E-12
2742.6	1.18615E-12
2744.6	1.27815E-12
2746.4	1.31325E-12
2748.2	1.26771E-12
2750.2	1.19981E-12
2752	1.25981E-12
2753.8	1.22362E-12
2755.8	1.1564E-12
2757.6	1.12705E-12
2759.4	1.1126E-12
2761.4	1.11547E-12
2763.2	1.0731E-12
2765.2	1.17042E-12
2767	1.05155E-12
2768.8	1.11806E-12
2770.8	9.85833E-13
2772.6	9.53326E-13
2774.4	9.52786E-13
2776.4	9.05391E-13
2778.2	9.33871E-13
2780	1.02532E-12
2782	1.03082E-12
2783.8	9.5671E-13
2785.6	9.6347E-13
2787.6	1.05855E-12
2789.4	1.17086E-12
2791.1	1.03608E-12
2791.2	1.03608E-12
2792.9	1.03608E-12
2793.2	1.03608E-12
2794.6	1.06429E-12
2795	1.06429E-12
2796.4	2.42376E-12
2796.8	1.06429E-12
2798.1	1.06429E-12
2798.8	1.06429E-12
2799.9	1.06429E-12
2800.6	1.06429E-12
2801.6	1.06429E-12
2802.4	1.06429E-12
2803.4	1.93653E-12
2804.4	1.06429E-12
2805.1	1.06429E-12
2806.2	1.03608E-12
2806.9	1.03608E-12
2808.2	1.03608E-12
2808.6	1.03608E-12
2810	9.08674E-13
2811.8	8.70854E-13
2813.8	8.35107E-13
2815.6	8.17889E-13
2817.4	7.53913E-13
2819.4	9.14228E-13
2821.2	9.12471E-13
2823	9.07576E-13
2825	8.99226E-13
2826.8	8.94536E-13
2828.6	8.91585E-13
2830.6	8.85253E-13
2832.4	8.58467E-13
2834.2	8.23095E-13
2836.2	7.96554E-13
2838	7.92181E-13
2839.8	8.00469E-13
2841.8	8.14275E-13
2843.6	8.26237E-13
2845.4	8.33145E-13
2847.4	8.33081E-13
2849.2	8.31845E-13
2851.2	8.33333E-13
2853	8.33295E-13
2854.8	8.34331E-13
2856.8	8.34832E-13
2858.6	8.34888E-13
2860.4	8.31319E-13
2862.4	8.32534E-13
2864.2	8.34228E-13
2866	8.27957E-13
2868	8.20539E-13
2869.8	8.22969E-13
2871.6	8.47898E-13
2873.6	8.80915E-13
2875.4	9.04853E-13
2877.2	9.10406E-13
2879.2	9.02405E-13
2881	8.89461E-13
2882.8	8.96298E-13
2884.8	8.05915E-13
2886.6	8.18382E-13
2888.4	8.26657E-13
2890.4	8.31881E-13
2892.2	7.85673E-13
2894.2	7.63203E-13
2896	7.78676E-13
2897.8	7.4505E-13
2899.8	7.79418E-13
2901.6	7.32881E-13
2903.4	6.6668E-13
2905.4	6.64521E-13
2907.2	7.13727E-13
2909	7.63022E-13
2911	7.792E-13
2912.8	7.37273E-13
2914.6	7.8459E-13
2916.6	7.89085E-13
2918.4	7.88471E-13
2920.2	7.60102E-13
2922.2	8.50504E-13
2924	9.37332E-13
2925.8	9.90004E-13
2927.8	1.01624E-12
2929.6	9.93583E-13
2931.4	9.27647E-13
2933.4	9.16482E-13
2935.2	9.44548E-13
2937.2	9.02473E-13
2939	9.49351E-13
2940.8	9.55713E-13
2942.8	9.40436E-13
2944.6	9.46722E-13
2946.4	9.54341E-13
2948.4	9.51949E-13
2950.2	9.59706E-13
2952	9.47532E-13
2954	9.53453E-13
2955.8	8.93965E-13
2957.6	9.20617E-13
2959.6	9.38923E-13
2961.4	9.6917E-13
2963.2	9.61228E-13
2965.2	9.26031E-13
2967	9.32917E-13
2968.8	8.86268E-13
2970.8	9.35878E-13
2972.6	9.13166E-13
2974.4	9.19019E-13
2976.4	9.08538E-13
2978.2	8.63361E-13
2980.2	8.68563E-13
2982	9.73815E-13
2983.8	9.96569E-13
2985.8	9.3131E-13
2987.6	8.48396E-13
2989.4	7.69867E-13
2991.4	7.6826E-13
2993.2	7.66824E-13
2995	7.63088E-13
2997	7.93899E-13
2998.8	8.99952E-13
3000.6	9.20304E-13
3002.6	8.94024E-13
3004.4	8.47416E-13
3006.2	7.24465E-13
3008.2	6.76264E-13
3010	6.34911E-13
3011.8	6.6368E-13
3013.8	7.47101E-13
3015.6	8.0482E-13
3017.4	8.20351E-13
3019.4	7.95983E-13
3021.2	8.2181E-13
3023.2	8.23114E-13
3025	8.48152E-13
3026.8	8.37095E-13
3028.8	8.27461E-13
3030.6	7.85767E-13
3032.4	7.79049E-13
3034.4	8.20591E-13
3036.2	8.22811E-13
3038	8.39792E-13
3040	8.29642E-13
3041.8	8.11284E-13
3043.6	7.90525E-13
3045.6	7.7529E-13
3047.4	7.62491E-13
3049.2	7.71763E-13
3051.2	7.99949E-13
3053	8.35121E-13
3054.8	8.58058E-13
3056.8	8.21977E-13
3058.6	8.05182E-13
3060.4	7.97195E-13
3062.4	8.23678E-13
3064.2	8.69536E-13
3066.2	8.5798E-13
3068	8.74527E-13
3069.8	8.60163E-13
3071.8	8.53702E-13
3073.6	8.24301E-13
3075.4	8.00438E-13
3077.4	7.84023E-13
3079.2	8.29651E-13
3081	8.20104E-13
3083	7.81852E-13
3084.8	7.52005E-13
3086.6	7.18882E-13
3088.6	7.63652E-13
3090.4	8.53751E-13
3092.2	9.54614E-13
3094.2	9.60145E-13
3096	9.40953E-13
3097.8	9.2999E-13
3099.8	9.15746E-13
3101.6	8.99994E-13
3103.4	8.68596E-13
3105.4	8.48754E-13
3107.2	8.54571E-13
3109.2	8.73772E-13
3111	8.48262E-13
3112.8	7.73243E-13
3114.8	7.94665E-13
3116.6	7.86721E-13
3118.4	7.92482E-13
3120.4	7.49855E-13
3122.2	7.30203E-13
3124	7.40837E-13
3126	7.48377E-13
3127.8	7.10506E-13
3129.6	7.08781E-13
3131.6	6.91189E-13
3133.4	7.04206E-13
3135.2	6.8704E-13
3137.2	6.4883E-13
3139	6.47836E-13
3140.8	6.19566E-13
3142.8	6.19927E-13
3144.6	6.12519E-13
3146.4	5.76205E-13
3148.4	6.28191E-13
3150.2	7.23396E-13
3152.2	8.34665E-13
3154	8.6694E-13
3155.8	8.03102E-13
3157.8	8.44449E-13
3159.6	8.1892E-13
3161.4	7.82771E-13
3163.4	7.32104E-13
3165.2	7.09032E-13
3167	6.93772E-13
3169	7.40003E-13
3170.8	7.37952E-13
3172.6	7.34679E-13
3174.6	7.54256E-13
3176.4	8.25358E-13
3178.2	9.03007E-13
3180.2	9.10222E-13
3182	9.38686E-13
3183.8	8.71023E-13
3185.8	8.0197E-13
3187.6	8.22196E-13
3189.4	8.05154E-13
3191.4	8.67565E-13
3193.2	8.25349E-13
3195.2	8.10015E-13
3197	7.43772E-13
3198.8	7.206E-13
3200.8	7.50877E-13
3202.6	7.77076E-13
3204.4	8.01528E-13
3206.4	7.87649E-13
3208.2	7.45158E-13
3210	7.19058E-13
3212	6.93847E-13
3213.8	6.91044E-13
3215.6	7.30156E-13
3217.6	7.36176E-13
3219.4	6.90231E-13
3221.2	6.96079E-13
3223.2	7.20527E-13
3225	7.83138E-13
3226.8	8.29926E-13
3228.8	8.32445E-13
3230.6	8.30758E-13
3232.4	8.04296E-13
3234.4	7.84804E-13
3236.2	6.97249E-13
3238.2	6.8318E-13
3240	6.48678E-13
3241.8	7.06232E-13
3243.8	7.61711E-13
3245.6	7.95772E-13
3247.4	7.86873E-13
3249.4	7.80515E-13
3251.2	8.6221E-13
3253	9.42753E-13
3255	1.07232E-12
3256.8	1.08586E-12
3258.6	1.00275E-12
3260.6	1.0075E-12
3262.4	1.0598E-12
3264.2	1.06367E-12
3266.2	1.09688E-12
3268	1.19466E-12
3269.8	1.2743E-12
3271.8	1.30072E-12
3273.6	1.17409E-12
3275.4	1.08791E-12
3277.4	1.14591E-12
3279.2	1.07276E-12
3281.2	1.01309E-12
3283	1.01909E-12
3284.8	1.03472E-12
3286.8	1.07041E-12
3288.6	1.06725E-12
3290.4	1.06182E-12
3292.4	1.12031E-12
3294.2	1.16455E-12
3296	1.22548E-12
3298	1.22568E-12
3299.8	1.30962E-12
3301.6	5.4039E-13
3303.6	4.87253E-13
3305.6	6E-13
3307.6	6E-13
3309.6	6E-13
3311.6	6E-13
3313.6	6E-13
3315.6	6E-13
3317.6	6E-13
3319.6	6E-13
3321.6	6E-13
3323.6	6E-13
3325.6	6E-13
3327.6	6E-13
3329.6	6E-13
3331.6	6E-13
3333.6	6E-13
3335.6	6E-13
3337.6	6E-13
3339.6	6E-13
3341.6	6E-13
3343.6	6E-13
3345.6	6E-13
3347.6	6E-13
3349.6	6E-13
3351.6	6E-13
3353.6	6E-13
3355.6	6E-13
3357.6	6E-13
3359.6	6E-13
3361.6	6E-13
3363.6	6E-13
3365.6	6E-13
3367.6	6E-13
3369.6	6E-13
3371.6	6E-13
3373.6	6E-13
3375.6	6E-13
3377.6	6E-13
3379.6	6E-13
3381.6	6E-13
3383.6	6E-13
3385.6	6E-13
3387.6	6E-13
3389.6	6E-13
3391.6	6E-13
3393.6	6E-13
3395.6	6E-13
3397.6	6E-13
3399.6	6E-13
3401.6	6E-13
3403.6	6E-13
3405.6	6E-13
3407.6	6E-13
3409.6	6E-13
3411.6	6E-13
3413.6	6E-13
3415.6	6E-13
3417.6	6E-13
3419.6	6E-13
3421.6	6E-13
3423.6	6E-13
3425.6	6E-13
3427.6	6E-13
3429.6	6E-13
3431.6	6E-13
3433.6	6E-13
3435.6	6E-13
3437.6	6E-13
3439.6	6E-13
3441.6	6E-13
3443.6	6E-13
3445.6	6E-13
3447.6	6E-13
3449.6	6E-13
3451.6	6E-13
3453.6	6E-13
3455.6	6E-13
3457.6	6E-13
3459.6	6E-13
3461.6	6E-13
3463.6	6E-13
3465.6	6E-13
3467.6	6E-13
3469.6	6E-13
3471.6	6E-13
3473.6	6E-13
3475.6	6E-13
3477.6	6E-13
3479.6	6E-13
3481.6	6E-13
3483.6	6E-13
3485.6	6E-13
3487.6	6E-13
3489.6	6E-13
3491.6	6E-13
3493.6	6E-13
3495.6	6E-13
3497.6	6E-13
3499.6	6E-13
3501.6	6E-13
3503.6	6E-13
3505.6	6E-13
3507.6	6E-13
3509.6	6E-13
3511.6	6E-13
3513.6	6E-13
3515.6	6E-13
3517.6	6E-13
3519.6	6E-13
3521.6	6E-13
3523.6	6E-13
3525.6	6E-13
3527.6	6E-13
3529.6	6E-13
3531.6	6E-13
3533.6	6E-13
3535.6	6E-13
3537.6	6E-13
3539.6	6E-13
3541.6	6E-13
3543.6	6E-13
3545.6	6E-13
3547.6	6E-13
3550.06	7E-13
3551.8	7.619E-13
3553.53	1.111E-12
3555.27	2.825E-13
3557.01	3.772E-13
3558.75	3.176E-13
3560.49	4.847E-13
3562.22	5.318E-13
3563.96	3.872E-13
3565.7	7.984E-14
3567.44	4.517E-13
3569.17	5.11E-13
3570.91	3.634E-13
3572.65	7.707E-13
3574.39	5.95E-13
3576.13	9.202E-13
3577.86	2.741E-13
3579.6	7.865E-13
3581.34	7.51E-13
3583.08	4.057E-13
3584.82	7.526E-13
3586.56	1.119E-12
3588.29	5.616E-13
3590.03	7.118E-13
3591.77	6.276E-13
3593.51	8.578E-13
3595.25	8.649E-13
3596.98	5.758E-13
3598.72	3.817E-13
3600.46	7.48E-13
3602.2	1.535E-13
3603.94	5.543E-13
3605.68	4.346E-13
3607.41	4.156E-13
3609.15	6.158E-13
3610.89	3.914E-13
3612.63	4.948E-13
3614.37	7.462E-13
3616.11	7.006E-13
3617.84	2.755E-13
3619.58	5.845E-13
3621.32	8.579E-13
3623.06	8.409E-13
3624.8	8.83E-13
3626.54	4.813E-13
3628.27	5.618E-13
3630.01	6.257E-13
3631.75	6.718E-13
3633.49	5.941E-13
3635.23	8.346E-13
3636.97	5.613E-13
3638.71	7.301E-13
3640.44	3.738E-13
3642.18	4.697E-13
3643.92	6.279E-13
3645.66	7.125E-13
3647.4	5.669E-13
3649.14	4.638E-13
3650.88	6.943E-13
3652.62	8.22E-13
3654.35	1.495E-13
3656.09	6.931E-13
3657.83	3.597E-13
3659.57	7.842E-13
3661.31	7.184E-13
3663.05	5.47E-13
3664.79	3.893E-13
3666.53	4.618E-13
3668.26	5.922E-13
3670	5.976E-13
3671.74	3.896E-13
3673.48	6.011E-13
3675.22	7.438E-13
3676.96	5.72E-13
3678.7	8.419E-13
3680.44	5.422E-13
3682.18	7.322E-13
3683.92	6.591E-13
3685.65	5.11E-13
3687.39	9.938E-13
3689.13	6.455E-13
3690.87	6.935E-13
3692.61	4.124E-13
3694.35	6.702E-13
3696.09	4.975E-13
3697.83	6.918E-13
3699.57	5.302E-13
3701.31	5.763E-13
3703.05	6.857E-13
3704.78	8.127E-13
3706.52	1.133E-12
3708.26	5.335E-13
3710	6.647E-13
3711.74	9.804E-13
3713.48	7.428E-13
3715.22	6.189E-13
3716.96	3.865E-13
3718.7	3.549E-13
3720.44	5.777E-13
3722.18	1.252E-12
3723.92	6.38E-13
3725.66	3.927E-13
3727.4	4.514E-13
3729.14	5.461E-13
3730.87	4.758E-13
3732.61	5.203E-13
3734.35	1.256E-12
3736.09	1.324E-12
3737.83	1.009E-12
3739.57	5.695E-13
3741.31	5.208E-13
3743.05	4.198E-13
3744.79	5.919E-13
3746.53	8.055E-13
3748.27	5.373E-13
3750.01	1.351E-12
3751.75	1.136E-12
3753.49	8.22E-13
3755.23	5.537E-13
3756.97	3.697E-13
3758.71	5.284E-13
3760.45	4.392E-13
3762.19	4.633E-13
3763.93	4.557E-13
3765.67	5.022E-13
3767.41	5.604E-13
3769.15	8.376E-13
3770.89	1.796E-12
3772.63	1.182E-12
3774.37	6.691E-13
3776.11	4.885E-13
3777.85	3.889E-13
3779.59	3.796E-13
3781.33	3.776E-13
3783.07	3.222E-13
3784.81	3.953E-13
3786.55	3.56E-13
3788.29	3.715E-13
3790.03	4.631E-13
3791.77	4.563E-13
3793.51	4.269E-13
3795.25	7.313E-13
3796.99	1.236E-12
3798.73	2.593E-12
3800.47	1.141E-12
3802.21	6.677E-13
3803.95	5.028E-13
3805.69	3.755E-13
3807.43	5.368E-13
3809.17	3.295E-13
3810.91	3.986E-13
3812.65	3.892E-13
3814.39	4.094E-13
3816.13	3.601E-13
3817.87	3.403E-13
3819.61	4.66E-13
3821.35	5.802E-13
3823.09	2.916E-13
3824.83	6.138E-13
3826.57	6.024E-13
3828.31	5.76E-13
3830.05	7.167E-13
3831.79	6.986E-13
3833.53	1.266E-12
3835.27	2.713E-12
3837.01	2.364E-12
3838.75	1.144E-12
3840.49	7.724E-13
3842.23	6.628E-13
3843.97	4.3E-13
3845.71	3.876E-13
3847.45	4.401E-13
3849.19	3.558E-13
3850.93	3.403E-13
3852.68	3.583E-13
3854.42	2.877E-13
3856.16	4.833E-13
3857.9	4.621E-13
3859.64	5.126E-13
3861.38	4.451E-13
3863.12	4.132E-13
3864.86	2.864E-13
3866.6	3.904E-13
3868.34	3.623E-13
3870.08	3.733E-13
3871.82	3.251E-13
3873.56	4.696E-13
3875.3	3.279E-13
3877.04	2.991E-13
3878.79	6.589E-13
3880.53	4.443E-13
3882.27	4.399E-13
3884.01	5.76E-13
3885.75	7.721E-13
3887.49	1.537E-12
3889.23	4.062E-12
3890.97	2.518E-12
3892.71	1.059E-12
3894.45	7.124E-13
3896.19	6.398E-13
3897.94	4.839E-13
3899.68	5.177E-13
3901.42	4.96E-13
3903.16	4.454E-13
3904.9	5.174E-13
3906.64	7.239E-13
3908.38	3.528E-13
3910.12	3.391E-13
3911.86	2.672E-13
3913.6	3.335E-13
3915.35	3.257E-13
3917.09	3.887E-13
3918.83	3.211E-13
3920.57	4.637E-13
3922.31	3.108E-13
3924.05	3.932E-13
3925.79	2.975E-13
3927.53	4.271E-13
3929.28	4.674E-13
3931.02	5.521E-13
3932.76	1.106E-12
3934.5	4.153E-12
3936.24	7.805E-13
3937.98	3.496E-13
3939.72	3.271E-13
3941.46	3.517E-13
3943.21	3.082E-13
3944.95	4.398E-13
3946.69	3.935E-13
3948.43	3.292E-13
3950.17	3.52E-13
3951.91	3.573E-13
3953.65	3.385E-13
3955.4	3.234E-13
3957.14	4.261E-13
3958.88	3.163E-13
3960.62	3.716E-13
3962.36	6.042E-13
3964.1	6.089E-13
3965.85	8.294E-13
3967.59	1.738E-12
3969.33	5.638E-12
3971.07	4.865E-12
3972.81	1.822E-12
3974.55	9.264E-13
3976.3	6.951E-13
3978.04	5.464E-13
3979.78	4.263E-13
3981.52	4.093E-13
3983.26	3.745E-13
3985	4.181E-13
3986.75	4.171E-13
3988.49	3.264E-13
3990.23	3.133E-13
3991.97	3.614E-13
3993.71	3.465E-13
3995.45	3.578E-13
3997.2	3.522E-13
3998.94	3.964E-13
4000.68	3.185E-13
4002.42	3.471E-13
4004.16	3.604E-13
4005.91	4.901E-13
4007.65	3.987E-13
4009.39	3.472E-13
4011.13	4.112E-13
4012.87	3.27E-13
4014.62	3.514E-13
4016.36	3.974E-13
4018.1	3.796E-13
4019.84	3.346E-13
4021.58	3.893E-13
4023.33	3.775E-13
4025.07	4.466E-13
4026.81	6.003E-13
4028.55	4.073E-13
4030.3	3.845E-13
4032.04	4.478E-13
4033.78	4.56E-13
4035.52	3.996E-13
4037.26	3.718E-13
4039.01	4.22E-13
4040.75	3.657E-13
4042.49	3.709E-13
4044.23	4.249E-13
4045.98	4.967E-13
4047.72	3.56E-13
4049.46	3.784E-13
4051.2	3.69E-13
4052.95	4.347E-13
4054.69	3.796E-13
4056.43	3.773E-13
4058.17	3.855E-13
4059.91	4.165E-13
4061.66	3.386E-13
4063.4	4.887E-13
4065.14	4.506E-13
4066.88	3.882E-13
4068.63	3.64E-13
4070.37	3.585E-13
4072.11	4.238E-13
4073.85	4.05E-13
4075.6	4.049E-13
4077.34	4.969E-13
4079.08	5.271E-13
4080.83	4.277E-13
4082.57	3.688E-13
4084.31	3.961E-13
4086.05	4.456E-13
4087.8	4.127E-13
4089.54	4.058E-13
4091.28	4.72E-13
4093.02	4.911E-13
4094.77	5.231E-13
4096.51	7.208E-13
4098.25	1.044E-12
4100	1.907E-12
4101.74	5.36E-12
4103.48	3.892E-12
4105.22	1.526E-12
4106.97	9.132E-13
4108.71	6.84E-13
4110.45	5.72E-13
4112.2	4.967E-13
4113.94	4.502E-13
4115.68	4.091E-13
4117.42	4.224E-13
4119.17	4.473E-13
4120.91	4.564E-13
4122.65	4.53E-13
4124.4	3.974E-13
4126.14	4.385E-13
4127.88	4.289E-13
4129.63	4.08E-13
4131.37	4.475E-13
4133.11	5.24E-13
4134.85	4.331E-13
4136.6	4.253E-13
4138.34	4.026E-13
4140.08	3.856E-13
4141.83	4.126E-13
4143.57	4.665E-13
4145.31	4.88E-13
4147.06	4.107E-13
4148.8	4.14E-13
4150.54	4.134E-13
4152.29	4.339E-13
4154.03	4.405E-13
4155.77	4.344E-13
4157.52	4.466E-13
4159.26	4.404E-13
4161	3.938E-13
4162.75	3.908E-13
4164.49	4.059E-13
4166.23	3.774E-13
4167.98	4.637E-13
4169.72	3.929E-13
4171.46	4.24E-13
4173.21	4.968E-13
4174.95	4.648E-13
4176.69	4.601E-13
4178.44	5.015E-13
4180.18	4.814E-13
4181.93	4.664E-13
4183.67	4.322E-13
4185.41	4.187E-13
4187.16	4.589E-13
4188.9	4.416E-13
4190.64	4.13E-13
4192.39	4.101E-13
4194.13	3.871E-13
4195.87	4.556E-13
4197.62	4.307E-13
4199.36	4.935E-13
4201.11	4.192E-13
4202.85	4.876E-13
4204.59	4.234E-13
4206.34	4.286E-13
4208.08	4.112E-13
4209.82	3.837E-13
4211.57	3.971E-13
4213.31	3.553E-13
4215.06	4.509E-13
4216.8	5.566E-13
4218.54	3.566E-13
4220.29	3.478E-13
4222.03	3.103E-13
4223.78	3.108E-13
4225.52	3.842E-13
4227.26	6.657E-13
4229.01	3.242E-13
4230.75	3.089E-13
4232.5	3.791E-13
4234.24	6.053E-13
4235.98	4.249E-13
4237.73	3.84E-13
4239.47	4.088E-13
4241.22	3.705E-13
4242.96	3.545E-13
4244.7	3.589E-13
4246.45	3.815E-13
4248.19	4.247E-13
4249.94	4.093E-13
4251.68	4.741E-13
4253.43	3.923E-13
4255.17	4.523E-13
4256.91	3.801E-13
4258.66	3.762E-13
4260.4	4.812E-13
4262.15	4.239E-13
4263.89	3.464E-13
4265.64	3.994E-13
4267.38	3.968E-13
4269.12	3.968E-13
4270.87	4.781E-13
4272.61	5.499E-13
4274.36	4.267E-13
4276.1	4.246E-13
4277.85	3.638E-13
4279.59	4.2E-13
4281.33	3.939E-13
4283.08	4.471E-13
4284.82	4.037E-13
4286.57	4.271E-13
4288.31	4.35E-13
4290.06	5.331E-13
4291.8	3.93E-13
4293.55	4.446E-13
4295.29	5.149E-13
4297.04	4.606E-13
4298.78	4.501E-13
4300.52	5.284E-13
4302.27	4.765E-13
4304.01	5.101E-13
4305.76	4.596E-13
4307.5	4.891E-13
4309.25	5.021E-13
4310.99	4.357E-13
4312.74	4.851E-13
4314.48	5.13E-13
4316.23	4.598E-13
4317.97	4.13E-13
4319.72	4.169E-13
4321.46	4.66E-13
4323.21	4.663E-13
4324.95	5.155E-13
4326.7	5.518E-13
4328.44	5.218E-13
4330.19	5.404E-13
4331.93	5.759E-13
4333.68	6.604E-13
4335.42	8.507E-13
4337.17	1.314E-12
4338.91	2.517E-12
4340.66	6.93E-12
4342.4	4.083E-12
4344.15	1.688E-12
4345.89	1.022E-12
4347.64	7.633E-13
4349.38	6.676E-13
4351.13	6.202E-13
4352.87	7.159E-13
4354.62	4.67E-13
4356.36	4.734E-13
4358.11	4.861E-13
4359.85	5.023E-13
4361.6	4.368E-13
4363.34	4.575E-13
4365.09	4.621E-13
4366.83	4.706E-13
4368.58	4.821E-13
4370.32	4.729E-13
4372.07	4.701E-13
4373.81	4.803E-13
4375.56	5.148E-13
4377.3	4.982E-13
4379.05	4.773E-13
4380.8	4.194E-13
4382.54	5.062E-13
4384.29	6.263E-13
4386.03	5.565E-13
4387.78	5.329E-13
4389.52	5.29E-13
4391.27	4.733E-13
4393.01	4.973E-13
4394.76	5.065E-13
4396.5	5.093E-13
4398.25	4.899E-13
4400	5.176E-13
4401.74	5.022E-13
4403.49	5.098E-13
4405.23	6.124E-13
4406.98	4.823E-13
4408.72	5.076E-13
4410.47	5.078E-13
4412.21	4.764E-13
4413.96	5.533E-13
4415.71	5.924E-13
4417.45	6.044E-13
4419.2	5.5E-13
4420.94	4.917E-13
4422.69	5.34E-13
4424.44	5.189E-13
4426.18	4.554E-13
4427.93	5.241E-13
4429.67	4.971E-13
4431.42	5.501E-13
4433.16	5.506E-13
4434.91	5.122E-13
4436.66	4.829E-13
4438.4	5.271E-13
4440.15	7.432E-13
