	1405 s
A	erg/s/cm2/A
1003.6	4.66099E-14
1007	2.23173E-13
1008.2	3.56591E-13
1011.8	3.89958E-13
1013	8.77577E-14
1015.4	2.34447E-13
1016.6	4.11829E-13
1017.6	1.26764E-13
1018.8	1.08471E-13
1023.6	6.74452E-14
1024.8	1.47411E-14
1026	1.15761E-13
1027.2	1.03443E-13
1029.4	3.77355E-14
1030.6	1.64386E-13
1035.4	1.85941E-13
1036.6	9.66013E-14
1044.8	1.16175E-13
1046	3.75544E-14
1048.4	7.37876E-14
1050.8	3.1966E-13
1052	3.05302E-13
1053	7.10497E-14
1056.6	3.7964E-13
1057.8	2.62706E-13
1063.8	2.87169E-15
1069.6	1.16841E-13
1072	2.26575E-14
1076.6	8.32194E-15
1079	4.28648E-14
1080.2	7.14304E-14
1083.8	7.45262E-14
1086.2	3.5937E-14
1088.4	8.17351E-14
1089.6	3.23753E-13
1094.4	4.81297E-14
1095.6	1.58119E-13
1098	3.17349E-14
1099.2	7.29388E-14
1103.8	1.65621E-13
1105	2.82256E-14
1106.2	2.27746E-14
1108.6	6.49215E-14
1112	8.25671E-14
1113.2	1.01257E-13
1114.4	5.8762E-15
1115.6	1.81822E-13
1116.8	2.27186E-13
1118	1.80438E-13
1119.2	1.92035E-13
1120.4	2.17298E-13
1121.6	5.69589E-14
1122.6	7.78855E-14
1125	5.21272E-14
1129.8	3.15185E-14
1132.2	2.71124E-14
1133.4	1.34289E-14
1134.4	2.61398E-13
1135.6	9.49924E-14
1136.8	2.07422E-13
1138	9.09847E-14
1139.2	1.99116E-13
1140.4	1.98611E-13
1141.6	4.63893E-13
1142.8	2.72203E-13
1144	4.12906E-13
1145.2	4.49767E-13
1146.2	6.97516E-13
1147.4	5.76986E-13
1148.6	8.67288E-13
1149.8	8.69733E-13
1151	1.47873E-13
1152.2	1.59685E-13
1153.4	1.63055E-13
1154.6	1.54372E-13
1155.8	1.55672E-13
1157	2.0542E-13
1158	2.3381E-13
1159.2	2.11802E-13
1160.4	3.01959E-13
1161.6	4.43481E-13
1162.8	3.08811E-13
1164	2.15592E-13
1165.2	1.98108E-13
1166.4	2.22889E-13
1167.6	2.04849E-13
1168.8	2.21358E-13
1169.8	2.24746E-13
1171	2.96222E-13
1172.2	4.86203E-13
1173.4	7.0466E-13
1174.6	7.85562E-13
1175.8	7.90976E-13
1177	5.90361E-13
1178.2	3.97821E-13
1179.4	2.93691E-13
1180.6	2.38275E-13
1181.6	2.07881E-13
1182.8	1.88986E-13
1184	2.05251E-13
1185.2	1.90334E-13
1186.4	1.76784E-13
1187.6	2.09486E-13
1188.8	2.02135E-13
1190	1.91812E-13
1191.2	2.02391E-13
1192.4	2.02391E-13
1193.4	2.02391E-13
1194.6	2.02391E-13
1195.8	2.02391E-13
1197	2.02391E-13
1198.2	2.02391E-13
1199.4	2.02391E-13
1200.91	2.02391E-13
1202.61	2.02391E-13
1204.41	2.01769E-13
1206.11	1.18301E-12
1207.91	2.01769E-13
1209.61	2.01769E-13
1211.41	2.01769E-13
1213.11	5.19093E-13
1214.91	6.52256E-12
1216.61	7.2262E-12
1218.41	8.42091E-13
1220.11	2.02391E-13
1221.91	2.02391E-13
1223.61	2.02391E-13
1225.41	2.02391E-13
1227.11	2.02391E-13
1228.91	2.02391E-13
1231.2	2.10971E-13
1232.4	2.16092E-13
1233.6	2.20522E-13
1234.8	2.13881E-13
1236	2.53052E-13
1237.2	2.79216E-13
1238.4	2.60608E-13
1239.4	2.69518E-13
1240.6	2.75454E-13
1241.8	2.69385E-13
1243	2.47503E-13
1244.2	2.61141E-13
1245.4	2.67416E-13
1246.6	2.71058E-13
1247.8	2.80278E-13
1249	2.48338E-13
1250.2	2.37735E-13
1251.2	2.29362E-13
1252.4	2.19891E-13
1253.6	2.18861E-13
1254.8	2.13096E-13
1256	2.44697E-13
1257.2	2.27206E-13
1258.4	2.07184E-13
1259.6	2.09044E-13
1260.8	2.23702E-13
1262	2.56606E-13
1263	2.44288E-13
1264.2	2.4289E-13
1265.4	2.26658E-13
1266.6	2.33919E-13
1267.8	2.54738E-13
1269	2.44543E-13
1270.2	2.37392E-13
1271.4	2.21978E-13
1272.6	2.24753E-13
1273.8	2.54075E-13
1274.8	2.48226E-13
1276	2.24954E-13
1277.2	2.37557E-13
1278.4	2.2635E-13
1279.6	2.54335E-13
1280.8	2.26186E-13
1282	2.40618E-13
1283.2	2.36997E-13
1284.4	2.35409E-13
1285.6	2.51837E-13
1286.6	2.54793E-13
1287.8	2.73842E-13
1289	2.51305E-13
1290.2	2.95214E-13
1291.4	2.58381E-13
1292.6	2.68974E-13
1293.8	2.86132E-13
1295	3.13178E-13
1296.2	3.42209E-13
1297.4	3.68348E-13
1298.4	3.54751E-13
1299.6	3.14493E-13
1300.8	3.35086E-13
1302	3.32685E-13
1303.2	3.50662E-13
1304.4	2.99634E-13
1305.6	2.66382E-13
1306.8	2.7234E-13
1308	2.54573E-13
1309.2	2.25794E-13
1310.2	2.58268E-13
1311.4	2.87741E-13
1312.6	2.54424E-13
1313.8	2.51455E-13
1315	2.46431E-13
1316.2	2.50064E-13
1317.4	2.48189E-13
1318.6	2.25396E-13
1319.8	2.55742E-13
1320.8	2.29614E-13
1322	2.36334E-13
1323.2	2.54181E-13
1324.4	2.5799E-13
1325.6	2.56886E-13
1326.8	2.53966E-13
1328	2.2705E-13
1329.2	2.61167E-13
1330.4	2.58562E-13
1331.6	2.78199E-13
1332.6	3.6997E-13
1333.8	4.30499E-13
1335	4.70358E-13
1336.2	4.65608E-13
1337.4	4.22446E-13
1338.6	3.33791E-13
1339.8	2.69564E-13
1341	2.19722E-13
1342.2	2.52088E-13
1343.4	2.61675E-13
1344.4	2.37487E-13
1345.6	2.54292E-13
1346.8	2.32279E-13
1348	2.46286E-13
1349.2	2.26181E-13
1350.4	2.0843E-13
1351.6	2.25829E-13
1352.8	2.31747E-13
1354	2.45391E-13
1355.2	2.60935E-13
1356.2	2.45044E-13
1357.4	2.23785E-13
1358.6	2.23372E-13
1359.8	2.27897E-13
1361	2.31419E-13
1362.2	2.23979E-13
1363.4	2.36645E-13
1364.6	2.4946E-13
1365.8	2.55022E-13
1367	2.44728E-13
1368	2.33083E-13
1369.2	2.3998E-13
1370.4	2.20383E-13
1371.6	2.34902E-13
1372.8	2.70576E-13
1374	2.44349E-13
1375.2	2.259E-13
1376.4	2.07545E-13
1377.6	2.35073E-13
1378.8	2.40846E-13
1379.8	2.16839E-13
1381	2.36242E-13
1382.2	2.55753E-13
1383.4	2.16715E-13
1384.6	2.236E-13
1385.8	2.31654E-13
1387	2.30984E-13
1388.2	2.55309E-13
1389.4	2.78462E-13
1390.6	3.31048E-13
1391.6	4.29694E-13
1392.8	5.3103E-13
1394	5.45554E-13
1395.2	4.91022E-13
1396.4	3.74322E-13
1397.6	3.01563E-13
1398.8	3.12248E-13
1400	3.53084E-13
1401.2	4.27186E-13
1402.4	4.29615E-13
1403.4	4.18712E-13
1404.6	4.07204E-13
1405.8	3.07595E-13
1407	2.60281E-13
1408.2	2.42387E-13
1409.4	2.62906E-13
1410.6	2.25242E-13
1411.8	2.18095E-13
1413	2.37345E-13
1414	2.42959E-13
1415.2	2.41285E-13
1416.4	2.51512E-13
1417.6	2.49088E-13
1418.8	2.48301E-13
1420	2.2894E-13
1421.2	2.25913E-13
1422.4	2.50464E-13
1423.6	2.39287E-13
1424.8	2.42664E-13
1425.8	2.38107E-13
1427	2.24438E-13
1428.2	2.30805E-13
1429.4	2.34836E-13
1430.6	2.44117E-13
1431.8	2.35782E-13
1433	2.58582E-13
1434.2	2.31481E-13
1435.4	2.22282E-13
1436.6	2.26759E-13
1437.6	2.26693E-13
1438.8	2.25334E-13
1440	2.26953E-13
1441.2	2.1795E-13
1442.4	2.28218E-13
1443.6	2.35464E-13
1444.8	2.45376E-13
1446	2.37544E-13
1447.2	2.38839E-13
1448.4	2.35631E-13
1449.4	2.37331E-13
1450.6	2.579E-13
1451.8	2.4037E-13
1453	2.2227E-13
1454.2	2.22834E-13
1455.4	2.3935E-13
1456.6	2.39626E-13
1457.8	2.56853E-13
1459	2.45871E-13
1460.2	2.36339E-13
1461.2	2.40029E-13
1462.4	2.46959E-13
1463.6	2.29937E-13
1464.8	2.39356E-13
1466	2.58896E-13
1467.2	2.48324E-13
1468.4	2.56639E-13
1469.6	2.68668E-13
1470.8	2.58146E-13
1472	2.41299E-13
1473	2.48575E-13
1474.2	2.61522E-13
1475.4	2.52004E-13
1476.6	2.57819E-13
1477.8	2.60076E-13
1479	2.43423E-13
1480.2	2.54823E-13
1481.4	2.70655E-13
1482.6	2.4721E-13
1483.8	2.53335E-13
1484.8	2.71671E-13
1486	2.63769E-13
1487.2	2.839E-13
1488.4	2.63999E-13
1489.6	2.75163E-13
1490.8	2.53907E-13
1492	2.56595E-13
1493.2	2.59882E-13
1494.4	2.73237E-13
1495.6	2.7269E-13
1496.6	2.67498E-13
1497.8	2.73091E-13
1499	2.74667E-13
1500.2	2.81172E-13
1501.4	2.80863E-13
1502.6	2.82472E-13
1503.8	2.5329E-13
1505	2.56708E-13
1506.2	2.50048E-13
1507.4	2.54216E-13
1508.4	2.46999E-13
1509.6	2.41847E-13
1510.8	2.5249E-13
1512	2.61078E-13
1513.2	2.41821E-13
1514.4	2.2183E-13
1515.6	2.23769E-13
1516.8	2.2193E-13
1518	2.44035E-13
1519	2.71398E-13
1520.2	2.55832E-13
1521.4	2.50633E-13
1522.6	2.57298E-13
1523.8	2.64518E-13
1525	2.91127E-13
1526.2	2.62901E-13
1527.4	2.48373E-13
1528.6	2.74378E-13
1529.8	2.90359E-13
1530.8	2.72935E-13
1532	2.65744E-13
1533.2	2.59982E-13
1534.4	2.7493E-13
1535.6	2.54928E-13
1536.8	2.54928E-13
1538	2.54928E-13
1539.2	2.54928E-13
1540.4	2.54928E-13
1541.6	2.54928E-13
1542.6	2.54928E-13
1543.8	2.54928E-13
1545	2.54928E-13
1546.2	2.82513E-13
1547.4	3.33592E-13
1548.6	3.55431E-13
1549.8	3.55122E-13
1551	3.32979E-13
1552.2	3.08737E-13
1553.4	2.55389E-13
1554.4	2.54928E-13
1555.6	2.54928E-13
1556.8	2.54928E-13
1558	2.54928E-13
1559.2	2.54928E-13
1560.4	2.54928E-13
1561.6	2.54928E-13
1562.8	2.54928E-13
1564	2.54928E-13
1565.2	2.79798E-13
1566.2	2.84633E-13
1567.4	2.81042E-13
1568.6	2.69585E-13
1569.8	2.70869E-13
1571	2.6475E-13
1572.2	2.43989E-13
1573.4	2.6026E-13
1574.6	2.52846E-13
1575.8	2.65754E-13
1577	2.73431E-13
1578	2.84673E-13
1579.2	2.77676E-13
1580.4	2.93188E-13
1581.6	2.78613E-13
1582.8	2.67008E-13
1584	2.67455E-13
1585.2	2.69766E-13
1586.4	2.75609E-13
1587.6	2.58613E-13
1588.8	2.64686E-13
1589.8	2.60728E-13
1591	2.59303E-13
1592.2	2.6084E-13
1593.4	2.59954E-13
1594.6	2.72948E-13
1595.8	2.73998E-13
1597	2.65205E-13
1598.2	2.51869E-13
1599.4	2.59785E-13
1600.6	2.61512E-13
1601.6	2.44046E-13
1602.8	2.66941E-13
1604	2.66681E-13
1605.2	2.54002E-13
1606.4	2.47563E-13
1607.6	2.58237E-13
1608.8	2.83246E-13
1610	2.61341E-13
1611.2	2.49197E-13
1612.4	2.42632E-13
1613.4	2.48372E-13
1614.6	2.65807E-13
1615.8	2.54845E-13
1617	2.32826E-13
1618.2	2.37047E-13
1619.4	2.59216E-13
1620.6	2.7388E-13
1621.8	2.66929E-13
1623	2.55004E-13
1624	2.59205E-13
1625.2	2.51504E-13
1626.4	2.49125E-13
1627.6	2.56291E-13
1628.8	2.41319E-13
1630	2.45228E-13
1631.2	2.54877E-13
1632.4	2.59075E-13
1633.6	2.66962E-13
1634.8	2.82194E-13
1635.8	2.87112E-13
1637	2.86855E-13
1638.2	3.45248E-13
1639.4	3.60924E-13
1640.6	3.77443E-13
1641.8	3.74248E-13
1643	3.33227E-13
1644.2	2.93954E-13
1645.4	2.62541E-13
1646.6	2.58373E-13
1647.6	2.58881E-13
1648.8	2.63519E-13
1650	2.32683E-13
1651.2	2.36237E-13
1652.4	2.64472E-13
1653.6	2.55403E-13
1654.8	2.64045E-13
1656	2.82809E-13
1657.2	2.97249E-13
1658.4	2.98324E-13
1659.4	2.88969E-13
1660.6	2.74294E-13
1661.8	2.69786E-13
1663	2.68346E-13
1664.2	2.57742E-13
1665.4	2.65644E-13
1666.6	2.61489E-13
1667.8	2.52589E-13
1669	2.52599E-13
1670.2	2.38714E-13
1671.2	2.46166E-13
1672.4	2.57704E-13
1673.6	2.61236E-13
1674.8	2.64474E-13
1676	2.55015E-13
1677.2	2.54746E-13
1678.4	2.58598E-13
1679.6	2.38236E-13
1680.8	2.43912E-13
1682	2.54407E-13
1683	2.52061E-13
1684.2	2.47322E-13
1685.4	2.40347E-13
1686.6	2.31951E-13
1687.8	2.47625E-13
1689	2.59285E-13
1690.2	2.49258E-13
1691.4	2.53178E-13
1692.6	2.60375E-13
1693.8	2.64814E-13
1694.8	2.77068E-13
1696	2.62234E-13
1697.2	2.46397E-13
1698.4	2.54948E-13
1699.6	2.62186E-13
1700.8	2.55804E-13
1702	2.60521E-13
1703.2	2.43552E-13
1704.4	2.42418E-13
1705.6	2.49621E-13
1706.6	2.50195E-13
1707.8	2.49147E-13
1709	2.36666E-13
1710.2	2.39728E-13
1711.4	2.53852E-13
1712.6	2.59433E-13
1713.8	2.54762E-13
1715	2.60779E-13
1716.2	2.62441E-13
1717.4	2.52484E-13
1718.4	2.64967E-13
1719.6	2.77144E-13
1720.8	2.68435E-13
1722	2.56715E-13
1723.2	2.44446E-13
1724.4	2.46252E-13
1725.6	2.57775E-13
1726.8	2.5394E-13
1728	2.52988E-13
1729	2.57377E-13
1730.2	2.50389E-13
1731.4	2.51074E-13
1732.6	2.42192E-13
1733.8	2.40375E-13
1735	2.46784E-13
1736.2	2.59226E-13
1737.4	2.59476E-13
1738.6	2.54283E-13
1739.8	2.60809E-13
1740.8	2.56059E-13
1742	2.46681E-13
1743.2	2.45977E-13
1744.4	2.51276E-13
1745.6	2.54346E-13
1746.8	2.65228E-13
1748	2.74179E-13
1749.2	2.66701E-13
1750.4	2.64696E-13
1751.6	2.65202E-13
1752.6	2.57951E-13
1753.8	2.66811E-13
1755	2.71143E-13
1756.2	2.67948E-13
1757.4	2.7147E-13
1758.6	2.69577E-13
1759.8	2.55615E-13
1761	2.46826E-13
1762.2	2.63637E-13
1763.4	2.7326E-13
1764.4	2.69038E-13
1765.6	2.59405E-13
1766.8	2.67618E-13
1768	2.69516E-13
1769.2	2.63818E-13
1770.4	2.62104E-13
1771.6	2.57456E-13
1772.8	2.62183E-13
1774	2.67968E-13
1775.2	2.70716E-13
1776.2	2.71881E-13
1777.4	2.68719E-13
1778.6	2.63202E-13
1779.8	2.62564E-13
1781	2.55921E-13
1782.2	2.63976E-13
1783.4	2.65761E-13
1784.6	2.71005E-13
1785.8	2.72029E-13
1787	2.6899E-13
1788	2.54066E-13
1789.2	2.41293E-13
1790.4	2.17044E-13
1791.6	1.84398E-13
1792.8	1.71777E-13
1794	1.90787E-13
1795.2	2.15381E-13
1796.4	2.33616E-13
1797.6	2.47779E-13
1798.8	2.56095E-13
1799.8	2.55581E-13
1801	2.63371E-13
1802.2	2.64324E-13
1803.4	2.63103E-13
1804.6	2.58299E-13
1805.8	2.6737E-13
1807	2.69202E-13
1808.2	2.73211E-13
1809.4	2.69411E-13
1810.6	2.67391E-13
1811.6	2.59055E-13
1812.8	2.55009E-13
1814	2.5597E-13
1815.2	2.61573E-13
1816.4	2.62564E-13
1817.6	2.74011E-13
1818.8	2.68581E-13
1820	2.63504E-13
1821.2	2.55625E-13
1822.4	2.5511E-13
1823.4	2.56669E-13
1824.6	2.60781E-13
1825.8	2.62329E-13
1827	2.65534E-13
1828.2	2.64398E-13
1829.4	2.58253E-13
1830.6	2.5029E-13
1831.8	2.4958E-13
1833	2.43346E-13
1834	2.41906E-13
1835.2	2.43229E-13
1836.4	2.47421E-13
1837.6	2.46928E-13
1838.8	2.4755E-13
1840	2.4939E-13
1841.2	2.4607E-13
1842.4	2.50604E-13
1843.6	2.52665E-13
1844.8	2.4666E-13
1845.8	2.47585E-13
1847	2.49348E-13
1848.2	2.52948E-13
1849.4	2.48874E-13
1850.6	2.56501E-13
1851.8	2.60554E-13
1853	2.6499E-13
1854.2	2.63826E-13
1855.4	2.63767E-13
1856.6	2.61568E-13
1857.6	2.65715E-13
1858.8	2.67376E-13
1860	2.66821E-13
1861.2	2.63989E-13
1862.4	2.66949E-13
1863.6	2.59972E-13
1864.8	2.62191E-13
1866	2.55906E-13
1867.2	2.48414E-13
1868.4	2.39228E-13
1869.4	2.46899E-13
1870.6	2.44562E-13
1871.8	2.51025E-13
1873	2.4997E-13
1874.2	2.49796E-13
1875.4	2.45905E-13
1876.6	2.4742E-13
1877.8	2.41311E-13
1879	2.40974E-13
1880.2	2.41169E-13
1881.2	2.483E-13
1882.4	2.46747E-13
1883.6	2.50442E-13
1884.8	2.43827E-13
1886	2.45894E-13
1887.2	2.43386E-13
1888.4	2.48897E-13
1889.6	2.44592E-13
1890.8	2.49115E-13
1892	2.50599E-13
1893	2.54851E-13
1894.2	2.52488E-13
1895.4	2.53397E-13
1896.6	2.52581E-13
1897.8	2.51457E-13
1899	2.47507E-13
1900.2	2.49356E-13
1901.4	2.47059E-13
1902.6	2.45745E-13
1903.8	2.39791E-13
1904.8	2.39697E-13
1906	2.38457E-13
1907.2	2.45449E-13
1908.4	2.46257E-13
1909.6	2.48764E-13
1910.8	2.45728E-13
1912	2.47413E-13
1913.2	2.48104E-13
1914.4	2.49962E-13
1915.6	2.49351E-13
1916.6	2.53311E-13
1917.8	2.47852E-13
1919	2.45686E-13
1920.2	2.4044E-13
1921.4	2.41469E-13
1922.6	2.46491E-13
1923.8	2.4845E-13
1925	2.44968E-13
1926.2	2.49047E-13
1927.4	2.55114E-13
1928.4	2.56194E-13
1929.6	2.56728E-13
1930.8	2.5411E-13
1932	2.49929E-13
1933.2	2.50525E-13
1934.4	2.43462E-13
1935.6	2.45887E-13
1936.8	2.40107E-13
1938	2.41688E-13
1939	2.39795E-13
1940.2	2.43914E-13
1941.4	2.41818E-13
1942.6	2.41316E-13
1943.8	2.39737E-13
1945	2.37131E-13
1946.2	2.37853E-13
1947.4	2.37377E-13
1948.6	2.38662E-13
1949.8	2.38954E-13
1950.8	2.40062E-13
1952	2.44316E-13
1953.2	2.45286E-13
1954.4	2.49068E-13
1955.6	2.49715E-13
1956.8	2.51179E-13
1958	2.46037E-13
1959.2	2.47309E-13
1960.4	2.47872E-13
1961.6	2.47326E-13
1962.6	2.46501E-13
1963.8	2.47298E-13
1965	2.46193E-13
1966.2	2.41098E-13
1967.4	2.36725E-13
1968.6	2.34583E-13
1969.8	2.36678E-13
1971	2.36379E-13
1972.2	2.3273E-13
1973.4	2.33435E-13
1974.4	2.34049E-13
1975.6	2.3757E-13
1976.8	2.386E-13
1978	2.41113E-13
1979.2	2.40204E-13
1980.4	2.41119E-13
1981.6	2.42173E-13
1982.8	2.47979E-13
2000.4	2.33419E-13
2002.2	2.33122E-13
2004.2	2.2946E-13
2006	2.29705E-13
2009.8	2.29039E-13
2011.6	2.19075E-13
2013.6	2.15717E-13
2015.4	2.20106E-13
2017.2	2.2109E-13
2019.2	2.26398E-13
2021	2.2523E-13
2022.8	2.17023E-13
2024.8	2.13441E-13
2026.6	2.1319E-13
2028.4	2.23444E-13
2030.4	2.15489E-13
2032.2	2.09699E-13
2034	2.14132E-13
2036	2.1831E-13
2037.8	2.24812E-13
2039.6	2.33871E-13
2041.6	2.32395E-13
2043.4	2.30501E-13
2045.4	2.39172E-13
2047.2	2.39007E-13
2049	2.37025E-13
2051	2.4857E-13
2052.8	2.52966E-13
2054.6	2.44457E-13
2056.6	2.39292E-13
2058.4	2.41562E-13
2060.2	2.50217E-13
2062.2	2.59463E-13
2064	2.59167E-13
2065.8	2.53132E-13
2067.8	2.45877E-13
2069.6	2.44011E-13
2071.4	2.38528E-13
2073.4	2.44732E-13
2075.2	2.44354E-13
2077	2.35616E-13
2079	2.26979E-13
2080.8	2.23674E-13
2082.6	2.28516E-13
2084.6	2.20816E-13
2086.4	2.11032E-13
2088.4	2.06968E-13
2090.2	1.97646E-13
2092	1.97496E-13
2094	2.15097E-13
2095.8	2.29596E-13
2097.6	2.26092E-13
2099.6	2.20392E-13
2101.4	2.20928E-13
2103.2	2.26182E-13
2105.2	2.41019E-13
2107	2.49441E-13
2108.8	2.60957E-13
2110.8	2.7325E-13
2112.6	2.80375E-13
2114.4	2.76082E-13
2116.4	2.80214E-13
2118.2	2.88916E-13
2120	2.99029E-13
2122	2.99808E-13
2123.8	3.00945E-13
2125.6	3.13038E-13
2127.6	3.14159E-13
2129.4	3.18237E-13
2131.4	3.2323E-13
2133.2	3.12764E-13
2135	3.04275E-13
2137	3.04193E-13
2138.8	3.0307E-13
2140.6	3.06696E-13
2142.6	3.04313E-13
2144.4	2.95032E-13
2146.2	2.91191E-13
2148.2	2.92984E-13
2150	2.91311E-13
2151.8	2.86339E-13
2153.8	2.82071E-13
2155.6	2.83386E-13
2157.4	2.94105E-13
2159.4	3.04699E-13
2161.2	2.99144E-13
2163	2.93638E-13
2165	2.89863E-13
2166.8	2.94386E-13
2168.6	2.95622E-13
2170.6	2.96927E-13
2172.4	2.99474E-13
2174.4	2.9317E-13
2176.2	2.89196E-13
2178	2.87452E-13
2180	2.83136E-13
2181.8	2.83716E-13
2183.6	2.80937E-13
2185.6	2.81052E-13
2187.4	2.77739E-13
2189.2	2.7502E-13
2191.2	2.71661E-13
2193	2.74192E-13
2194.8	2.70121E-13
2196.8	2.6121E-13
2198.6	2.4696E-13
2200.4	2.53826E-13
2202.4	3.01141E-13
2204.2	1.94992E-13
2206	5.05725E-13
2208	4.79532E-13
2209.8	2.0023E-13
2211.8	3.46242E-13
2213.6	4.31875E-13
2215.4	2.28339E-13
2217.4	1.74671E-13
2219.2	3.28762E-13
2221	4.07355E-13
2223	3.01785E-13
2224.8	3.48001E-13
2226.6	3.24936E-13
2228.6	2.99221E-13
2230.4	4.29516E-13
2232.2	2.63759E-13
2234.2	4.07971E-13
2236	4.94274E-13
2237.8	4.11692E-13
2239.8	2.69084E-13
2241.6	3.46814E-13
2243.4	3.75987E-13
2245.4	3.99548E-13
2247.2	3.80109E-13
2249	3.3717E-13
2251	4.7894E-13
2252.8	5.37453E-13
2254.8	6.39514E-13
2256.6	4.97785E-13
2258.4	4.45879E-13
2260.4	7.01705E-13
2262.2	6.651E-13
2264	5.09758E-13
2266	4.34779E-13
2267.8	5.1823E-13
2269.6	5.77073E-13
2271.6	5.30792E-13
2273.4	3.3765E-13
2275.2	4.3882E-13
2277.2	6.0584E-13
2279	5.12233E-13
2280.8	4.6368E-13
2282.8	5.21389E-13
2284.6	2.59106E-13
2286.4	3.8451E-13
2288.4	5.11485E-13
2290.2	3.46129E-13
2292	3.38707E-13
2294	4.70693E-13
2295.8	4.74148E-13
2297.8	4.61282E-13
2299.6	6.13653E-13
2301.4	6.72835E-13
2303.4	5.5993E-13
2305.2	4.08318E-13
2307	3.57647E-13
2309	2.91332E-13
2310.8	4.13862E-13
2312.6	3.25567E-13
2314.6	3.89452E-13
2316.4	4.53773E-13
2318.2	4.31692E-13
2320.2	5.49298E-13
2322	4.36363E-13
2323.8	3.95959E-13
2325.8	5.12649E-13
2327.6	6.82479E-13
2329.4	6.78372E-13
2331.4	6.60375E-13
2333.2	7.87832E-13
2335	6.65725E-13
2337	6.0135E-13
2338.8	8.16991E-13
2340.8	8.83329E-13
2342.6	8.59779E-13
2344.4	9.6315E-13
2346.4	9.65842E-13
2348.2	8.16837E-13
2350	8.76827E-13
2352	8.42834E-13
2353.8	5.79997E-13
2355.6	6.52427E-13
2357.6	7.088E-13
2359.4	8.53591E-13
2361.2	1.0408E-12
2363.2	9.24139E-13
2365	9.40551E-13
2366.8	9.16349E-13
2368.8	9.52005E-13
2370.6	8.5273E-13
2372.4	7.02418E-13
2374.4	6.50328E-13
2376.2	6.8229E-13
2378	9.74707E-13
2380	1.19334E-12
2381.8	1.32801E-12
2383.8	1.28565E-12
2385.6	1.25679E-12
2387.4	9.37821E-13
2389.4	7.98296E-13
2391.2	7.61991E-13
2393	9.32983E-13
2395	1.09957E-12
2396.8	1.0182E-12
2398.6	1.05479E-12
2400.6	1.06616E-12
2402.4	1.04234E-12
2404.2	1.09798E-12
2406.2	1.05847E-12
2408	1.18396E-12
2409.8	1.39316E-12
2411.8	1.10569E-12
2413.6	1.00516E-12
2415.4	8.33709E-13
2417.4	5.1908E-13
2419.2	5.46831E-13
2421	6.42298E-13
2423	6.70338E-13
2424.8	6.97374E-13
2426.8	7.54309E-13
2428.6	7.78086E-13
2430.4	8.25454E-13
2432.4	8.06315E-13
2434.2	7.3719E-13
2436	8.72876E-13
2438	8.05848E-13
2439.8	8.24954E-13
2441.6	7.59136E-13
2443.6	6.74743E-13
2445.4	7.89714E-13
2447.2	8.54945E-13
2449.2	8.52955E-13
2451	7.69661E-13
2452.8	7.30836E-13
2454.8	7.15083E-13
2456.6	7.73351E-13
2458.4	7.95913E-13
2460.4	8.08282E-13
2462.2	8.38451E-13
2464	8.3107E-13
2466	8.63638E-13
2467.8	9.20443E-13
2469.8	8.55627E-13
2471.6	8.80551E-13
2473.4	7.80431E-13
2475.4	8.54549E-13
2477.2	9.12253E-13
2479	9.79772E-13
2481	1.10273E-12
2482.8	9.40947E-13
2484.6	8.12659E-13
2486.6	8.73576E-13
2488.4	8.7189E-13
2490.2	8.56485E-13
2492.2	1.03614E-12
2494	8.83812E-13
2495.8	7.33104E-13
2497.8	7.9424E-13
2499.6	7.15573E-13
2501.4	7.32258E-13
2503.4	7.0856E-13
2505.2	9.03889E-13
2507.2	1.01659E-12
2509	9.31742E-13
2510.8	7.76646E-13
2512.8	8.27452E-13
2514.6	9.18352E-13
2516.4	9.59498E-13
2518.4	8.48754E-13
2520.2	9.0514E-13
2522	1.0085E-12
2524	1.11553E-12
2525.8	1.24331E-12
2527.6	1.1857E-12
2529.6	1.29031E-12
2531.4	1.30045E-12
2533.2	1.14476E-12
2535.2	1.04711E-12
2537	1.25036E-12
2538.8	1.32868E-12
2540.8	1.23969E-12
2542.6	1.08246E-12
2544.4	1.04927E-12
2546.4	1.06003E-12
2548.2	1.12234E-12
2550.2	1.13318E-12
2552	1.024E-12
2553.8	7.96888E-13
2555.8	7.39414E-13
2557.6	7.68997E-13
2559.4	7.93581E-13
2561.4	8.33272E-13
2563.2	7.72537E-13
2565	8.50693E-13
2567	8.29357E-13
2568.8	7.75553E-13
2570.6	8.5164E-13
2572.6	9.74368E-13
2574.4	9.12271E-13
2576.2	8.17915E-13
2578.2	7.71824E-13
2580	7.21823E-13
2581.8	8.05917E-13
2583.8	1.00475E-12
2585.6	1.09159E-12
2587.4	9.66369E-13
2589.4	8.61565E-13
2591.2	8.52664E-13
2593.2	8.9675E-13
2595	9.7911E-13
2596.8	1.06656E-12
2598.8	1.14279E-12
2600.6	1.16107E-12
2602.4	1.01873E-12
2604.4	1.04685E-12
2606.2	1.20117E-12
2608	1.24675E-12
2610	1.34339E-12
2611.8	1.34903E-12
2613.6	1.17366E-12
2615.6	1.40834E-12
2617.4	1.17674E-12
2619.2	1.15829E-12
2621.2	1.18045E-12
2623	1.23391E-12
2624.8	1.2445E-12
2626.8	1.31358E-12
2628.6	1.37659E-12
2630.4	1.39129E-12
2632.4	1.32027E-12
2634.2	9.5791E-13
2636.2	7.3034E-13
2638	7.09819E-13
2639.8	7.17951E-13
2641.8	6.54978E-13
2643.6	6.71017E-13
2645.4	6.04648E-13
2647.4	5.85659E-13
2649.2	5.71663E-13
2651	6.00758E-13
2653	6.50716E-13
2654.8	6.90348E-13
2656.6	6.84637E-13
2658.6	6.62987E-13
2660.4	7.05715E-13
2662.2	8.28693E-13
2664.2	9.32432E-13
2666	8.41667E-13
2667.8	7.84208E-13
2669.8	7.9966E-13
2671.6	8.7293E-13
2673.4	7.74439E-13
2675.4	6.98411E-13
2677.2	7.25036E-13
2679.2	8.09262E-13
2681	8.43812E-13
2682.8	7.39238E-13
2684.8	7.3091E-13
2686.6	8.4714E-13
2688.4	8.48637E-13
2690.4	8.13178E-13
2692.2	8.47027E-13
2694	8.2643E-13
2696	8.2929E-13
2697.8	9.12414E-13
2699.6	8.19963E-13
2701.6	8.52261E-13
2703.4	9.31798E-13
2705.2	9.79718E-13
2707.2	9.23375E-13
2709	9.31173E-13
2710.8	9.33103E-13
2712.8	1.04765E-12
2714.6	1.02188E-12
2716.4	9.53405E-13
2718.4	9.1413E-13
2720.2	9.28874E-13
2722.2	1.00176E-12
2724	9.51768E-13
2725.8	1.01465E-12
2727.8	1.13657E-12
2729.6	1.14251E-12
2731.4	1.12513E-12
2733.4	1.16549E-12
2735.2	1.20177E-12
2737	1.36437E-12
2739	1.40305E-12
2740.8	1.36136E-12
2742.6	1.2893E-12
2744.6	1.38929E-12
2746.4	1.42745E-12
2748.2	1.37795E-12
2750.2	1.30414E-12
2752	1.36936E-12
2753.8	1.33003E-12
2755.8	1.25695E-12
2757.6	1.22506E-12
2759.4	1.20934E-12
2761.4	1.21247E-12
2763.2	1.16641E-12
2765.2	1.27219E-12
2767	1.14299E-12
2768.8	1.21528E-12
2770.8	1.07156E-12
2772.6	1.03622E-12
2774.4	1.03564E-12
2776.4	9.84121E-13
2778.2	1.01508E-12
2780	1.11448E-12
2782	1.12045E-12
2783.8	1.0399E-12
2785.6	1.04725E-12
2787.6	1.15059E-12
2789.4	1.27267E-12
2791.1	1.12617E-12
2791.2	1.12617E-12
2792.9	1.12617E-12
2793.2	1.12617E-12
2794.6	1.15684E-12
2795	1.15684E-12
2796.4	2.63453E-12
2796.8	1.15684E-12
2798.1	1.15684E-12
2798.8	1.15684E-12
2799.9	1.15684E-12
2800.6	1.15684E-12
2801.6	1.15684E-12
2802.4	1.15684E-12
2803.4	2.10492E-12
2804.4	1.15684E-12
2805.1	1.15684E-12
2806.2	1.12617E-12
2806.9	1.12617E-12
2808.2	1.12617E-12
2808.6	1.12617E-12
2810	9.87689E-13
2811.8	9.46581E-13
2813.8	9.07725E-13
2815.6	8.89009E-13
2817.4	8.1947E-13
2819.4	9.93726E-13
2821.2	9.91816E-13
2823	9.86496E-13
2825	9.77419E-13
2826.8	9.72322E-13
2828.6	9.69114E-13
2830.6	9.62231E-13
2832.4	9.33116E-13
2834.2	8.94669E-13
2836.2	8.6582E-13
2838	8.61067E-13
2839.8	8.70074E-13
2841.8	8.85081E-13
2843.6	8.98084E-13
2845.4	9.05592E-13
2847.4	9.05523E-13
2849.2	9.0418E-13
2851.2	9.05796E-13
2853	9.05756E-13
2854.8	9.06882E-13
2856.8	9.07426E-13
2858.6	9.07487E-13
2860.4	9.03608E-13
2862.4	9.04928E-13
2864.2	9.0677E-13
2866	8.99953E-13
2868	8.9189E-13
2869.8	8.94531E-13
2871.6	9.21628E-13
2873.6	9.57517E-13
2875.4	9.83536E-13
2877.2	9.89571E-13
2879.2	9.80875E-13
2881	9.66805E-13
2882.8	9.74237E-13
2884.8	8.75994E-13
2886.6	8.89546E-13
2888.4	8.98541E-13
2890.4	9.04218E-13
2892.2	8.53992E-13
2894.2	8.29569E-13
2896	8.46387E-13
2897.8	8.09837E-13
2899.8	8.47194E-13
2901.6	7.9661E-13
2903.4	7.24653E-13
2905.4	7.22305E-13
2907.2	7.7579E-13
2909	8.29372E-13
2911	8.46956E-13
2912.8	8.01383E-13
2914.6	8.52815E-13
2916.6	8.57701E-13
2918.4	8.57034E-13
2920.2	8.26198E-13
2922.2	9.24461E-13
2924	1.01884E-12
2925.8	1.07609E-12
2927.8	1.1046E-12
2929.6	1.07998E-12
2931.4	1.00831E-12
2933.4	9.96176E-13
2935.2	1.02668E-12
2937.2	9.80949E-13
2939	1.0319E-12
2940.8	1.03882E-12
2942.8	1.02221E-12
2944.6	1.02905E-12
2946.4	1.03733E-12
2948.4	1.03473E-12
2950.2	1.04316E-12
2952	1.02993E-12
2954	1.03636E-12
2955.8	9.71701E-13
2957.6	1.00067E-12
2959.6	1.02057E-12
2961.4	1.05345E-12
2963.2	1.04481E-12
2965.2	1.00655E-12
2967	1.01404E-12
2968.8	9.63334E-13
2970.8	1.01726E-12
2972.6	9.92572E-13
2974.4	9.98934E-13
2976.4	9.87541E-13
2978.2	9.38436E-13
2980.2	9.44091E-13
2982	1.05849E-12
2983.8	1.08323E-12
2985.8	1.01229E-12
2987.6	9.2217E-13
2989.4	8.36812E-13
2991.4	8.35065E-13
2993.2	8.33504E-13
2995	8.29444E-13
2997	8.62934E-13
2998.8	9.78209E-13
3000.6	1.00033E-12
3002.6	9.71765E-13
3004.4	9.21105E-13
3006.2	7.87462E-13
3008.2	7.3507E-13
3010	6.90121E-13
3011.8	7.21391E-13
3013.8	8.12067E-13
3015.6	8.74804E-13
3017.4	8.91686E-13
3019.4	8.65199E-13
3021.2	8.93272E-13
3023.2	8.94689E-13
3025	9.21904E-13
3026.8	9.09885E-13
3028.8	8.99414E-13
3030.6	8.54094E-13
3032.4	8.46793E-13
3034.4	8.91946E-13
3036.2	8.9436E-13
3038	9.12817E-13
3040	9.01784E-13
3041.8	8.8183E-13
3043.6	8.59266E-13
3045.6	8.42706E-13
3047.4	8.28795E-13
3049.2	8.38873E-13
3051.2	8.6951E-13
3053	9.0774E-13
3054.8	9.32672E-13
3056.8	8.93453E-13
3058.6	8.75198E-13
3060.4	8.66517E-13
3062.4	8.95302E-13
3064.2	9.45148E-13
3066.2	9.32587E-13
3068	9.50572E-13
3069.8	9.3496E-13
3071.8	9.27937E-13
3073.6	8.95979E-13
3075.4	8.70041E-13
3077.4	8.52199E-13
3079.2	9.01795E-13
3081	8.91418E-13
3083	8.4984E-13
3084.8	8.17397E-13
3086.6	7.81394E-13
3088.6	8.30057E-13
3090.4	9.2799E-13
3092.2	1.03762E-12
3094.2	1.04364E-12
3096	1.02278E-12
3097.8	1.01086E-12
3099.8	9.95376E-13
3101.6	9.78255E-13
3103.4	9.44126E-13
3105.4	9.22558E-13
3107.2	9.28882E-13
3109.2	9.49753E-13
3111	9.22024E-13
3112.8	8.40482E-13
3114.8	8.63766E-13
3116.6	8.55131E-13
3118.4	8.61394E-13
3120.4	8.1506E-13
3122.2	7.93699E-13
3124	8.05258E-13
3126	8.13453E-13
3127.8	7.72289E-13
3129.6	7.70414E-13
3131.6	7.51293E-13
3133.4	7.65442E-13
3135.2	7.46783E-13
3137.2	7.0525E-13
3139	7.0417E-13
3140.8	6.73441E-13
3142.8	6.73834E-13
3144.6	6.65781E-13
3146.4	6.2631E-13
3148.4	6.82816E-13
3150.2	7.863E-13
3152.2	9.07245E-13
3154	9.42326E-13
3155.8	8.72937E-13
3157.8	9.17879E-13
3159.6	8.90131E-13
3161.4	8.50838E-13
3163.4	7.95765E-13
3165.2	7.70687E-13
3167	7.541E-13
3169	8.04351E-13
3170.8	8.02121E-13
3172.6	7.98564E-13
3174.6	8.19843E-13
3176.4	8.97128E-13
3178.2	9.81529E-13
3180.2	9.89372E-13
3182	1.02031E-12
3183.8	9.46764E-13
3185.8	8.71706E-13
3187.6	8.93691E-13
3189.4	8.75167E-13
3191.4	9.43005E-13
3193.2	8.97118E-13
3195.2	8.80451E-13
3197	8.08448E-13
3198.8	7.83261E-13
3200.8	8.16171E-13
3202.6	8.44647E-13
3204.4	8.71226E-13
3206.4	8.5614E-13
3208.2	8.09954E-13
3210	7.81585E-13
3212	7.54181E-13
3213.8	7.51134E-13
3215.6	7.93647E-13
3217.6	8.00191E-13
3219.4	7.50251E-13
3221.2	7.56608E-13
3223.2	7.83181E-13
3225	8.51237E-13
3226.8	9.02093E-13
3228.8	9.04831E-13
3230.6	9.02997E-13
3232.4	8.74235E-13
3234.4	8.53047E-13
3236.2	7.57879E-13
3238.2	7.42586E-13
3240	7.05084E-13
3241.8	7.67643E-13
3243.8	8.27947E-13
3245.6	8.64969E-13
3247.4	8.55297E-13
3249.4	8.48386E-13
3251.2	9.37185E-13
3253	1.02473E-12
3255	1.16557E-12
3256.8	1.18028E-12
3258.6	1.08995E-12
3260.6	1.09511E-12
3262.4	1.15196E-12
3264.2	1.15616E-12
3266.2	1.19226E-12
3268	1.29855E-12
3269.8	1.38511E-12
3271.8	1.41383E-12
3273.6	1.27619E-12
3275.4	1.18251E-12
3277.4	1.24555E-12
3279.2	1.16604E-12
3281.2	1.10118E-12
3283	1.10771E-12
3284.8	1.12469E-12
3286.8	1.16349E-12
3288.6	1.16005E-12
3290.4	1.15415E-12
3292.4	1.21773E-12
3294.2	1.26581E-12
3296	1.33204E-12
3298	1.33226E-12
3299.8	1.42349E-12
3301.6	5.8738E-13
3303.6	5.29623E-13
3305.6	6.3E-13
3307.6	6.3E-13
3309.6	6.3E-13
3311.6	6.3E-13
3313.6	6.3E-13
3315.6	6.3E-13
3317.6	6.3E-13
3319.6	6.3E-13
3321.6	6.3E-13
3323.6	6.3E-13
3325.6	6.3E-13
3327.6	6.3E-13
3329.6	6.3E-13
3331.6	6.3E-13
3333.6	6.3E-13
3335.6	6.3E-13
3337.6	6.3E-13
3339.6	6.3E-13
3341.6	6.3E-13
3343.6	6.3E-13
3345.6	6.3E-13
3347.6	6.3E-13
3349.6	6.3E-13
3351.6	6.3E-13
3353.6	6.3E-13
3355.6	6.3E-13
3357.6	6.3E-13
3359.6	6.3E-13
3361.6	6.3E-13
3363.6	6.3E-13
3365.6	6.3E-13
3367.6	6.3E-13
3369.6	6.3E-13
3371.6	6.3E-13
3373.6	6.3E-13
3375.6	6.3E-13
3377.6	6.3E-13
3379.6	6.3E-13
3381.6	6.3E-13
3383.6	6.3E-13
3385.6	6.3E-13
3387.6	6.3E-13
3389.6	6.3E-13
3391.6	6.3E-13
3393.6	6.3E-13
3395.6	6.3E-13
3397.6	6.3E-13
3399.6	6.3E-13
3401.6	6.3E-13
3403.6	6.3E-13
3405.6	6.3E-13
3407.6	6.3E-13
3409.6	6.3E-13
3411.6	6.3E-13
3413.6	6.3E-13
3415.6	6.3E-13
3417.6	6.3E-13
3419.6	6.3E-13
3421.6	6.3E-13
3423.6	6.3E-13
3425.6	6.3E-13
3427.6	6.3E-13
3429.6	6.3E-13
3431.6	6.3E-13
3433.6	6.3E-13
3435.6	6.3E-13
3437.6	6.3E-13
3439.6	6.3E-13
3441.6	6.3E-13
3443.6	6.3E-13
3445.6	6.3E-13
3447.6	6.3E-13
3449.6	6.3E-13
3451.6	6.3E-13
3453.6	6.3E-13
3455.6	6.3E-13
3457.6	6.3E-13
3459.6	6.3E-13
3461.6	6.3E-13
3463.6	6.3E-13
3465.6	6.3E-13
3467.6	6.3E-13
3469.6	6.3E-13
3471.6	6.3E-13
3473.6	6.3E-13
3475.6	6.3E-13
3477.6	6.3E-13
3479.6	6.3E-13
3481.6	6.3E-13
3483.6	6.3E-13
3485.6	6.3E-13
3487.6	6.3E-13
3489.6	6.3E-13
3491.6	6.3E-13
3493.6	6.3E-13
3495.6	6.3E-13
3497.6	6.3E-13
3499.6	6.3E-13
3501.6	6.3E-13
3503.6	6.3E-13
3505.6	6.3E-13
3507.6	6.3E-13
3509.6	6.3E-13
3511.6	6.3E-13
3513.6	6.3E-13
3515.6	6.3E-13
3517.6	6.3E-13
3519.6	6.3E-13
3521.6	6.3E-13
3523.6	6.3E-13
3525.6	6.3E-13
3527.6	6.3E-13
3529.6	6.3E-13
3531.6	6.3E-13
3533.6	6.3E-13
3535.6	6.3E-13
3537.6	6.3E-13
3539.6	6.3E-13
3541.6	6.3E-13
3543.6	6.3E-13
3545.6	6.3E-13
3547.6	6.3E-13
3550.04	7.231E-13
3551.78	7.851E-13
3553.52	8.358E-13
3555.25	5.241E-13
3556.99	1.297E-12
3558.73	3.135E-13
3560.47	3.624E-13
3562.21	4.067E-13
3563.95	9.957E-13
3565.69	6.196E-13
3567.42	4.859E-13
3569.16	5.203E-13
3570.9	7.424E-13
3572.64	1.008E-12
3574.38	6.46E-13
3576.12	4.105E-13
3577.86	6.707E-13
3579.59	7.906E-13
3581.33	1.017E-12
3583.07	1.057E-12
3584.81	7.114E-13
3586.55	1.046E-12
3588.29	9.675E-14
3590.03	9.404E-13
3591.77	4.574E-13
3593.5	8.135E-13
3595.24	5.503E-13
3596.98	7.91E-13
3598.72	8.254E-13
3600.46	7.206E-13
3602.2	7.887E-13
3603.94	1.023E-12
3605.68	4.035E-13
3607.42	6.3E-13
3609.15	1.046E-12
3610.89	8.582E-13
3612.63	9.67E-13
3614.37	4.612E-13
3616.11	5.481E-13
3617.85	5.989E-13
3619.59	9.386E-13
3621.33	5.678E-13
3623.07	9.386E-13
3624.8	5.206E-13
3626.54	7.602E-13
3628.28	8.09E-13
3630.02	5.697E-13
3631.76	1.153E-12
3633.5	1E-12
3635.24	8.218E-13
3636.98	7.903E-13
3638.72	7.223E-13
3640.46	4.598E-13
3642.2	7.548E-13
3643.94	8.123E-13
3645.67	7.604E-13
3647.41	9.411E-13
3649.15	6.095E-13
3650.89	7.842E-13
3652.63	7.064E-13
3654.37	7.964E-13
3656.11	8.506E-13
3657.85	6.383E-13
3659.59	6.231E-13
3661.33	6.844E-13
3663.07	6.26E-13
3664.81	5.388E-13
3666.55	4.962E-13
3668.29	6.571E-13
3670.02	6.318E-13
3671.76	7.061E-13
3673.5	6.518E-13
3675.24	7.533E-13
3676.98	5.302E-13
3678.72	5E-13
3680.46	8.429E-13
3682.2	8.237E-13
3683.94	7.568E-13
3685.68	7.494E-13
3687.42	8.027E-13
3689.16	7.504E-13
3690.9	8.528E-13
3692.64	7.863E-13
3694.38	6.121E-13
3696.12	7.821E-13
3697.86	9.227E-13
3699.6	5.078E-13
3701.34	6.076E-13
3703.08	7.23E-13
3704.82	9.188E-13
3706.56	1.259E-12
3708.3	7.545E-13
3710.03	7.016E-13
3711.77	9.046E-13
3713.51	8.475E-13
3715.25	5.839E-13
3716.99	4.449E-13
3718.73	7.659E-13
3720.47	8.96E-13
3722.21	1.203E-12
3723.95	8.932E-13
3725.69	7.649E-13
3727.43	6.922E-13
3729.17	5.639E-13
3730.91	5.009E-13
3732.65	5.71E-13
3734.39	1.514E-12
3736.13	1.25E-12
3737.87	1.155E-12
3739.61	6.392E-13
3741.35	4.987E-13
3743.09	5.377E-13
3744.83	6.35E-13
3746.57	8.727E-13
3748.31	8.89E-13
3750.05	1.521E-12
3751.79	1.056E-12
3753.53	6.255E-13
3755.27	5.762E-13
3757.01	5.213E-13
3758.75	6.423E-13
3760.49	4.879E-13
3762.23	6.221E-13
3763.97	5.891E-13
3765.71	4.901E-13
3767.45	6.044E-13
3769.19	8.795E-13
3770.93	1.746E-12
3772.67	1.402E-12
3774.41	7.927E-13
3776.15	4.997E-13
3777.89	4.667E-13
3779.63	4.094E-13
3781.37	3.408E-13
3783.11	4.285E-13
3784.86	4.371E-13
3786.6	4.287E-13
3788.34	4.114E-13
3790.08	4.074E-13
3791.82	4.615E-13
3793.56	7.4E-13
3795.3	7.472E-13
3797.04	1.547E-12
3798.78	2.681E-12
3800.52	1.197E-12
3802.26	7.338E-13
3804	4.968E-13
3805.74	6.129E-13
3807.48	5.467E-13
3809.22	4.229E-13
3810.96	3.737E-13
3812.7	3.387E-13
3814.44	4.365E-13
3816.18	5.709E-13
3817.92	4.345E-13
3819.66	5.247E-13
3821.4	5.635E-13
3823.15	4.224E-13
3824.89	5.016E-13
3826.63	6.415E-13
3828.37	5.784E-13
3830.11	8.961E-13
3831.85	8.854E-13
3833.59	1.342E-12
3835.33	2.936E-12
3837.07	2.422E-12
3838.81	1.456E-12
3840.55	8.657E-13
3842.29	6.862E-13
3844.03	5.271E-13
3845.77	4.487E-13
3847.51	4.552E-13
3849.26	3.821E-13
3851	4.477E-13
3852.74	4.084E-13
3854.48	3.017E-13
3856.22	4.665E-13
3857.96	4.696E-13
3859.7	5.217E-13
3861.44	4.883E-13
3863.18	3.846E-13
3864.92	2.62E-13
3866.66	3.548E-13
3868.41	3.918E-13
3870.15	4.13E-13
3871.89	4.396E-13
3873.63	5.542E-13
3875.37	3.976E-13
3877.11	4.167E-13
3878.85	7.248E-13
3880.59	5.46E-13
3882.33	5.192E-13
3884.07	6.452E-13
3885.82	9.278E-13
3887.56	1.795E-12
3889.3	3.989E-12
3891.04	2.464E-12
3892.78	1.147E-12
3894.52	7.412E-13
3896.26	6.344E-13
3898	4.635E-13
3899.74	5.795E-13
3901.49	5.385E-13
3903.23	4.32E-13
3904.97	5.114E-13
3906.71	6.411E-13
3908.45	4.175E-13
3910.19	3.698E-13
3911.93	3.58E-13
3913.67	3.921E-13
3915.42	3.562E-13
3917.16	3.565E-13
3918.9	4.539E-13
3920.64	4.563E-13
3922.38	3.756E-13
3924.12	4.358E-13
3925.86	3.124E-13
3927.61	3.671E-13
3929.35	4.809E-13
3931.09	6.109E-13
3932.83	1.286E-12
3934.57	3.91E-12
3936.31	7.593E-13
3938.05	4.611E-13
3939.8	3.64E-13
3941.54	4.155E-13
3943.28	3.785E-13
3945.02	5.178E-13
3946.76	3.821E-13
3948.5	4.508E-13
3950.25	3.895E-13
3951.99	4.069E-13
3953.73	4.625E-13
3955.47	3.59E-13
3957.21	5.166E-13
3958.95	4.182E-13
3960.7	4.063E-13
3962.44	6.637E-13
3964.18	6.328E-13
3965.92	9.584E-13
3967.66	2.145E-12
3969.4	5.759E-12
3971.15	4.891E-12
3972.89	1.954E-12
3974.63	1.065E-12
3976.37	7.467E-13
3978.11	6.054E-13
3979.85	5.058E-13
3981.6	4.697E-13
3983.34	4.118E-13
3985.08	4.243E-13
3986.82	4.577E-13
3988.56	4.112E-13
3990.31	3.576E-13
3992.05	3.324E-13
3993.79	3.479E-13
3995.53	3.928E-13
3997.27	3.838E-13
3999.02	3.596E-13
4000.76	3.589E-13
4002.5	4.023E-13
4004.24	4.173E-13
4005.98	5.1E-13
4007.73	4.124E-13
4009.47	3.851E-13
4011.21	4.054E-13
4012.95	4.307E-13
4014.69	3.978E-13
4016.44	3.818E-13
4018.18	4.368E-13
4019.92	3.591E-13
4021.66	3.704E-13
4023.4	3.505E-13
4025.15	4.532E-13
4026.89	6.65E-13
4028.63	4.738E-13
4030.37	4.26E-13
4032.12	4.496E-13
4033.86	4.474E-13
4035.6	4.349E-13
4037.34	4.083E-13
4039.08	4.117E-13
4040.83	3.666E-13
4042.57	3.919E-13
4044.31	4.207E-13
4046.05	5.272E-13
4047.8	3.514E-13
4049.54	4.023E-13
4051.28	4.28E-13
4053.02	3.996E-13
4054.77	4.157E-13
4056.51	4.209E-13
4058.25	4.329E-13
4059.99	3.885E-13
4061.74	4.138E-13
4063.48	4.917E-13
4065.22	4.718E-13
4066.96	4.066E-13
4068.71	4.22E-13
4070.45	4.545E-13
4072.19	5.031E-13
4073.93	4.17E-13
4075.68	4.661E-13
4077.42	6.036E-13
4079.16	5.658E-13
4080.9	4.398E-13
4082.65	3.965E-13
4084.39	4.751E-13
4086.13	4.785E-13
4087.87	4.262E-13
4089.62	4.787E-13
4091.36	5.021E-13
4093.1	5.493E-13
4094.84	6.299E-13
4096.59	8.207E-13
4098.33	1.229E-12
4100.07	2.194E-12
4101.82	5.653E-12
4103.56	4.062E-12
4105.3	1.722E-12
4107.04	1.007E-12
4108.79	7.479E-13
4110.53	6.434E-13
4112.27	5.707E-13
4114.02	4.97E-13
4115.76	4.481E-13
4117.5	4.359E-13
4119.24	5.026E-13
4120.99	4.812E-13
4122.73	4.818E-13
4124.47	4.523E-13
4126.22	4.767E-13
4127.96	4.5E-13
4129.7	4.607E-13
4131.44	4.865E-13
4133.19	5.247E-13
4134.93	4.268E-13
4136.67	4.435E-13
4138.42	4.309E-13
4140.16	4.072E-13
4141.9	4.554E-13
4143.65	5.096E-13
4145.39	4.94E-13
4147.13	4.329E-13
4148.88	4.733E-13
4150.62	4.618E-13
4152.36	4.592E-13
4154.11	4.804E-13
4155.85	5.107E-13
4157.59	5.057E-13
4159.34	4.995E-13
4161.08	4.486E-13
4162.82	4.612E-13
4164.56	4.519E-13
4166.31	4.19E-13
4168.05	4.435E-13
4169.79	4.327E-13
4171.54	4.946E-13
4173.28	5.127E-13
4175.02	5.121E-13
4176.77	4.575E-13
4178.51	5.703E-13
4180.25	4.833E-13
4182	4.783E-13
4183.74	4.748E-13
4185.49	4.312E-13
4187.23	4.948E-13
4188.97	4.878E-13
4190.72	4.324E-13
4192.46	4.855E-13
4194.2	4.424E-13
4195.95	4.655E-13
4197.69	4.823E-13
4199.43	5.552E-13
4201.18	4.769E-13
4202.92	5.041E-13
4204.66	4.467E-13
4206.41	4.461E-13
4208.15	4.424E-13
4209.89	4.689E-13
4211.64	4.068E-13
4213.38	4.253E-13
4215.13	4.887E-13
4216.87	5.735E-13
4218.61	3.813E-13
4220.36	3.825E-13
4222.1	3.418E-13
4223.84	3.29E-13
4225.59	4.049E-13
4227.33	6.687E-13
4229.08	3.643E-13
4230.82	3.201E-13
4232.56	4.315E-13
4234.31	5.661E-13
4236.05	4.171E-13
4237.79	3.987E-13
4239.54	4.547E-13
4241.28	4.109E-13
4243.03	4.072E-13
4244.77	3.937E-13
4246.51	4.544E-13
4248.26	4.497E-13
4250	5.218E-13
4251.75	4.872E-13
4253.49	3.971E-13
4255.23	4.399E-13
4256.98	3.791E-13
4258.72	4.19E-13
4260.47	4.822E-13
4262.21	4.509E-13
4263.95	3.979E-13
4265.7	4.232E-13
4267.44	4.321E-13
4269.19	4.295E-13
4270.93	4.766E-13
4272.67	5.557E-13
4274.42	4.609E-13
4276.16	4.454E-13
4277.91	3.852E-13
4279.65	4.444E-13
4281.39	4.201E-13
4283.14	4.915E-13
4284.88	4.448E-13
4286.63	4.381E-13
4288.37	4.494E-13
4290.12	5.527E-13
4291.86	4.649E-13
4293.6	4.818E-13
4295.35	5.066E-13
4297.09	4.762E-13
4298.84	5.119E-13
4300.58	5.487E-13
4302.33	5.085E-13
4304.07	5.607E-13
4305.81	4.971E-13
4307.56	5.267E-13
4309.3	5.362E-13
4311.05	5.058E-13
4312.79	5.235E-13
4314.54	5.659E-13
4316.28	4.983E-13
4318.03	4.506E-13
4319.77	4.389E-13
4321.51	5.173E-13
4323.26	5.175E-13
4325	5.58E-13
4326.75	6.231E-13
4328.49	5.625E-13
4330.24	6.022E-13
4331.98	6.311E-13
4333.73	7.572E-13
4335.47	9.553E-13
4337.22	1.483E-12
4338.96	2.76E-12
4340.71	6.756E-12
4342.45	4.178E-12
4344.19	1.841E-12
4345.94	1.134E-12
4347.68	8.535E-13
4349.43	7.066E-13
4351.17	6.927E-13
4352.92	7.608E-13
4354.66	5.381E-13
4356.41	5.107E-13
4358.15	4.989E-13
4359.9	5.195E-13
4361.64	4.78E-13
4363.39	4.849E-13
4365.13	4.929E-13
4366.88	4.969E-13
4368.62	5.279E-13
4370.37	5.05E-13
4372.11	4.944E-13
4373.86	4.978E-13
4375.6	5.511E-13
4377.35	5.34E-13
4379.09	4.883E-13
4380.84	4.707E-13
4382.58	5.098E-13
4384.33	6.795E-13
4386.07	5.9E-13
4387.82	5.792E-13
4389.56	5.588E-13
4391.31	5.311E-13
4393.05	5.438E-13
4394.8	5.751E-13
4396.54	5.429E-13
4398.29	5.038E-13
4400.03	5.426E-13
4401.78	5.551E-13
4403.52	5.25E-13
4405.27	6.255E-13
4407.01	5.126E-13
4408.76	5.408E-13
4410.5	5.09E-13
4412.25	5.416E-13
4413.99	5.288E-13
4415.74	6.506E-13
4417.48	6.404E-13
4419.23	5.948E-13
4420.97	5.042E-13
4422.72	5.57E-13
4424.46	5.366E-13
4426.21	4.828E-13
4427.95	5.884E-13
4429.7	5.288E-13
4431.45	6.005E-13
4433.19	5.737E-13
4434.94	5.307E-13
4436.68	5.183E-13
4438.43	5.305E-13
4440.17	7.865E-13
