      1003.60  3.82205e-14
      1007.00  1.83004e-13
      1008.20  2.92408e-13
      1011.80  3.19769e-13
      1013.00  7.19620e-14
      1015.40  1.92248e-13
      1016.60  3.37703e-13
      1017.60  1.03948e-13
      1018.80  8.89471e-14
      1023.60  5.53056e-14
      1024.80  1.20878e-14
      1026.00  9.49250e-14
      1027.20  8.48241e-14
      1029.40  3.09434e-14
      1030.60  1.34798e-13
      1035.40  1.52473e-13
      1036.60  7.92139e-14
      1044.80  9.52645e-14
      1046.00  3.07949e-14
      1048.40  6.05064e-14
      1050.80  2.62124e-13
      1052.00  2.50350e-13
      1053.00  5.82613e-14
      1056.60  3.11308e-13
      1057.80  2.15421e-13
      1063.80  2.35481e-15
      1069.60  9.58106e-14
      1072.00  1.85793e-14
      1076.60  6.82406e-15
      1079.00  3.51495e-14
      1080.20  5.85735e-14
      1083.80  6.11121e-14
      1086.20  2.94686e-14
      1088.40  6.70235e-14
      1089.60  2.65480e-13
      1094.40  3.94668e-14
      1095.60  1.29659e-13
      1098.00  2.60229e-14
      1099.20  5.98104e-14
      1103.80  1.35811e-13
      1105.00  2.31452e-14
      1106.20  1.86754e-14
      1108.60  5.32362e-14
      1112.00  6.77057e-14
      1113.20  8.30316e-14
      1114.40  4.81853e-15
      1115.60  1.49096e-13
      1116.80  1.86294e-13
      1118.00  1.47961e-13
      1119.20  1.57470e-13
      1120.40  1.78186e-13
      1121.60  4.67068e-14
      1122.60  6.38668e-14
      1125.00  4.27447e-14
      1129.80  2.58454e-14
      1132.20  2.22324e-14
      1133.40  1.10118e-14
      1134.40  2.14349e-13
      1135.60  7.78946e-14
      1136.80  1.70088e-13
      1138.00  7.46082e-14
      1139.20  1.63277e-13
      1140.40  1.62863e-13
      1141.60  3.80396e-13
      1142.80  2.23209e-13
      1144.00  3.38586e-13
      1145.20  3.68813e-13
      1146.20  5.71969e-13
      1147.40  4.73133e-13
      1148.60  7.11183e-13
      1149.80  7.13188e-13
      1151.00  1.11556e-13
      1152.20  1.20467e-13
      1153.40  1.23010e-13
      1154.60  1.16459e-13
      1155.80  1.17440e-13
      1157.00  1.54970e-13
      1158.00  1.76388e-13
      1159.20  1.59785e-13
      1160.40  2.27800e-13
      1161.60  3.34565e-13
      1162.80  2.32969e-13
      1164.00  1.62645e-13
      1165.20  1.49454e-13
      1166.40  1.68148e-13
      1167.60  1.54540e-13
      1168.80  1.66994e-13
      1169.80  1.69550e-13
      1171.00  2.23473e-13
      1172.20  3.66795e-13
      1173.40  5.31601e-13
      1174.60  5.92634e-13
      1175.80  5.96718e-13
      1177.00  4.45373e-13
      1178.20  3.00119e-13
      1179.40  2.21563e-13
      1180.60  1.79756e-13
      1181.60  1.56827e-13
      1182.80  1.42572e-13
      1184.00  1.54843e-13
      1185.20  1.43589e-13
      1186.40  1.33367e-13
      1187.60  1.58038e-13
      1188.80  1.52492e-13
      1190.00  1.44704e-13
      1191.20  1.52686e-13
      1192.40  1.52686e-13
      1193.40  1.52686e-13
      1194.60  1.52686e-13
      1195.80  1.52686e-13
      1197.00  1.52686e-13
      1198.20  1.52686e-13
      1199.40  1.52686e-13
      1200.91  1.52686e-13
      1202.61  1.52686e-13
      1204.41  1.52216e-13
      1206.11  8.92472e-13
      1207.91  1.52216e-13
      1209.61  1.52216e-13
      1211.41  1.52216e-13
      1213.11  3.91607e-13
      1214.91  4.92066e-12
      1216.61  5.45150e-12
      1218.41  6.35280e-13
      1220.11  1.52686e-13
      1221.91  1.52686e-13
      1223.61  1.52686e-13
      1225.41  1.52686e-13
      1227.11  1.52686e-13
      1228.91  1.52686e-13
      1231.20  1.59158e-13
      1232.40  1.63022e-13
      1233.60  1.66363e-13
      1234.80  1.61354e-13
      1236.00  1.90904e-13
      1237.20  2.10642e-13
      1238.40  1.96604e-13
      1239.40  2.03327e-13
      1240.60  2.07804e-13
      1241.80  2.03227e-13
      1243.00  1.86718e-13
      1244.20  1.97007e-13
      1245.40  2.01741e-13
      1246.60  2.04489e-13
      1247.80  2.11444e-13
      1249.00  1.87348e-13
      1250.20  1.79349e-13
      1251.20  1.73032e-13
      1252.40  1.65888e-13
      1253.60  1.65110e-13
      1254.80  1.60761e-13
      1256.00  1.84602e-13
      1257.20  1.71406e-13
      1258.40  1.56302e-13
      1259.60  1.57704e-13
      1260.80  1.68763e-13
      1262.00  1.93585e-13
      1263.00  1.84293e-13
      1264.20  1.83238e-13
      1265.40  1.70993e-13
      1266.60  1.76471e-13
      1267.80  1.92176e-13
      1269.00  1.84485e-13
      1270.20  1.79091e-13
      1271.40  1.67462e-13
      1272.60  1.69556e-13
      1273.80  1.91676e-13
      1274.80  1.87264e-13
      1276.00  1.69707e-13
      1277.20  1.79215e-13
      1278.40  1.70760e-13
      1279.60  1.91872e-13
      1280.80  1.70637e-13
      1282.00  1.81524e-13
      1283.20  1.78792e-13
      1284.40  1.77594e-13
      1285.60  1.89988e-13
      1286.60  1.92218e-13
      1287.80  2.06589e-13
      1289.00  1.89587e-13
      1290.20  2.22711e-13
      1291.40  1.94924e-13
      1292.60  2.02916e-13
      1293.80  2.15860e-13
      1295.00  2.36264e-13
      1296.20  2.58165e-13
      1297.40  2.77885e-13
      1298.40  2.67627e-13
      1299.60  2.37256e-13
      1300.80  2.52791e-13
      1302.00  2.50980e-13
      1303.20  2.64542e-13
      1304.40  2.26047e-13
      1305.60  2.00960e-13
      1306.80  2.05456e-13
      1308.00  1.92052e-13
      1309.20  1.70340e-13
      1310.20  1.94840e-13
      1311.40  2.17073e-13
      1312.60  1.91940e-13
      1313.80  1.89700e-13
      1315.00  1.85910e-13
      1316.20  1.88650e-13
      1317.40  1.87236e-13
      1318.60  1.70040e-13
      1319.80  1.92934e-13
      1320.80  1.73223e-13
      1322.00  1.78292e-13
      1323.20  1.91756e-13
      1324.40  1.94630e-13
      1325.60  1.93797e-13
      1326.80  1.91594e-13
      1328.00  1.71288e-13
      1329.20  1.97027e-13
      1330.40  1.95061e-13
      1331.60  2.09875e-13
      1332.60  2.79109e-13
      1333.80  3.24772e-13
      1335.00  3.54842e-13
      1336.20  3.51258e-13
      1337.40  3.18697e-13
      1338.60  2.51815e-13
      1339.80  2.03361e-13
      1341.00  1.65760e-13
      1342.20  1.90177e-13
      1343.40  1.97410e-13
      1344.40  1.79162e-13
      1345.60  1.91840e-13
      1346.80  1.75232e-13
      1348.00  1.85800e-13
      1349.20  1.70633e-13
      1350.40  1.57241e-13
      1351.60  1.70367e-13
      1352.80  1.74832e-13
      1354.00  1.85125e-13
      1355.20  1.96851e-13
      1356.20  1.84863e-13
      1357.40  1.68825e-13
      1358.60  1.68513e-13
      1359.80  1.71927e-13
      1361.00  1.74584e-13
      1362.20  1.68971e-13
      1363.40  1.78527e-13
      1364.60  1.88194e-13
      1365.80  1.92390e-13
      1367.00  1.84625e-13
      1368.00  1.75840e-13
      1369.20  1.81043e-13
      1370.40  1.66259e-13
      1371.60  1.77212e-13
      1372.80  2.04125e-13
      1374.00  1.84339e-13
      1375.20  1.70421e-13
      1376.40  1.56574e-13
      1377.60  1.77341e-13
      1378.80  1.81696e-13
      1379.80  1.63585e-13
      1381.00  1.78223e-13
      1382.20  1.92941e-13
      1383.40  1.63492e-13
      1384.60  1.68686e-13
      1385.80  1.74761e-13
      1387.00  1.74257e-13
      1388.20  1.92608e-13
      1389.40  2.10074e-13
      1390.60  2.49745e-13
      1391.60  3.24165e-13
      1392.80  4.00613e-13
      1394.00  4.11570e-13
      1395.20  3.70431e-13
      1396.40  2.82391e-13
      1397.60  2.27501e-13
      1398.80  2.35563e-13
      1400.00  2.66369e-13
      1401.20  3.22272e-13
      1402.40  3.24105e-13
      1403.40  3.15879e-13
      1404.60  3.07198e-13
      1405.80  2.32052e-13
      1407.00  1.96358e-13
      1408.20  1.82859e-13
      1409.40  1.98339e-13
      1410.60  1.69925e-13
      1411.80  1.64533e-13
      1413.00  1.79055e-13
      1414.00  1.83290e-13
      1415.20  1.82028e-13
      1416.40  1.89743e-13
      1417.60  1.87914e-13
      1418.80  1.87320e-13
      1420.00  1.72714e-13
      1421.20  1.70431e-13
      1422.40  1.88952e-13
      1423.60  1.80520e-13
      1424.80  1.83067e-13
      1425.80  1.79629e-13
      1427.00  1.69318e-13
      1428.20  1.74121e-13
      1429.40  1.77162e-13
      1430.60  1.84164e-13
      1431.80  1.77876e-13
      1433.00  1.95077e-13
      1434.20  1.74631e-13
      1435.40  1.67691e-13
      1436.60  1.71068e-13
      1437.60  1.71019e-13
      1438.80  1.69993e-13
      1440.00  1.71215e-13
      1441.20  1.64423e-13
      1442.40  1.72169e-13
      1443.60  1.77636e-13
      1444.80  1.85114e-13
      1446.00  1.79205e-13
      1447.20  1.80182e-13
      1448.40  1.77761e-13
      1449.40  1.79044e-13
      1450.60  1.94562e-13
      1451.80  1.81337e-13
      1453.00  1.67682e-13
      1454.20  1.68107e-13
      1455.40  1.80567e-13
      1456.60  1.80776e-13
      1457.80  1.93772e-13
      1459.00  1.85487e-13
      1460.20  1.78296e-13
      1461.20  1.81080e-13
      1462.40  1.86308e-13
      1463.60  1.73466e-13
      1464.80  1.80572e-13
      1466.00  1.95314e-13
      1467.20  1.87337e-13
      1468.40  1.93611e-13
      1469.60  2.02685e-13
      1470.80  1.94747e-13
      1472.00  1.82038e-13
      1473.00  1.87527e-13
      1474.20  1.97294e-13
      1475.40  1.90114e-13
      1476.60  1.94500e-13
      1477.80  1.96203e-13
      1479.00  1.83640e-13
      1480.20  1.92240e-13
      1481.40  2.04184e-13
      1482.60  1.86497e-13
      1483.80  1.91118e-13
      1484.80  2.04951e-13
      1486.00  1.98990e-13
      1487.20  2.14176e-13
      1488.40  1.99163e-13
      1489.60  2.07585e-13
      1490.80  1.91549e-13
      1492.00  1.93578e-13
      1493.20  1.96057e-13
      1494.40  2.06132e-13
      1495.60  2.05720e-13
      1496.60  2.01802e-13
      1497.80  2.06022e-13
      1499.00  2.07211e-13
      1500.20  2.12118e-13
      1501.40  2.11885e-13
      1502.60  2.13099e-13
      1503.80  1.91084e-13
      1505.00  1.93662e-13
      1506.20  1.88638e-13
      1507.40  1.91783e-13
      1508.40  1.86338e-13
      1509.60  1.82452e-13
      1510.80  1.90481e-13
      1512.00  1.96959e-13
      1513.20  1.82432e-13
      1514.40  1.67351e-13
      1515.60  1.68813e-13
      1516.80  1.67425e-13
      1518.00  1.84102e-13
      1519.00  2.04745e-13
      1520.20  1.93001e-13
      1521.40  1.89079e-13
      1522.60  1.94107e-13
      1523.80  1.99554e-13
      1525.00  2.19629e-13
      1526.20  1.98335e-13
      1527.40  1.87374e-13
      1528.60  2.06993e-13
      1529.80  2.19049e-13
      1530.80  2.05905e-13
      1532.00  2.00479e-13
      1533.20  1.96132e-13
      1534.40  2.07410e-13
      1535.60  1.92319e-13
      1536.80  1.92319e-13
      1538.00  1.92319e-13
      1539.20  1.92319e-13
      1540.40  1.92319e-13
      1541.60  1.92319e-13
      1542.60  1.92319e-13
      1543.80  1.92319e-13
      1545.00  1.92319e-13
      1546.20  2.13130e-13
      1547.40  2.51664e-13
      1548.60  2.68139e-13
      1549.80  2.67907e-13
      1551.00  2.51202e-13
      1552.20  2.32914e-13
      1553.40  1.92667e-13
      1554.40  1.92319e-13
      1555.60  1.92319e-13
      1556.80  1.92319e-13
      1558.00  1.92319e-13
      1559.20  1.92319e-13
      1560.40  1.92319e-13
      1561.60  1.92319e-13
      1562.80  1.92319e-13
      1564.00  1.92319e-13
      1565.20  2.11082e-13
      1566.20  2.14729e-13
      1567.40  2.12020e-13
      1568.60  2.03377e-13
      1569.80  2.04346e-13
      1571.00  1.99729e-13
      1572.20  1.84066e-13
      1573.40  1.96342e-13
      1574.60  1.90749e-13
      1575.80  2.00486e-13
      1577.00  2.06278e-13
      1578.00  2.14760e-13
      1579.20  2.09481e-13
      1580.40  2.21183e-13
      1581.60  2.10188e-13
      1582.80  2.01433e-13
      1584.00  2.01770e-13
      1585.20  2.03514e-13
      1586.40  2.07922e-13
      1587.60  1.95100e-13
      1588.80  1.99681e-13
      1589.80  1.96695e-13
      1591.00  1.95620e-13
      1592.20  1.96780e-13
      1593.40  1.96111e-13
      1594.60  2.05914e-13
      1595.80  2.06706e-13
      1597.00  2.00072e-13
      1598.20  1.90011e-13
      1599.40  1.95984e-13
      1600.60  1.97287e-13
      1601.60  1.84111e-13
      1602.80  2.01383e-13
      1604.00  2.01186e-13
      1605.20  1.91621e-13
      1606.40  1.86763e-13
      1607.60  1.94817e-13
      1608.80  2.13683e-13
      1610.00  1.97157e-13
      1611.20  1.87996e-13
      1612.40  1.83043e-13
      1613.40  1.87374e-13
      1614.60  2.00527e-13
      1615.80  1.92257e-13
      1617.00  1.75646e-13
      1618.20  1.78830e-13
      1619.40  1.95554e-13
      1620.60  2.06617e-13
      1621.80  2.01373e-13
      1623.00  1.92376e-13
      1624.00  1.95547e-13
      1625.20  1.89736e-13
      1626.40  1.87942e-13
      1627.60  1.93348e-13
      1628.80  1.82053e-13
      1630.00  1.85002e-13
      1631.20  1.92281e-13
      1632.40  1.95448e-13
      1633.60  2.01398e-13
      1634.80  2.12889e-13
      1635.80  2.16599e-13
      1637.00  2.16405e-13
      1638.20  2.60458e-13
      1639.40  2.72284e-13
      1640.60  2.84746e-13
      1641.80  2.82335e-13
      1643.00  2.51388e-13
      1644.20  2.21761e-13
      1645.40  1.98063e-13
      1646.60  1.94918e-13
      1647.60  1.95302e-13
      1648.80  1.98801e-13
      1650.00  1.75538e-13
      1651.20  1.78219e-13
      1652.40  1.99519e-13
      1653.60  1.92677e-13
      1654.80  1.99198e-13
      1656.00  2.13353e-13
      1657.20  2.24247e-13
      1658.40  2.25058e-13
      1659.40  2.18001e-13
      1660.60  2.06930e-13
      1661.80  2.03529e-13
      1663.00  2.02442e-13
      1664.20  1.94443e-13
      1665.40  2.00403e-13
      1666.60  1.97269e-13
      1667.80  1.90555e-13
      1669.00  1.90563e-13
      1670.20  1.80088e-13
      1671.20  1.85710e-13
      1672.40  1.94413e-13
      1673.60  1.97078e-13
      1674.80  1.99521e-13
      1676.00  1.92385e-13
      1677.20  1.92182e-13
      1678.40  1.95088e-13
      1679.60  1.79727e-13
      1680.80  1.84009e-13
      1682.00  1.91927e-13
      1683.00  1.90157e-13
      1684.20  1.86581e-13
      1685.40  1.81320e-13
      1686.60  1.74986e-13
      1687.80  1.86810e-13
      1689.00  1.95606e-13
      1690.20  1.88043e-13
      1691.40  1.91000e-13
      1692.60  1.96429e-13
      1693.80  1.99778e-13
      1694.80  2.09022e-13
      1696.00  1.97832e-13
      1697.20  1.85884e-13
      1698.40  1.92335e-13
      1699.60  1.97795e-13
      1700.80  1.92980e-13
      1702.00  1.96539e-13
      1703.20  1.83738e-13
      1704.40  1.82882e-13
      1705.60  1.88317e-13
      1706.60  1.88749e-13
      1707.80  1.87959e-13
      1709.00  1.78543e-13
      1710.20  1.80853e-13
      1711.40  1.91508e-13
      1712.60  1.95718e-13
      1713.80  1.92194e-13
      1715.00  1.96733e-13
      1716.20  1.97988e-13
      1717.40  1.90476e-13
      1718.40  1.99893e-13
      1719.60  2.09080e-13
      1720.80  2.02510e-13
      1722.00  1.93668e-13
      1723.20  1.84412e-13
      1724.40  1.85775e-13
      1725.60  1.94467e-13
      1726.80  1.91574e-13
      1728.00  1.90856e-13
      1729.00  1.94167e-13
      1730.20  1.88895e-13
      1731.40  1.89412e-13
      1732.60  1.82712e-13
      1733.80  1.81341e-13
      1735.00  1.86175e-13
      1736.20  1.95562e-13
      1737.40  1.95751e-13
      1738.60  1.91834e-13
      1739.80  1.96757e-13
      1740.80  1.93173e-13
      1742.00  1.86098e-13
      1743.20  1.85567e-13
      1744.40  1.89565e-13
      1745.60  1.91881e-13
      1746.80  2.00089e-13
      1748.00  2.06843e-13
      1749.20  2.01201e-13
      1750.40  1.99689e-13
      1751.60  2.00071e-13
      1752.60  1.94600e-13
      1753.80  2.01284e-13
      1755.00  2.04552e-13
      1756.20  2.02142e-13
      1757.40  2.04799e-13
      1758.60  2.03371e-13
      1759.80  1.92837e-13
      1761.00  1.86207e-13
      1762.20  1.98890e-13
      1763.40  2.06149e-13
      1764.40  2.02964e-13
      1765.60  1.95697e-13
      1766.80  2.01893e-13
      1768.00  2.03324e-13
      1769.20  1.99026e-13
      1770.40  1.97733e-13
      1771.60  1.94227e-13
      1772.80  1.97793e-13
      1774.00  2.02157e-13
      1775.20  2.04230e-13
      1776.20  2.05109e-13
      1777.40  2.02723e-13
      1778.60  1.98562e-13
      1779.80  1.98080e-13
      1781.00  1.93068e-13
      1782.20  1.99146e-13
      1783.40  2.00493e-13
      1784.60  2.04448e-13
      1785.80  2.05221e-13
      1787.00  2.02927e-13
      1788.00  1.91669e-13
      1789.20  1.82034e-13
      1790.40  1.63739e-13
      1791.60  1.39111e-13
      1792.80  1.29590e-13
      1794.00  1.43931e-13
      1795.20  1.62485e-13
      1796.40  1.76241e-13
      1797.60  1.86927e-13
      1798.80  1.93200e-13
      1799.80  1.92813e-13
      1801.00  1.98689e-13
      1802.20  1.99408e-13
      1803.40  1.98487e-13
      1804.60  1.94863e-13
      1805.80  2.01706e-13
      1807.00  2.03088e-13
      1808.20  2.06112e-13
      1809.40  2.03246e-13
      1810.60  2.01722e-13
      1811.60  1.95433e-13
      1812.80  1.92381e-13
      1814.00  1.93105e-13
      1815.20  1.97333e-13
      1816.40  1.98080e-13
      1817.60  2.06716e-13
      1818.80  2.02620e-13
      1820.00  1.98789e-13
      1821.20  1.92845e-13
      1822.40  1.92457e-13
      1823.40  1.93633e-13
      1824.60  1.96736e-13
      1825.80  1.97903e-13
      1827.00  2.00321e-13
      1828.20  1.99464e-13
      1829.40  1.94828e-13
      1830.60  1.88821e-13
      1831.80  1.88285e-13
      1833.00  1.83582e-13
      1834.00  1.82496e-13
      1835.20  1.83494e-13
      1836.40  1.86657e-13
      1837.60  1.86284e-13
      1838.80  1.86754e-13
      1840.00  1.88142e-13
      1841.20  1.85637e-13
      1842.40  1.89058e-13
      1843.60  1.90613e-13
      1844.80  1.86082e-13
      1845.80  1.86780e-13
      1847.00  1.88110e-13
      1848.20  1.90826e-13
      1849.40  1.87752e-13
      1850.60  1.93506e-13
      1851.80  1.96564e-13
      1853.00  1.99911e-13
      1854.20  1.99032e-13
      1855.40  1.98987e-13
      1856.60  1.97328e-13
      1857.60  2.00458e-13
      1858.80  2.01710e-13
      1860.00  2.01292e-13
      1861.20  1.99155e-13
      1862.40  2.01388e-13
      1863.60  1.96125e-13
      1864.80  1.97799e-13
      1866.00  1.93057e-13
      1867.20  1.87406e-13
      1868.40  1.80476e-13
      1869.40  1.86262e-13
      1870.60  1.84499e-13
      1871.80  1.89375e-13
      1873.00  1.88579e-13
      1874.20  1.88449e-13
      1875.40  1.85512e-13
      1876.60  1.86655e-13
      1877.80  1.82047e-13
      1879.00  1.81793e-13
      1880.20  1.81940e-13
      1881.20  1.87319e-13
      1882.40  1.86148e-13
      1883.60  1.88935e-13
      1884.80  1.83944e-13
      1886.00  1.85504e-13
      1887.20  1.83612e-13
      1888.40  1.87770e-13
      1889.60  1.84522e-13
      1890.80  1.87934e-13
      1892.00  1.89054e-13
      1893.00  1.92262e-13
      1894.20  1.90479e-13
      1895.40  1.91164e-13
      1896.60  1.90549e-13
      1897.80  1.89701e-13
      1899.00  1.86721e-13
      1900.20  1.88116e-13
      1901.40  1.86383e-13
      1902.60  1.85392e-13
      1903.80  1.80900e-13
      1904.80  1.80829e-13
      1906.00  1.79894e-13
      1907.20  1.85169e-13
      1908.40  1.85778e-13
      1909.60  1.87670e-13
      1910.80  1.85378e-13
      1912.00  1.86650e-13
      1913.20  1.87172e-13
      1914.40  1.88573e-13
      1915.60  1.88112e-13
      1916.60  1.91100e-13
      1917.80  1.86982e-13
      1919.00  1.85347e-13
      1920.20  1.81390e-13
      1921.40  1.82166e-13
      1922.60  1.85955e-13
      1923.80  1.87433e-13
      1925.00  1.84806e-13
      1926.20  1.87884e-13
      1927.40  1.92460e-13
      1928.40  1.93275e-13
      1929.60  1.93678e-13
      1930.80  1.91702e-13
      1932.00  1.88549e-13
      1933.20  1.88998e-13
      1934.40  1.83670e-13
      1935.60  1.85499e-13
      1936.80  1.81138e-13
      1938.00  1.82331e-13
      1939.00  1.80903e-13
      1940.20  1.84011e-13
      1941.40  1.82429e-13
      1942.60  1.82051e-13
      1943.80  1.80859e-13
      1945.00  1.78894e-13
      1946.20  1.79438e-13
      1947.40  1.79078e-13
      1948.60  1.80048e-13
      1949.80  1.80269e-13
      1950.80  1.81105e-13
      1952.00  1.84313e-13
      1953.20  1.85046e-13
      1954.40  1.87899e-13
      1955.60  1.88387e-13
      1956.80  1.89491e-13
      1958.00  1.85612e-13
      1959.20  1.86572e-13
      1960.40  1.86996e-13
      1961.60  1.86585e-13
      1962.60  1.85962e-13
      1963.80  1.86564e-13
      1965.00  1.85729e-13
      1966.20  1.81886e-13
      1967.40  1.78587e-13
      1968.60  1.76972e-13
      1969.80  1.78552e-13
      1971.00  1.78326e-13
      1972.20  1.75573e-13
      1973.40  1.76106e-13
      1974.40  1.76568e-13
      1975.60  1.79224e-13
      1976.80  1.80002e-13
      1978.00  1.81898e-13
      1979.20  1.81211e-13
      1980.40  1.81902e-13
      1981.60  1.82697e-13
      1982.80  1.87077e-13
      2000.40  1.76955e-13
      2002.20  1.97000e-13
      2004.20  2.43925e-13
      2006.00  7.33043e-14
      2008.00 -9.61550e-14
      2009.80  1.87827e-13
      2011.60  2.41814e-13
      2013.60  4.69163e-14
      2015.40  2.24383e-13
      2017.20  2.03594e-13
      2019.20  2.40494e-14
      2021.00  1.64953e-13
      2022.80  1.72430e-13
      2024.80  1.21194e-13
      2026.60  1.80684e-13
      2028.40  1.66816e-13
      2030.40  2.52329e-14
      2032.20  1.25808e-13
      2034.00  2.43794e-13
      2036.00  1.91932e-13
      2037.80  2.57791e-13
      2039.60  1.59161e-13
      2041.60  5.19949e-14
      2043.40  1.42453e-13
      2045.40  2.40110e-13
      2047.20  2.29432e-13
      2049.00  6.66982e-14
      2051.00  1.53651e-13
      2052.80  1.14420e-13
      2054.60  2.88002e-13
      2056.60  3.02591e-13
      2058.40  1.61988e-13
      2060.20  1.42488e-13
      2062.20  1.43585e-13
      2064.00  2.53229e-13
      2065.80  1.78171e-13
      2067.80  1.36643e-13
      2069.60  2.01015e-13
      2071.40  1.92756e-13
      2073.40  1.14225e-13
      2075.20  1.13275e-13
      2077.00  2.92370e-13
      2079.00  2.90938e-13
      2080.80  1.92800e-13
      2082.60  1.37923e-13
      2084.60  1.48224e-13
      2086.40  1.18958e-13
      2088.40  3.82860e-14
      2090.20  7.01745e-14
      2092.00  2.08876e-13
      2094.00  2.82253e-13
      2095.80  1.69542e-13
      2097.60  3.04661e-14
      2099.60  9.21653e-14
      2101.40  2.17310e-13
      2103.20  1.35988e-13
      2105.20  2.91887e-14
      2107.00  7.47636e-14
      2108.80  5.90651e-14
      2110.80  1.90479e-13
      2112.60  3.82234e-13
      2114.40  3.34046e-13
      2116.40  2.39017e-13
      2118.20  2.04137e-13
      2120.00  2.00958e-13
      2122.00  2.17940e-13
      2123.80  3.74137e-13
      2125.60  2.47208e-13
      2127.60  2.13630e-13
      2129.40  2.57357e-13
      2131.40  3.17361e-13
      2133.20  2.16916e-13
      2135.00  2.32448e-13
      2137.00  1.62942e-13
      2138.80  2.46179e-13
      2140.60  2.29160e-13
      2142.60  1.53323e-13
      2144.40  2.13301e-13
      2146.20  9.18490e-14
      2148.20  1.21158e-13
      2150.00  2.66517e-13
      2151.80  2.22870e-13
      2153.80  2.04793e-13
      2155.60  2.37753e-13
      2157.40  1.87012e-13
      2159.40  2.56194e-13
      2161.20  1.81675e-13
      2163.00  2.32790e-13
      2165.00  1.88741e-13
      2166.80  2.40919e-13
      2168.60  2.31885e-13
      2170.60  2.41628e-13
      2172.40  1.51944e-13
      2174.40  2.52465e-13
      2176.20  3.26161e-13
      2178.00  4.07486e-13
      2180.00  1.44590e-13
      2181.80  6.94750e-14
      2183.60  1.55813e-13
      2185.60  1.60748e-13
      2187.40  1.39986e-13
      2189.20  2.86389e-13
      2191.20  2.61626e-13
      2193.00  1.08832e-13
      2194.80  1.77223e-13
      2196.80  1.60439e-13
      2198.60  1.90485e-13
      2200.40  2.76071e-13
      2202.40  3.27532e-13
      2204.20  2.12081e-13
      2206.00  5.50046e-13
      2208.00  5.21559e-13
      2209.80  2.17778e-13
      2211.80  3.76586e-13
      2213.60  4.69725e-13
      2215.40  2.48351e-13
      2217.40  1.89979e-13
      2219.20  3.57576e-13
      2221.00  4.43056e-13
      2223.00  3.28234e-13
      2224.80  3.78500e-13
      2226.60  3.53413e-13
      2228.60  3.25445e-13
      2230.40  4.67159e-13
      2232.20  2.86876e-13
      2234.20  4.43725e-13
      2236.00  5.37591e-13
      2237.80  4.47771e-13
      2239.80  2.92666e-13
      2241.60  3.77208e-13
      2243.40  4.08940e-13
      2245.40  4.34563e-13
      2247.20  4.13423e-13
      2249.00  3.66719e-13
      2251.00  5.20913e-13
      2252.80  5.84556e-13
      2254.80  6.95561e-13
      2256.60  5.41411e-13
      2258.40  4.84956e-13
      2260.40  7.63203e-13
      2262.20  7.23389e-13
      2264.00  5.54434e-13
      2266.00  4.72882e-13
      2267.80  5.63648e-13
      2269.60  6.27646e-13
      2271.60  5.77312e-13
      2273.40  3.67242e-13
      2275.20  4.77278e-13
      2277.20  6.58935e-13
      2279.00  5.57126e-13
      2280.80  5.04318e-13
      2282.80  5.67082e-13
      2284.60  2.81813e-13
      2286.40  4.18209e-13
      2288.40  5.56310e-13
      2290.20  3.76463e-13
      2292.00  3.68393e-13
      2294.00  5.11944e-13
      2295.80  5.15704e-13
      2297.80  5.01708e-13
      2299.60  6.67433e-13
      2301.40  7.31804e-13
      2303.40  6.09002e-13
      2305.20  4.44102e-13
      2307.00  3.88993e-13
      2309.00  3.16864e-13
      2310.80  4.50133e-13
      2312.60  3.54099e-13
      2314.60  4.23584e-13
      2316.40  4.93541e-13
      2318.20  4.69525e-13
      2320.20  5.97439e-13
      2322.00  4.74606e-13
      2323.80  4.30660e-13
      2325.80  5.57578e-13
      2327.60  7.42291e-13
      2329.40  7.37826e-13
      2331.40  7.18249e-13
      2333.20  8.56878e-13
      2335.00  7.24069e-13
      2337.00  6.54053e-13
      2338.80  8.88592e-13
      2340.80  9.60745e-13
      2342.60  9.35130e-13
      2344.40  1.04756e-12
      2346.40  1.05049e-12
      2348.20  8.88426e-13
      2350.00  9.53673e-13
      2352.00  9.16701e-13
      2353.80  6.30827e-13
      2355.60  7.09606e-13
      2357.60  7.70920e-13
      2359.40  9.28400e-13
      2361.20  1.13202e-12
      2363.20  1.00513e-12
      2365.00  1.02298e-12
      2366.80  9.96659e-13
      2368.80  1.03544e-12
      2370.60  9.27465e-13
      2372.40  7.63977e-13
      2374.40  7.07323e-13
      2376.20  7.42085e-13
      2378.00  1.06013e-12
      2380.00  1.29792e-12
      2381.80  1.44440e-12
      2383.80  1.39832e-12
      2385.60  1.36693e-12
      2387.40  1.02001e-12
      2389.40  8.68259e-13
      2391.20  8.28773e-13
      2393.00  1.01475e-12
      2395.00  1.19594e-12
      2396.80  1.10743e-12
      2398.60  1.14723e-12
      2400.60  1.15960e-12
      2402.40  1.13369e-12
      2404.20  1.19421e-12
      2406.20  1.15123e-12
      2408.00  1.28772e-12
      2409.80  1.51526e-12
      2411.80  1.20259e-12
      2413.60  1.09325e-12
      2415.40  9.06775e-13
      2417.40  5.64571e-13
      2419.20  5.94756e-13
      2421.00  6.98588e-13
      2423.00  7.29087e-13
      2424.80  7.58491e-13
      2426.80  8.20417e-13
      2428.60  8.46279e-13
      2430.40  8.97796e-13
      2432.40  8.76980e-13
      2434.20  8.01797e-13
      2436.00  9.49376e-13
      2438.00  8.76471e-13
      2439.80  8.97254e-13
      2441.60  8.25667e-13
      2443.60  7.33878e-13
      2445.40  8.58924e-13
      2447.20  9.29872e-13
      2449.20  9.27709e-13
      2451.00  8.37113e-13
      2452.80  7.94887e-13
      2454.80  7.77752e-13
      2456.60  8.41128e-13
      2458.40  8.65668e-13
      2460.40  8.79120e-13
      2462.20  9.11934e-13
      2464.00  9.03906e-13
      2466.00  9.39327e-13
      2467.80  1.00111e-12
      2469.80  9.30615e-13
      2471.60  9.57722e-13
      2473.40  8.48828e-13
      2475.40  9.29443e-13
      2477.20  9.92203e-13
      2479.00  1.06564e-12
      2481.00  1.19937e-12
      2482.80  1.02341e-12
      2484.60  8.83881e-13
      2486.60  9.50135e-13
      2488.40  9.48302e-13
      2490.20  9.31548e-13
      2492.20  1.12695e-12
      2494.00  9.61270e-13
      2495.80  7.97352e-13
      2497.80  8.63846e-13
      2499.60  7.78286e-13
      2501.40  7.96432e-13
      2503.40  7.70659e-13
      2505.20  9.83106e-13
      2507.20  1.10569e-12
      2509.00  1.01340e-12
      2510.80  8.44710e-13
      2512.80  8.99969e-13
      2514.60  9.98836e-13
      2516.40  1.04359e-12
      2518.40  9.23140e-13
      2520.20  9.84468e-13
      2522.00  1.09689e-12
      2524.00  1.21330e-12
      2525.80  1.35227e-12
      2527.60  1.28962e-12
      2529.60  1.40339e-12
      2531.40  1.41442e-12
      2533.20  1.24509e-12
      2535.20  1.13888e-12
      2537.00  1.35994e-12
      2538.80  1.44513e-12
      2540.80  1.34834e-12
      2542.60  1.17733e-12
      2544.40  1.14123e-12
      2546.40  1.15293e-12
      2548.20  1.22070e-12
      2550.20  1.23249e-12
      2552.00  1.11374e-12
      2553.80  8.66727e-13
      2555.80  8.04218e-13
      2557.60  8.36392e-13
      2559.40  8.63131e-13
      2561.40  9.06300e-13
      2563.20  8.40242e-13
      2565.00  9.25247e-13
      2567.00  9.02043e-13
      2568.80  8.43522e-13
      2570.60  9.26277e-13
      2572.60  1.05976e-12
      2574.40  9.92222e-13
      2576.20  8.89597e-13
      2578.20  8.39467e-13
      2580.00  7.85084e-13
      2581.80  8.76546e-13
      2583.80  1.09281e-12
      2585.60  1.18726e-12
      2587.40  1.05106e-12
      2589.40  9.37073e-13
      2591.20  9.27393e-13
      2593.20  9.75341e-13
      2595.00  1.06492e-12
      2596.80  1.16003e-12
      2598.80  1.24294e-12
      2600.60  1.26283e-12
      2602.40  1.10801e-12
      2604.40  1.13860e-12
      2606.20  1.30644e-12
      2608.00  1.35601e-12
      2610.00  1.46112e-12
      2611.80  1.46726e-12
      2613.60  1.27652e-12
      2615.60  1.53177e-12
      2617.40  1.27987e-12
      2619.20  1.25980e-12
      2621.20  1.28390e-12
      2623.00  1.34205e-12
      2624.80  1.35357e-12
      2626.80  1.42870e-12
      2628.60  1.49724e-12
      2630.40  1.51322e-12
      2632.40  1.43598e-12
      2634.20  1.04186e-12
      2636.20  7.94346e-13
      2638.00  7.72029e-13
      2639.80  7.80871e-13
      2641.80  7.12381e-13
      2643.60  7.29825e-13
      2645.40  6.57639e-13
      2647.40  6.36987e-13
      2649.20  6.21764e-13
      2651.00  6.53409e-13
      2653.00  7.07745e-13
      2654.80  7.50850e-13
      2656.60  7.44640e-13
      2658.60  7.21091e-13
      2660.40  7.67564e-13
      2662.20  9.01320e-13
      2664.20  1.01415e-12
      2666.00  9.15431e-13
      2667.80  8.52935e-13
      2669.80  8.69743e-13
      2671.60  9.49434e-13
      2673.40  8.42312e-13
      2675.40  7.59620e-13
      2677.20  7.88577e-13
      2679.20  8.80186e-13
      2681.00  9.17765e-13
      2682.80  8.04024e-13
      2684.80  7.94967e-13
      2686.60  9.21382e-13
      2688.40  9.23010e-13
      2690.40  8.84445e-13
      2692.20  9.21262e-13
      2694.00  8.98857e-13
      2696.00  9.01969e-13
      2697.80  9.92377e-13
      2699.60  8.91825e-13
      2701.60  9.26954e-13
      2703.40  1.01346e-12
      2705.20  1.06558e-12
      2707.20  1.00430e-12
      2709.00  1.01278e-12
      2710.80  1.01488e-12
      2712.80  1.13947e-12
      2714.60  1.11144e-12
      2716.40  1.03696e-12
      2718.40  9.94244e-13
      2720.20  1.01028e-12
      2722.20  1.08955e-12
      2724.00  1.03518e-12
      2725.80  1.10357e-12
      2727.80  1.23618e-12
      2729.60  1.24264e-12
      2731.40  1.22374e-12
      2733.40  1.26764e-12
      2735.20  1.30709e-12
      2737.00  1.48394e-12
      2739.00  1.52601e-12
      2740.80  1.48067e-12
      2742.60  1.40229e-12
      2744.60  1.51105e-12
      2746.40  1.55255e-12
      2748.20  1.49871e-12
      2750.20  1.41844e-12
      2752.00  1.48937e-12
      2753.80  1.44659e-12
      2755.80  1.36711e-12
      2757.60  1.33242e-12
      2759.40  1.31533e-12
      2761.40  1.31873e-12
      2763.20  1.26864e-12
      2765.20  1.38369e-12
      2767.00  1.24316e-12
      2768.80  1.32179e-12
      2770.80  1.16547e-12
      2772.60  1.12704e-12
      2774.40  1.12640e-12
      2776.40  1.07037e-12
      2778.20  1.10404e-12
      2780.00  1.21215e-12
      2782.00  1.21865e-12
      2783.80  1.13104e-12
      2785.60  1.15616e-12
      2787.60  1.27026e-12
      2789.40  1.40503e-12
      2791.10  1.24330e-12
      2791.20  1.24330e-12
      2792.90  1.24330e-12
      2793.20  1.24330e-12
      2794.60  1.27715e-12
      2795.00  1.27715e-12
      2796.40  2.90851e-12
      2796.80  1.27715e-12
      2798.10  1.27715e-12
      2798.80  1.27715e-12
      2799.90  1.27715e-12
      2800.60  1.27715e-12
      2801.60  1.27715e-12
      2802.40  1.27715e-12
      2803.40  2.32384e-12
      2804.40  1.27715e-12
      2805.10  1.27715e-12
      2806.20  1.24330e-12
      2806.90  1.24330e-12
      2808.20  1.24330e-12
      2808.60  1.24330e-12
      2811.80  1.02954e-12
      2813.80  9.87277e-13
      2815.60  9.66921e-13
      2817.40  8.91288e-13
      2819.40  8.73676e-13
      2821.20  9.00006e-13
      2823.00  9.16031e-13
      2825.00  9.97745e-13
      2826.80  1.12184e-12
      2828.60  1.16771e-12
      2830.60  1.09699e-12
      2832.40  1.12196e-12
      2834.20  1.11912e-12
      2836.20  1.17391e-12
      2838.00  1.13455e-12
      2839.80  1.18119e-12
      2841.80  1.10336e-12
      2843.60  1.01758e-12
      2845.40  1.10842e-12
      2847.40  1.15165e-12
      2849.20  9.16993e-13
      2851.20  3.64540e-13
      2853.00  1.09143e-13
      2854.80  3.07994e-13
      2856.80  7.82727e-13
      2858.60  1.07941e-12
      2860.40  1.24278e-12
      2862.40  1.21301e-12
      2864.20  1.16923e-12
      2866.00  1.12026e-12
      2868.00  1.13707e-12
      2869.80  1.13388e-12
      2871.60  1.12101e-12
      2873.60  1.14489e-12
      2875.40  1.18632e-12
      2877.20  1.13594e-12
      2879.20  1.09262e-12
      2881.00  1.13348e-12
      2882.80  1.05962e-12
      2884.80  9.52767e-13
      2886.60  9.67506e-13
      2888.40  9.77289e-13
      2890.40  9.83463e-13
      2892.20  9.28836e-13
      2894.20  9.02271e-13
      2896.00  9.20563e-13
      2897.80  8.80812e-13
      2899.80  9.21442e-13
      2901.60  8.66426e-13
      2903.40  7.88162e-13
      2905.40  7.85609e-13
      2907.20  8.43781e-13
      2909.00  9.02058e-13
      2911.00  9.21183e-13
      2912.80  8.71617e-13
      2914.60  9.27556e-13
      2916.60  9.32869e-13
      2918.40  9.32145e-13
      2920.20  8.98606e-13
      2922.20  1.00548e-12
      2924.00  1.10813e-12
      2925.80  1.17040e-12
      2927.80  1.20141e-12
      2929.60  1.17463e-12
      2931.40  1.09668e-12
      2933.40  1.08348e-12
      2935.20  1.11666e-12
      2937.20  1.06692e-12
      2939.00  1.12234e-12
      2940.80  1.12986e-12
      2942.80  1.11180e-12
      2944.60  1.11923e-12
      2946.40  1.12824e-12
      2948.40  1.12541e-12
      2950.20  1.13458e-12
      2952.00  1.12019e-12
      2954.00  1.12719e-12
      2955.80  1.05686e-12
      2957.60  1.08837e-12
      2959.60  1.11001e-12
      2961.40  1.14577e-12
      2963.20  1.13638e-12
      2965.20  1.09477e-12
      2967.00  1.10291e-12
      2968.80  1.04776e-12
      2970.80  1.10641e-12
      2972.60  1.07956e-12
      2974.40  1.08648e-12
      2976.40  1.07409e-12
      2978.20  1.02068e-12
      2980.20  1.02683e-12
      2982.00  1.15126e-12
      2983.80  1.17816e-12
      2985.80  1.10101e-12
      2987.60  1.00299e-12
      2989.40  9.10150e-13
      2991.40  9.08249e-13
      2993.20  9.06554e-13
      2995.00  9.02137e-13
      2997.00  9.38561e-13
      2998.80  1.06394e-12
      3000.60  1.08800e-12
      3002.60  1.05693e-12
      3004.40  1.00183e-12
      3006.20  8.56474e-13
      3008.20  7.99493e-13
      3010.00  7.50602e-13
      3011.80  7.84613e-13
      3013.80  8.83237e-13
      3015.60  9.51473e-13
      3017.40  9.69833e-13
      3019.40  9.41024e-13
      3021.20  9.71557e-13
      3023.20  9.73101e-13
      3025.00  1.00270e-12
      3026.80  9.89629e-13
      3028.80  9.78240e-13
      3030.60  9.28946e-13
      3032.40  9.21005e-13
      3034.40  9.70118e-13
      3036.20  9.72743e-13
      3038.00  9.92817e-13
      3040.00  9.80816e-13
      3041.80  9.59113e-13
      3043.60  9.34572e-13
      3045.60  9.16561e-13
      3047.40  9.01430e-13
      3049.20  9.12392e-13
      3051.20  9.45715e-13
      3053.00  9.87295e-13
      3054.80  1.01441e-12
      3056.80  9.71756e-13
      3058.60  9.51900e-13
      3060.40  9.42459e-13
      3062.40  9.73766e-13
      3064.20  1.02798e-12
      3066.20  1.01432e-12
      3068.00  1.03388e-12
      3069.80  1.01690e-12
      3071.80  1.00926e-12
      3073.60  9.74502e-13
      3075.40  9.46291e-13
      3077.40  9.26887e-13
      3079.20  9.80828e-13
      3081.00  9.69542e-13
      3083.00  9.24320e-13
      3084.80  8.89032e-13
      3086.60  8.49876e-13
      3088.60  9.02804e-13
      3090.40  1.00932e-12
      3092.20  1.12856e-12
      3094.20  1.13510e-12
      3096.00  1.11241e-12
      3097.80  1.09945e-12
      3099.80  1.08261e-12
      3101.60  1.06399e-12
      3103.40  1.02687e-12
      3105.40  1.00341e-12
      3107.20  1.01029e-12
      3109.20  1.03299e-12
      3111.00  1.00283e-12
      3112.80  9.14143e-13
      3114.80  9.39468e-13
      3116.60  9.30075e-13
      3118.40  9.36885e-13
      3120.40  8.86492e-13
      3122.20  8.63259e-13
      3124.00  8.75830e-13
      3126.00  8.84745e-13
      3127.80  8.39971e-13
      3129.60  8.37932e-13
      3131.60  8.17137e-13
      3133.40  8.32525e-13
      3135.20  8.12230e-13
      3137.20  7.67059e-13
      3139.00  7.65884e-13
      3140.80  7.32461e-13
      3142.80  7.32889e-13
      3144.60  7.24130e-13
      3146.40  6.81200e-13
      3148.40  7.42659e-13
      3150.20  8.55212e-13
      3152.20  9.86756e-13
      3154.00  1.02491e-12
      3155.80  9.49443e-13
      3157.80  9.98323e-13
      3159.60  9.68143e-13
      3161.40  9.25406e-13
      3163.40  8.65505e-13
      3165.20  8.38230e-13
      3167.00  8.20189e-13
      3169.00  8.74844e-13
      3170.80  8.72420e-13
      3172.60  8.68550e-13
      3174.60  8.91695e-13
      3176.40  9.75754e-13
      3178.20  1.06755e-12
      3180.20  1.07608e-12
      3182.00  1.10973e-12
      3183.80  1.02974e-12
      3185.80  9.48104e-13
      3187.60  9.72015e-13
      3189.40  9.51866e-13
      3191.40  1.02565e-12
      3193.20  9.75741e-13
      3195.20  9.57614e-13
      3197.00  8.79299e-13
      3198.80  8.51905e-13
      3200.80  8.87699e-13
      3202.60  9.18673e-13
      3204.40  9.47581e-13
      3206.40  9.31172e-13
      3208.20  8.80938e-13
      3210.00  8.50082e-13
      3212.00  8.20277e-13
      3213.80  8.16963e-13
      3215.60  8.63202e-13
      3217.60  8.70320e-13
      3219.40  8.16002e-13
      3221.20  8.22918e-13
      3223.20  8.51819e-13
      3225.00  9.25840e-13
      3226.80  9.81152e-13
      3228.80  9.84130e-13
      3230.60  9.82135e-13
      3232.40  9.50854e-13
      3234.40  9.27807e-13
      3236.20  8.24300e-13
      3238.20  8.07666e-13
      3240.00  7.66877e-13
      3241.80  8.34919e-13
      3243.80  9.00508e-13
      3245.60  9.40776e-13
      3247.40  9.30255e-13
      3249.40  9.22739e-13
      3251.20  1.01932e-12
      3253.00  1.11454e-12
      3255.00  1.26772e-12
      3256.80  1.28372e-12
      3258.60  1.18547e-12
      3260.60  1.19109e-12
      3262.40  1.25292e-12
      3264.20  1.25749e-12
      3266.20  1.29675e-12
      3268.00  1.41235e-12
      3269.80  1.50650e-12
      3271.80  1.53774e-12
      3273.60  1.38803e-12
      3275.40  1.28615e-12
      3277.40  1.35471e-12
      3279.20  1.26823e-12
      3281.20  1.19769e-12
      3283.00  1.20479e-12
      3284.80  1.22326e-12
      3286.80  1.26546e-12
      3288.60  1.26172e-12
      3290.40  1.25530e-12
      3292.40  1.32445e-12
      3294.20  1.37675e-12
      3296.00  1.44878e-12
      3298.00  1.44902e-12
      3299.80  1.54825e-12
      3301.60  6.38859e-13
      3303.60  5.76039e-13
      3305.40  5.59835e-13
      3307.20  5.95687e-13
      3309.20  6.09632e-13
      3311.00  5.35526e-13
      3312.80  4.61225e-13
      3314.80  4.82270e-13
      3316.60  5.72927e-13
      3318.40  6.16492e-13
      3320.40  5.78279e-13
      3322.20  5.36150e-13
      3324.20  5.40899e-13
      3326.00  5.76062e-13
      3327.80  5.29058e-13
      3329.80  4.56268e-13
      3331.60  4.77201e-13
      3333.40  5.70771e-13
      3335.40  6.33587e-13
      3337.20  5.74367e-13
      3339.00  5.07816e-13
      3341.00  5.44418e-13
      3342.80  5.36963e-13
      3344.60  5.39577e-13
      3346.60  5.06182e-13
      3348.40  5.01940e-13
      3350.20  4.95851e-13
      3352.20  5.01834e-13
      3354.00  5.37388e-13
      3355.80  5.77897e-13
      3357.80  5.84424e-13
      3359.60  5.10196e-13
      3361.40  4.78898e-13
      3363.40  5.46267e-13
      3365.20  5.58417e-13
      3367.20  4.51177e-13
      3369.00  4.52554e-13
      3370.80  4.62798e-13
      3372.80  5.28963e-13
      3374.60  5.67846e-13
      3376.40  5.21515e-13
      3378.40  4.57674e-13
      3380.20  4.90920e-13
      3382.00  5.81816e-13
      3384.00  5.95548e-13
      3550.04  2.91600e-13
      3551.78  5.31800e-13
      3553.52  5.59500e-13
      3555.25  9.65600e-13
      3556.99  6.50200e-13
      3558.73  1.11300e-12
      3560.47  5.45700e-13
      3562.21  2.42900e-13
      3563.95  2.49700e-13
      3565.69  9.16500e-13
      3567.42  9.81500e-13
      3569.16  6.43100e-13
      3570.90  7.92700e-13
      3572.64  4.20800e-13
      3574.38  9.27300e-13
      3576.12  9.50800e-13
      3577.86  4.07600e-13
      3579.59  2.65000e-13
      3581.33  8.39900e-13
      3583.07  4.33900e-13
      3584.81  5.93400e-13
      3586.55  7.40600e-13
      3588.29  2.74800e-13
      3590.03  4.38200e-13
      3591.77  5.17800e-13
      3593.50  2.85100e-13
      3595.24  8.50000e-13
      3596.98  4.63400e-13
      3598.72  5.63000e-13
      3600.46  1.01200e-12
      3602.20  3.59200e-13
      3603.94  7.98200e-13
      3605.68  4.34500e-13
      3607.42  6.13600e-13
      3609.15  1.00400e-12
      3610.89  4.41000e-13
      3612.63  5.53200e-13
      3614.37  4.50100e-13
      3616.11  5.18900e-13
      3617.85  6.29300e-13
      3619.59  6.01000e-13
      3621.33  7.41400e-13
      3623.07  5.55400e-13
      3624.80  3.73700e-13
      3626.54  6.34200e-13
      3628.28  2.49000e-13
      3630.02  4.26900e-13
      3631.76  6.70500e-13
      3633.50  7.27200e-13
      3635.24  6.43700e-13
      3636.98  7.08700e-13
      3638.72  4.03000e-13
      3640.46  6.90700e-13
      3642.20  2.67900e-13
      3643.94  6.02700e-13
      3645.67  5.62100e-13
      3647.41  4.59900e-13
      3649.15  6.06700e-13
      3650.89  4.22600e-13
      3652.63  6.44900e-13
      3654.37  6.02500e-13
      3656.11  3.66800e-13
      3657.85  3.65600e-13
      3659.59  6.68300e-13
      3661.33  4.95000e-13
      3663.07  3.24500e-13
      3664.81  5.69900e-13
      3666.55  4.86500e-13
      3668.29  5.85900e-13
      3670.02  5.59300e-13
      3671.76  5.56000e-13
      3673.50  5.02200e-13
      3675.24  5.66900e-13
      3676.98  6.46200e-13
      3678.72  4.93100e-13
      3680.46  5.62500e-13
      3682.20  7.26600e-13
      3683.94  4.55800e-13
      3685.68  5.73900e-13
      3687.42  7.78100e-13
      3689.16  5.40800e-13
      3690.90  5.24900e-13
      3692.64  4.61600e-13
      3694.38  2.65800e-13
      3696.12  4.69100e-13
      3697.86  6.68300e-13
      3699.60  3.65000e-13
      3701.34  5.54600e-13
      3703.08  3.38200e-13
      3704.82  7.01800e-13
      3706.56  9.97100e-13
      3708.30  4.44400e-13
      3710.03  4.48700e-13
      3711.77  6.73500e-13
      3713.51  4.99900e-13
      3715.25  4.68700e-13
      3716.99  2.13900e-13
      3718.73  3.74500e-13
      3720.47  9.58800e-13
      3722.21  1.11400e-12
      3723.95  6.39600e-13
      3725.69  5.28400e-13
      3727.43  4.63400e-13
      3729.17  3.23300e-13
      3730.91  5.68000e-13
      3732.65  5.39900e-13
      3734.39  1.26500e-12
      3736.13  1.08900e-12
      3737.87  9.60400e-13
      3739.61  5.58700e-13
      3741.35  5.34000e-13
      3743.09  2.51100e-13
      3744.83  4.79100e-13
      3746.57  7.16500e-13
      3748.31  6.48700e-13
      3750.05  1.62000e-12
      3751.79  9.66000e-13
      3753.53  3.92100e-13
      3755.27  3.09800e-13
      3757.01  3.40400e-13
      3758.75  3.94200e-13
      3760.49  6.10800e-13
      3762.23  4.31100e-13
      3763.97  4.61700e-13
      3765.71  3.88300e-13
      3767.45  5.82000e-13
      3769.19  7.94300e-13
      3770.93  1.72800e-12
      3772.67  9.85500e-13
      3774.41  3.65300e-13
      3776.15  3.80600e-13
      3777.89  3.47800e-13
      3779.63  4.30100e-13
      3781.37  3.88700e-13
      3783.11  4.40200e-13
      3784.86  3.39600e-13
      3786.60  4.07900e-13
      3788.34  4.10000e-13
      3790.08  4.20200e-13
      3791.82  4.45200e-13
      3793.56  4.36100e-13
      3795.30  7.30400e-13
      3797.04  1.29700e-12
      3798.78  2.62600e-12
      3800.52  1.03900e-12
      3802.26  5.81700e-13
      3804.00  4.01400e-13
      3805.74  4.21700e-13
      3807.48  4.04400e-13
      3809.22  2.61300e-13
      3810.96  3.04500e-13
      3812.70  3.21500e-13
      3814.44  3.24800e-13
      3816.18  5.11700e-13
      3817.92  3.30600e-13
      3819.66  4.82500e-13
      3821.40  5.94700e-13
      3823.15  2.61100e-13
      3824.89  4.99500e-13
      3826.63  5.35100e-13
      3828.37  5.23800e-13
      3830.11  5.70800e-13
      3831.85  7.77200e-13
      3833.59  1.12700e-12
      3835.33  2.62200e-12
      3837.07  2.11900e-12
      3838.81  1.14500e-12
      3840.55  6.60700e-13
      3842.29  5.28200e-13
      3844.03  3.84200e-13
      3845.77  4.08800e-13
      3847.51  3.49600e-13
      3849.26  2.99100e-13
      3851.00  3.99800e-13
      3852.74  3.40700e-13
      3854.48  2.76000e-13
      3856.22  4.11700e-13
      3857.96  3.41600e-13
      3859.70  3.70500e-13
      3861.44  3.74700e-13
      3863.18  3.13700e-13
      3864.92  3.20900e-13
      3866.66  3.68200e-13
      3868.41  3.16500e-13
      3870.15  2.79600e-13
      3871.89  3.38200e-13
      3873.63  4.56300e-13
      3875.37  3.47000e-13
      3877.11  2.52400e-13
      3878.85  5.59800e-13
      3880.59  3.69800e-13
      3882.33  3.60900e-13
      3884.07  5.08900e-13
      3885.82  7.22000e-13
      3887.56  1.52700e-12
      3889.30  3.91700e-12
      3891.04  2.22200e-12
      3892.78  8.94000e-13
      3894.52  6.13900e-13
      3896.26  5.07600e-13
      3898.00  5.34700e-13
      3899.74  4.97400e-13
      3901.49  3.87700e-13
      3903.23  3.98700e-13
      3904.97  3.95500e-13
      3906.71  6.91300e-13
      3908.45  3.28500e-13
      3910.19  3.21200e-13
      3911.93  2.62900e-13
      3913.67  3.35700e-13
      3915.42  2.90100e-13
      3917.16  3.36600e-13
      3918.90  3.68000e-13
      3920.64  3.50900e-13
      3922.38  2.84700e-13
      3924.12  3.93500e-13
      3925.86  2.82400e-13
      3927.61  3.35000e-13
      3929.35  3.82200e-13
      3931.09  4.70300e-13
      3932.83  1.16800e-12
      3934.57  4.14700e-12
      3936.31  6.98800e-13
      3938.05  4.31900e-13
      3939.80  3.21700e-13
      3941.54  3.45000e-13
      3943.28  2.83600e-13
      3945.02  3.77300e-13
      3946.76  3.40100e-13
      3948.50  3.43100e-13
      3950.25  2.92000e-13
      3951.99  3.24800e-13
      3953.73  2.72800e-13
      3955.47  3.06800e-13
      3957.21  4.23300e-13
      3958.95  2.80800e-13
      3960.70  3.47800e-13
      3962.44  4.66300e-13
      3964.18  5.34500e-13
      3965.92  6.93100e-13
      3967.66  1.73900e-12
      3969.40  5.64900e-12
      3971.15  4.66300e-12
      3972.89  1.61000e-12
      3974.63  8.04600e-13
      3976.37  5.62500e-13
      3978.11  5.22600e-13
      3979.85  3.85000e-13
      3981.60  3.28900e-13
      3983.34  3.50000e-13
      3985.08  3.63800e-13
      3986.82  3.84400e-13
      3988.56  3.23000e-13
      3990.31  3.22200e-13
      3992.05  3.13800e-13
      3993.79  3.12300e-13
      3995.53  2.98900e-13
      3997.27  2.80500e-13
      3999.02  3.53800e-13
      4000.76  3.16500e-13
      4002.50  3.17800e-13
      4004.24  3.10600e-13
      4005.98  4.29900e-13
      4007.73  3.46700e-13
      4009.47  2.99500e-13
      4011.21  3.40800e-13
      4012.95  3.67000e-13
      4014.69  3.22200e-13
      4016.44  3.33000e-13
      4018.18  3.86000e-13
      4019.92  3.27800e-13
      4021.66  3.29100e-13
      4023.40  3.33500e-13
      4025.15  3.89400e-13
      4026.89  6.81500e-13
      4028.63  3.57600e-13
      4030.37  3.85800e-13
      4032.12  3.87400e-13
      4033.86  4.13700e-13
      4035.60  3.23900e-13
      4037.34  3.06700e-13
      4039.08  3.30600e-13
      4040.83  3.49500e-13
      4042.57  3.61500e-13
      4044.31  3.36900e-13
      4046.05  4.47300e-13
      4047.80  3.58900e-13
      4049.54  3.20500e-13
      4051.28  2.83700e-13
      4053.02  3.53900e-13
      4054.77  3.36600e-13
      4056.51  3.60700e-13
      4058.25  3.76800e-13
      4059.99  3.66000e-13
      4061.74  3.17000e-13
      4063.48  4.11500e-13
      4065.22  3.85600e-13
      4066.96  3.24700e-13
      4068.71  3.72400e-13
      4070.45  3.54400e-13
      4072.19  4.39600e-13
      4073.93  3.18100e-13
      4075.68  3.47100e-13
      4077.42  4.63700e-13
      4079.16  5.13400e-13
      4080.90  3.45800e-13
      4082.65  3.59300e-13
      4084.39  3.71700e-13
      4086.13  3.77200e-13
      4087.87  3.77500e-13
      4089.62  3.87500e-13
      4091.36  4.28800e-13
      4093.10  4.29800e-13
      4094.84  5.11800e-13
      4096.59  6.27100e-13
      4098.33  9.38000e-13
      4100.07  1.77400e-12
      4101.82  5.38600e-12
      4103.56  3.63600e-12
      4105.30  1.32900e-12
      4107.04  7.65500e-13
      4108.79  5.65800e-13
      4110.53  4.95400e-13
      4112.27  4.13400e-13
      4114.02  4.41400e-13
      4115.76  3.71100e-13
      4117.50  3.58000e-13
      4119.24  4.17600e-13
      4120.99  3.92400e-13
      4122.73  4.10600e-13
      4124.47  4.04000e-13
      4126.22  4.06100e-13
      4127.96  4.85500e-13
      4129.70  3.49900e-13
      4131.44  3.93400e-13
      4133.19  4.55500e-13
      4134.93  3.92800e-13
      4136.67  3.83800e-13
      4138.42  3.69600e-13
      4140.16  3.57100e-13
      4141.90  3.45400e-13
      4143.65  4.66400e-13
      4145.39  4.04300e-13
      4147.13  3.82900e-13
      4148.88  3.98600e-13
      4150.62  3.79000e-13
      4152.36  3.90800e-13
      4154.11  4.34500e-13
      4155.85  4.14200e-13
      4157.59  4.17100e-13
      4159.34  4.00500e-13
      4161.08  3.97800e-13
      4162.82  3.78100e-13
      4164.56  3.75200e-13
      4166.31  3.96600e-13
      4168.05  4.07700e-13
      4169.79  3.66900e-13
      4171.54  3.88800e-13
      4173.28  4.80400e-13
      4175.02  4.58200e-13
      4176.77  4.12300e-13
      4178.51  5.10700e-13
      4180.25  4.49100e-13
      4182.00  4.14500e-13
      4183.74  3.52000e-13
      4185.49  4.00900e-13
      4187.23  4.25400e-13
      4188.97  4.17700e-13
      4190.72  3.70000e-13
      4192.46  4.13300e-13
      4194.20  3.66600e-13
      4195.95  4.16000e-13
      4197.69  4.14100e-13
      4199.43  4.46800e-13
      4201.18  3.85900e-13
      4202.92  4.50200e-13
      4204.66  3.99300e-13
      4206.41  3.67000e-13
      4208.15  3.92500e-13
      4209.89  3.63400e-13
      4211.64  3.52800e-13
      4213.38  3.36600e-13
      4215.13  4.65900e-13
      4216.87  4.94700e-13
      4218.61  3.23700e-13
      4220.36  3.00900e-13
      4222.10  2.79300e-13
      4223.84  2.73800e-13
      4225.59  3.23700e-13
      4227.33  6.02900e-13
      4229.08  2.80400e-13
      4230.82  2.50800e-13
      4232.56  3.69200e-13
      4234.31  5.27000e-13
      4236.05  3.72600e-13
      4237.79  3.52200e-13
      4239.54  3.67600e-13
      4241.28  3.36400e-13
      4243.03  3.35600e-13
      4244.77  3.20600e-13
      4246.51  3.80100e-13
      4248.26  4.05100e-13
      4250.00  4.02900e-13
      4251.75  4.22700e-13
      4253.49  3.40100e-13
      4255.23  4.29400e-13
      4256.98  3.42800e-13
      4258.72  3.78800e-13
      4260.47  4.10800e-13
      4262.21  3.72100e-13
      4263.95  3.57100e-13
      4265.70  3.60300e-13
      4267.44  3.59300e-13
      4269.19  3.86000e-13
      4270.93  4.19300e-13
      4272.67  4.99900e-13
      4274.42  3.83900e-13
      4276.16  3.78100e-13
      4277.91  3.41300e-13
      4279.65  3.80400e-13
      4281.39  3.67400e-13
      4283.14  4.18900e-13
      4284.88  3.61800e-13
      4286.63  4.04100e-13
      4288.37  3.74100e-13
      4290.12  5.10300e-13
      4291.86  3.92500e-13
      4293.60  4.50600e-13
      4295.35  4.51000e-13
      4297.09  4.01300e-13
      4298.84  4.26000e-13
      4300.58  5.21500e-13
      4302.33  4.17500e-13
      4304.07  4.59900e-13
      4305.81  4.01600e-13
      4307.56  4.62700e-13
      4309.30  4.70800e-13
      4311.05  4.09400e-13
      4312.79  4.58700e-13
      4314.54  4.79500e-13
      4316.28  4.68900e-13
      4318.03  3.56300e-13
      4319.77  4.18300e-13
      4321.51  4.43700e-13
      4323.26  4.45600e-13
      4325.00  4.52600e-13
      4326.75  5.22800e-13
      4328.49  4.66100e-13
      4330.24  4.80800e-13
      4331.98  5.21800e-13
      4333.73  6.14400e-13
      4335.47  7.61100e-13
      4337.22  1.17300e-12
      4338.96  2.33200e-12
      4340.71  6.79100e-12
      4342.45  3.72800e-12
      4344.19  1.48200e-12
      4345.94  8.65700e-13
      4347.68  6.64400e-13
      4349.43  5.74900e-13
      4351.17  5.73000e-13
      4352.92  6.65800e-13
      4354.66  4.30100e-13
      4356.41  4.33500e-13
      4358.15  4.53000e-13
      4359.90  4.41800e-13
      4361.64  3.99100e-13
      4363.39  4.07100e-13
      4365.13  4.27600e-13
      4366.88  4.49200e-13
      4368.62  4.58600e-13
      4370.37  4.71800e-13
      4372.11  4.35500e-13
      4373.86  4.36200e-13
      4375.60  5.05000e-13
      4377.35  4.78400e-13
      4379.09  3.93400e-13
      4380.84  4.34200e-13
      4382.58  4.20100e-13
      4384.33  5.71000e-13
      4386.07  5.30800e-13
      4387.82  5.27500e-13
      4389.56  4.86900e-13
      4391.31  4.39300e-13
      4393.05  4.67400e-13
      4394.80  4.95000e-13
      4396.54  4.76900e-13
      4398.29  4.65900e-13
      4400.03  4.82700e-13
      4401.78  4.83400e-13
      4403.52  4.58200e-13
      4405.27  5.32600e-13
      4407.01  4.27100e-13
      4408.76  4.58800e-13
      4410.50  4.71800e-13
      4412.25  4.40400e-13
      4413.99  5.01600e-13
      4415.74  5.69300e-13
      4417.48  5.70000e-13
      4419.23  5.21200e-13
      4420.97  4.58200e-13
      4422.72  5.02800e-13
      4424.46  4.87000e-13
      4426.21  4.25500e-13
      4427.95  5.21400e-13
      4429.70  4.86600e-13
      4431.45  5.16400e-13
      4433.19  5.02500e-13
      4434.94  4.59100e-13
      4436.68  4.46700e-13
      4438.43  4.77600e-13
      4440.17  6.65600e-13
