      1000.00 -3.48441e-14
      1001.20  4.64091e-14
      1002.40  3.33211e-14
      1003.60  6.84964e-14
      1004.80 -2.17602e-14
      1005.80  2.98757e-14
      1007.00  5.63538e-14
      1008.20  1.27388e-14
      1009.40 -6.22197e-14
      1010.60 -7.28490e-15
      1011.80  1.50003e-13
      1013.00 -4.32567e-14
      1014.20 -1.16953e-13
      1015.40 -1.83584e-14
      1016.60  1.21380e-14
      1017.60  4.73943e-14
      1018.80  2.19624e-14
      1020.00 -2.60216e-14
      1021.20 -4.65633e-14
      1022.40  1.85530e-14
      1023.60  5.16503e-14
      1024.80  6.48014e-15
      1026.00  2.35796e-14
      1027.20  1.75649e-14
      1028.40 -1.85045e-14
      1029.40  8.83878e-15
      1030.60 -1.40316e-14
      1031.80 -4.66906e-15
      1033.00 -1.85657e-14
      1034.20  4.27818e-14
      1035.40  6.27364e-14
      1036.60  3.11114e-14
      1037.80 -8.48204e-15
      1039.00  1.66626e-14
      1040.20  1.13244e-14
      1041.20 -6.23199e-14
      1042.40 -8.30655e-14
      1043.60 -9.04271e-15
      1044.80  1.25612e-14
      1046.00 -7.79967e-15
      1047.20 -1.62179e-14
      1048.40 -3.26464e-14
      1049.60 -2.66144e-14
      1050.80  4.02791e-14
      1052.00  8.83150e-15
      1053.00 -1.46389e-14
      1054.20  1.39151e-14
      1055.40  5.05883e-14
      1056.60  1.03216e-13
      1057.80  2.23373e-14
      1059.00 -2.65007e-14
      1060.20 -3.00183e-14
      1061.40 -1.23446e-15
      1062.60  7.49310e-14
      1063.80  2.65895e-14
      1064.80  1.35894e-14
      1066.00  3.91216e-14
      1067.20  3.67288e-14
      1068.40  6.12545e-14
      1069.60  6.22992e-14
      1070.80  4.62614e-14
      1072.00  3.67933e-15
      1073.20 -6.42515e-15
      1074.40 -1.24037e-14
      1075.60 -2.56022e-14
      1076.60  4.27637e-14
      1077.80  4.67099e-14
      1079.00  6.53618e-14
      1080.20 -4.92346e-16
      1081.40 -7.33570e-16
      1082.60  6.14141e-14
      1083.80  5.02422e-14
      1085.00  2.44835e-14
      1086.20  3.85754e-14
      1087.40 -2.29480e-14
      1088.40  7.72805e-14
      1089.60  3.96356e-14
      1090.80 -2.24094e-14
      1092.00 -5.73353e-14
      1093.20 -2.43526e-14
      1094.40  1.03378e-13
      1095.60  5.18316e-14
      1096.80 -4.06758e-14
      1098.00  6.66383e-16
      1099.20 -1.78042e-14
      1100.20 -1.12901e-14
      1101.40 -6.47265e-15
      1102.60 -8.56410e-15
      1103.80  1.98493e-14
      1105.00  1.97322e-14
      1106.20  1.67260e-15
      1107.40  2.85409e-14
      1108.60  5.52566e-14
      1109.80 -1.57056e-14
      1110.80 -6.78393e-15
      1112.00 -3.86583e-14
      1113.20 -4.70781e-14
      1114.40  1.23807e-15
      1115.60  8.91812e-15
      1116.80 -4.86892e-15
      1118.00 -3.30682e-14
      1119.20  2.50646e-14
      1120.40  4.56241e-14
      1121.60  4.28645e-14
      1122.60  4.08603e-14
      1123.80  5.98525e-14
      1125.00  1.47438e-14
      1126.20 -7.83506e-15
      1127.40 -2.19911e-14
      1128.60  3.57651e-14
      1129.80  4.85864e-14
      1131.00 -5.23788e-14
      1132.20 -3.54305e-14
      1133.40  2.52146e-14
      1134.40  7.02125e-14
      1135.60 -1.19180e-14
      1136.80 -2.85820e-14
      1138.00 -5.56836e-14
      1139.20  1.21221e-14
      1140.40  2.25679e-14
      1141.60  2.22670e-14
      1142.80 -9.33160e-15
      1144.00 -5.06463e-15
      1145.20 -2.90261e-14
      1146.20 -7.11265e-16
      1147.40 -2.66867e-14
      1148.60  5.40556e-14
      1149.80  2.63768e-14
      1151.00 -9.81506e-15
      1152.20  1.69883e-14
      1153.40 -9.39386e-15
      1154.60 -2.23928e-14
      1155.80 -2.27024e-14
      1157.00  1.42802e-14
      1158.00  2.72204e-14
      1159.20 -2.47869e-14
      1160.40 -2.98936e-15
      1161.60  2.85052e-14
      1162.80  1.86434e-14
      1164.00  1.50429e-15
      1165.20  3.30229e-15
      1166.40  1.29769e-14
      1167.60  8.81128e-15
      1168.80  2.30827e-14
      1169.80  1.37023e-14
      1171.00  1.64760e-14
      1172.20  2.06669e-14
      1173.40  1.44825e-14
      1174.60  8.56413e-15
      1175.80  1.36435e-14
      1177.00  1.17506e-14
      1178.20  1.95421e-15
      1179.40 -9.84090e-15
      1180.60 -1.35710e-14
      1181.60 -1.18070e-15
      1182.80  1.77826e-15
      1184.00 -9.67088e-15
      1185.20 -1.26738e-14
      1186.40  1.07718e-15
      1187.60 -4.75830e-16
      1188.80 -1.01971e-14
      1190.00 -9.97868e-15
      1191.20 -4.73448e-15
      1192.40 -9.30038e-16
      1193.40 -2.44443e-14
      1194.60 -3.23050e-14
      1195.80 -3.20783e-14
      1197.00 -9.97467e-15
      1198.20  1.00718e-14
      1199.40  6.36026e-15
      1200.60  2.05056e-14
      1201.80  2.20724e-14
      1203.00  2.95405e-14
      1204.20  2.99448e-14
      1205.20  4.84623e-14
      1206.40  8.09221e-14
      1207.60  1.53244e-13
      1208.80  2.36047e-13
      1210.00  3.61880e-13
      1211.20  5.22805e-13
      1212.40  6.48752e-13
      1213.60  7.43408e-13
      1214.80  7.72633e-13
      1215.80  7.03885e-13
      1217.00  6.58267e-13
      1218.20  5.12130e-13
      1219.40  3.27861e-13
      1220.60  1.73406e-13
      1221.80  7.62713e-14
      1223.00  3.85808e-14
      1224.20  1.51979e-14
      1225.40  6.18108e-15
      1226.60  3.57467e-15
      1227.60  3.41647e-15
      1228.80 -1.10027e-16
      1230.00  6.35290e-15
      1231.20  5.80532e-15
      1232.40  8.32427e-16
      1233.60  5.47156e-15
      1234.80  6.31822e-15
      1236.00  1.47904e-14
      1237.20  1.38787e-14
      1238.40  1.19381e-14
      1239.40  1.13242e-14
      1240.60  1.05199e-14
      1241.80  1.54864e-14
      1243.00  1.68045e-14
      1244.20  8.02729e-15
      1245.40  2.92335e-15
      1246.60  4.22547e-15
      1247.80  6.50543e-15
      1249.00 -3.25512e-15
      1250.20 -1.36609e-15
      1251.20 -1.00518e-16
      1252.40 -6.35427e-15
      1253.60 -5.09339e-15
      1254.80 -5.22494e-16
      1256.00  2.09080e-15
      1257.20  3.81475e-15
      1258.40 -4.88294e-15
      1259.60 -3.28124e-15
      1260.80  5.17377e-15
      1262.00  1.27642e-14
      1263.00  6.68967e-15
      1264.20 -9.60442e-16
      1265.40 -4.99528e-15
      1266.60 -2.38329e-15
      1267.80  1.13747e-15
      1269.00 -5.37170e-17
      1270.20  1.47216e-17
      1271.40 -7.18424e-16
      1272.60 -4.04610e-15
      1273.80 -1.77729e-15
      1274.80 -1.67554e-15
      1276.00 -1.09392e-15
      1277.20  6.29702e-17
      1278.40 -2.03581e-15
      1279.60  1.88151e-15
      1280.80  1.80658e-15
      1282.00  7.98117e-15
      1283.20  6.47076e-15
      1284.40 -2.14587e-15
      1285.60  5.54131e-15
      1286.60 -2.21537e-15
      1287.80 -5.03553e-17
      1289.00  6.12735e-15
      1290.20  6.98003e-15
      1291.40  1.92571e-15
      1292.60  3.33600e-15
      1293.80  4.01626e-15
      1295.00 -4.18906e-15
      1296.20  1.52960e-15
      1297.40  7.45265e-15
      1298.40  9.62660e-16
      1299.60 -3.03738e-16
      1300.80  4.32480e-15
      1302.00  8.43443e-15
      1303.20  1.08000e-14
      1304.40  1.49562e-14
      1305.60  9.35747e-15
      1306.80  2.58551e-15
      1308.00 -4.32884e-15
      1309.20  5.09436e-16
      1310.20 -6.14710e-15
      1311.40 -4.48416e-15
      1312.60 -3.49722e-15
      1313.80 -5.07411e-15
      1315.00 -4.26272e-15
      1316.20 -3.80556e-15
      1317.40 -2.71778e-15
      1318.60 -1.22554e-15
      1319.80  1.43203e-15
      1320.80 -5.76052e-15
      1322.00  1.76779e-15
      1323.20  9.46238e-16
      1324.40 -6.39003e-16
      1325.60 -1.59469e-15
      1326.80  1.86528e-15
      1328.00  4.89120e-15
      1329.20  1.21554e-15
      1330.40  1.14797e-15
      1331.60  1.10628e-14
      1332.60  1.68478e-14
      1333.80  2.74067e-14
      1335.00  4.08424e-14
      1336.20  4.36245e-14
      1337.40  2.37053e-14
      1338.60  7.77136e-15
      1339.80  2.65792e-15
      1341.00  4.30772e-15
      1342.20  8.58968e-15
      1343.40  3.94407e-15
      1344.40  1.23708e-15
      1345.60 -1.57985e-15
      1346.80 -9.95709e-16
      1348.00  8.26437e-15
      1349.20  3.11772e-15
      1350.40 -2.28703e-15
      1351.60  3.42502e-16
      1352.80  1.29996e-15
      1354.00  4.31980e-15
      1355.20 -6.98922e-16
      1356.20 -3.02881e-15
      1357.40 -8.52636e-17
      1358.60 -6.37953e-16
      1359.80  1.48888e-15
      1361.00  1.07232e-15
      1362.20  3.79793e-15
      1363.40  3.50479e-15
      1364.60 -5.41241e-16
      1365.80  3.79898e-15
      1367.00 -1.97448e-15
      1368.00 -4.64045e-15
      1369.20 -1.72577e-15
      1370.40 -4.46062e-15
      1371.60 -3.80909e-16
      1372.80  1.09881e-14
      1374.00  2.47380e-15
      1375.20  1.92481e-15
      1376.40 -5.41200e-15
      1377.60 -8.66760e-16
      1378.80 -4.66939e-15
      1379.80 -3.67646e-15
      1381.00 -1.17458e-15
      1382.20  1.21995e-15
      1383.40  3.30301e-16
      1384.60  7.20162e-15
      1385.80  2.79981e-15
      1387.00  9.13285e-16
      1388.20  2.73843e-15
      1389.40  3.36969e-15
      1390.60 -2.15557e-15
      1391.60  1.23841e-14
      1392.80  1.81599e-14
      1394.00  1.10478e-14
      1395.20  1.46095e-14
      1396.40  8.45599e-15
      1397.60 -1.49013e-15
      1398.80  2.06699e-15
      1400.00  8.85079e-15
      1401.20  9.26490e-15
      1402.40 -8.11635e-16
      1403.40 -1.08993e-15
      1404.60  5.71635e-15
      1405.80  2.67690e-15
      1407.00 -1.22983e-15
      1408.20 -4.23683e-15
      1409.40  1.34860e-15
      1410.60 -3.79698e-15
      1411.80 -4.07327e-15
      1413.00  4.41473e-15
      1414.00 -7.13819e-15
      1415.20 -6.62346e-15
      1416.40 -2.62767e-15
      1417.60 -4.29412e-16
      1418.80 -6.74675e-15
      1420.00 -3.87231e-15
      1421.20  2.79660e-15
      1422.40  3.64747e-15
      1423.60 -1.46511e-15
      1424.80 -1.07979e-15
      1425.80  1.53428e-15
      1427.00 -6.01852e-15
      1428.20 -3.50669e-15
      1429.40  3.10731e-15
      1430.60  3.73396e-15
      1431.80  4.36711e-15
      1433.00  8.02934e-15
      1434.20  1.99861e-15
      1435.40  3.75213e-15
      1436.60  5.88532e-16
      1437.60  5.59260e-15
      1438.80  4.84599e-15
      1440.00  1.80822e-15
      1441.20 -5.88786e-15
      1442.40 -6.39870e-15
      1443.60 -2.17283e-15
      1444.80  7.99741e-15
      1446.00  3.78619e-15
      1447.20 -2.37602e-15
      1448.40  4.42735e-15
      1449.40  1.99802e-15
      1450.60 -2.68041e-15
      1451.80  4.88505e-15
      1453.00  4.98299e-15
      1454.20 -3.16329e-15
      1455.40  2.06462e-15
      1456.60  3.42093e-15
      1457.80 -3.85786e-15
      1459.00 -1.46918e-15
      1460.20  7.37066e-15
      1461.20  6.19320e-15
      1462.40  7.21758e-15
      1463.60  5.46943e-15
      1464.80  1.43634e-15
      1466.00 -1.03672e-15
      1467.20 -5.62668e-15
      1468.40 -4.86607e-15
      1469.60 -6.59761e-15
      1470.80  3.21246e-15
      1472.00  8.23198e-15
      1473.00  4.17310e-15
      1474.20  6.86801e-15
      1475.40 -4.07370e-15
      1476.60  1.75633e-15
      1477.80  2.35371e-15
      1479.00 -8.04509e-16
      1480.20  6.71889e-15
      1481.40  6.74630e-15
      1482.60  1.12016e-14
      1483.80  2.84013e-15
      1484.80  4.94559e-15
      1486.00  4.84640e-15
      1487.20 -5.18534e-15
      1488.40 -6.07892e-15
      1489.60  3.71008e-16
      1490.80 -2.14363e-15
      1492.00 -7.62732e-17
      1493.20  3.78414e-15
      1494.40 -2.88245e-16
      1495.60 -5.72780e-16
      1496.60  3.91658e-16
      1497.80  5.56241e-15
      1499.00  5.77096e-15
      1500.20  8.29086e-15
      1501.40  8.16963e-15
      1502.60  6.02136e-16
      1503.80  1.64242e-16
      1505.00  8.72707e-15
      1506.20  5.43244e-15
      1507.40  4.34413e-16
      1508.40 -4.93950e-16
      1509.60  2.14314e-15
      1510.80  2.75201e-17
      1512.00  7.50977e-15
      1513.20  1.59224e-14
      1514.40  2.67086e-14
      1515.60  1.33834e-14
      1516.80  2.30489e-15
      1518.00  4.21003e-15
      1519.00  3.32382e-15
      1520.20 -1.49591e-15
      1521.40 -3.36931e-15
      1522.60  4.04090e-15
      1523.80  1.45480e-14
      1525.00  8.44497e-15
      1526.20  4.44997e-15
      1527.40  4.82984e-15
      1528.60  7.60548e-15
      1529.80  9.71719e-15
      1530.80  8.88936e-15
      1532.00  1.03001e-14
      1533.20  1.24138e-14
      1534.40  9.80378e-15
      1535.60  7.68899e-15
      1536.80  1.95230e-15
      1538.00 -2.47616e-15
      1539.20  5.46972e-15
      1540.40  3.74646e-15
      1541.60  8.98753e-15
      1542.60  1.41469e-14
      1543.80  1.14495e-14
      1545.00  2.10411e-14
      1546.20  4.88253e-14
      1547.40  6.52574e-14
      1548.60  7.33043e-14
      1549.80  6.41089e-14
      1551.00  5.90106e-14
      1552.20  4.57273e-14
      1553.40  2.77569e-14
      1554.40  1.32532e-14
      1555.60  8.51473e-15
      1556.80  6.04872e-15
      1558.00  8.81179e-15
      1559.20  7.56236e-15
      1560.40  1.50420e-14
      1561.60  1.78310e-14
      1562.80  8.12511e-15
      1564.00  1.50523e-15
      1565.20  9.05106e-15
      1566.20  1.15494e-14
      1567.40  3.50917e-15
      1568.60  3.44743e-15
      1569.80  8.17842e-15
      1571.00  4.56309e-15
      1572.20 -1.93112e-15
      1573.40  8.51437e-16
      1574.60  2.79812e-15
      1575.80  4.76411e-15
      1577.00  4.10307e-15
      1578.00  9.11535e-15
      1579.20  1.00012e-14
      1580.40  6.92903e-15
      1581.60  5.98414e-15
      1582.80  8.06688e-15
      1584.00  1.15134e-14
      1585.20  1.55883e-14
      1586.40  1.65678e-14
      1587.60  1.48227e-14
      1588.80  2.95123e-15
      1589.80  3.16724e-15
      1591.00  1.27556e-14
      1592.20  1.24460e-14
      1593.40  6.97974e-15
      1594.60  1.47274e-14
      1595.80  1.38982e-14
      1597.00  3.20591e-15
      1598.20  3.82409e-15
      1599.40  7.11522e-15
      1600.60  8.24264e-15
      1601.60  1.27317e-14
      1602.80  1.63987e-14
      1604.00  2.50900e-14
      1605.20  2.38909e-14
      1606.40  1.64330e-14
      1607.60  1.12617e-14
      1608.80  4.13311e-15
      1610.00  1.91858e-15
      1611.20  1.64234e-15
      1612.40  1.16711e-15
      1613.40  1.07057e-14
      1614.60  1.45961e-15
      1615.80 -6.43408e-15
      1617.00  2.15287e-15
      1618.20  9.38507e-16
      1619.40  7.99638e-15
      1620.60  4.04469e-15
      1621.80 -2.11422e-15
      1623.00 -1.52123e-15
      1624.00 -1.34960e-15
      1625.20 -3.06977e-15
      1626.40 -4.55812e-15
      1627.60 -3.16795e-16
      1628.80  4.12114e-15
      1630.00  1.53570e-15
      1631.20  3.47952e-16
      1632.40  1.43986e-15
      1633.60  1.08146e-14
      1634.80  8.67790e-15
      1635.80  1.08958e-14
      1637.00  1.95244e-14
      1638.20  3.20569e-14
      1639.40  3.73195e-14
      1640.60  3.73659e-14
      1641.80  2.84657e-14
      1643.00  1.28167e-14
      1644.20 -2.97178e-16
      1645.40 -3.57721e-15
      1646.60 -3.57234e-15
      1647.60 -2.59223e-15
      1648.80 -1.59294e-15
      1650.00 -1.52413e-15
      1651.20 -4.41759e-16
      1652.40  5.87065e-15
      1653.60  7.51855e-15
      1654.80  1.11417e-14
      1656.00  1.96335e-14
      1657.20  2.21060e-14
      1658.40  1.98141e-14
      1659.40  1.70038e-14
      1660.60  1.40429e-14
      1661.80  1.75312e-14
      1663.00  1.39604e-14
      1664.20  9.85484e-15
      1665.40  7.72785e-15
      1666.60  4.19789e-15
      1667.80  4.39560e-15
      1669.00  6.26310e-15
      1670.20  1.23870e-15
      1671.20  3.23816e-15
      1672.40  6.55415e-15
      1673.60  5.94205e-15
      1674.80 -4.86277e-16
      1676.00  9.59312e-16
      1677.20 -1.88293e-15
      1678.40 -1.57557e-15
      1679.60 -2.35765e-15
      1680.80 -1.42889e-15
      1682.00 -7.59063e-16
      1683.00  4.73654e-15
      1684.20  7.05396e-15
      1685.40 -1.10277e-16
      1686.60 -2.48646e-15
      1687.80  1.32202e-15
      1689.00 -5.59779e-16
      1690.20  3.07749e-15
      1691.40  2.26313e-15
      1692.60  6.51841e-16
      1693.80 -4.52586e-16
      1694.80  1.50877e-15
      1696.00  3.99272e-15
      1697.20  6.44350e-15
      1698.40  3.78318e-15
      1699.60  2.58116e-15
      1700.80  1.73352e-15
      1702.00  5.31905e-15
      1703.20  3.47257e-15
      1704.40  3.53805e-15
      1705.60  4.79911e-15
      1706.60  1.61846e-16
      1707.80  6.38283e-16
      1709.00  4.95543e-15
      1710.20  4.74423e-15
      1711.40  4.43640e-15
      1712.60  4.05266e-15
      1713.80  5.13001e-15
      1715.00  4.99881e-15
      1716.20  4.61761e-15
      1717.40  1.77667e-15
      1718.40  6.09136e-15
      1719.60  5.42396e-15
      1720.80  2.36124e-15
      1722.00 -2.43125e-16
      1723.20 -1.05275e-16
      1724.40 -5.71557e-16
      1725.60  2.42126e-15
      1726.80  4.99906e-15
      1728.00  4.44335e-15
      1729.00  1.36410e-15
      1730.20  1.21200e-15
      1731.40  2.05655e-15
      1732.60  4.10690e-15
      1733.80  5.20554e-15
      1735.00  5.87406e-15
      1736.20  3.56839e-15
      1737.40  9.13727e-16
      1738.60 -2.46562e-15
      1739.80 -1.85675e-16
      1740.80  7.16026e-15
      1742.00  1.18939e-14
      1743.20  1.19737e-14
      1744.40  8.10638e-15
      1745.60  2.74242e-15
      1746.80  2.90352e-15
      1748.00  4.50490e-15
      1749.20  2.74746e-15
      1750.40  2.74782e-15
      1751.60  3.51290e-15
      1752.60  5.81828e-15
      1753.80  8.69218e-15
      1755.00  8.22187e-15
      1756.20  8.50973e-15
      1757.40  8.40257e-15
      1758.60  6.28595e-15
      1759.80  4.91458e-15
      1761.00  2.57170e-15
      1762.20  1.66200e-15
      1763.40  5.24724e-15
      1764.40  7.32268e-15
      1765.60  9.96747e-15
      1766.80  1.10978e-14
      1768.00  9.48384e-15
      1769.20  6.59193e-15
      1770.40  4.90753e-15
      1771.60  3.00567e-15
      1772.80  5.01839e-15
      1774.00  5.45220e-15
      1775.20  3.75148e-15
      1776.20  4.53442e-15
      1777.40  4.81101e-15
      1778.60  4.44175e-15
      1779.80  3.93154e-15
      1781.00  6.20719e-15
      1782.20  9.03442e-15
      1783.40  8.55331e-15
      1784.60  7.02257e-15
      1785.80  6.55120e-15
      1787.00  8.51369e-15
      1788.00  1.06623e-14
      1789.20  8.87518e-15
      1790.40  5.07560e-15
      1791.60  3.15610e-16
      1792.80 -2.44333e-15
      1794.00 -2.46166e-15
      1795.20  7.61333e-16
      1796.40  1.34427e-15
      1797.60  3.53146e-15
      1798.80  4.30744e-15
      1799.80  4.24062e-15
      1801.00  4.42096e-15
      1802.20  4.36661e-15
      1803.40  4.88398e-15
      1804.60  6.96163e-15
      1805.80  1.10116e-14
      1807.00  1.30273e-14
      1808.20  1.47430e-14
      1809.40  1.48192e-14
      1810.60  1.52932e-14
      1811.60  1.23980e-14
      1812.80  1.23007e-14
      1814.00  1.55488e-14
      1815.20  2.09675e-14
      1816.40  2.54554e-14
      1817.60  2.46194e-14
      1818.80  2.17777e-14
      1820.00  1.75925e-14
      1821.20  1.19590e-14
      1822.40  5.61276e-15
      1823.40  3.65444e-15
      1824.60  3.81756e-15
      1825.80  4.98502e-15
      1827.00  7.04825e-15
      1828.20  6.70036e-15
      1829.40  4.67671e-15
      1830.60  3.88697e-15
      1831.80  3.79703e-15
      1833.00  4.66401e-15
      1834.00  4.89219e-15
      1835.20  4.83086e-15
      1836.40  3.96506e-15
      1837.60  4.02489e-15
      1838.80  4.44815e-15
      1840.00  4.70413e-15
      1841.20  3.18738e-15
      1842.40  4.23021e-15
      1843.60  5.99851e-15
      1844.80  7.03945e-15
      1845.80  1.00165e-14
      1847.00  1.67717e-14
      1848.20  2.02880e-14
      1849.40  1.60039e-14
      1850.60  1.12545e-14
      1851.80  8.50143e-15
      1853.00  6.30752e-15
      1854.20  6.15341e-15
      1855.40  6.13514e-15
      1856.60  5.96553e-15
      1857.60  5.97704e-15
      1858.80  5.02132e-15
      1860.00  4.32194e-15
      1861.20  4.90593e-15
      1862.40  5.47400e-15
      1863.60  4.60608e-15
      1864.80  3.52585e-15
      1866.00  3.51745e-15
      1867.20  3.14566e-15
      1868.40  2.42514e-15
      1869.40  1.64294e-15
      1870.60  9.50045e-16
      1871.80  2.62820e-15
      1873.00  4.27515e-15
      1874.20  3.00482e-15
      1875.40  2.68539e-15
      1876.60  3.64894e-15
      1877.80  4.50592e-15
      1879.00  3.18771e-15
      1880.20  3.00234e-15
      1881.20  4.55319e-15
      1882.40  4.63913e-15
      1883.60  5.31355e-15
      1884.80  5.51980e-15
      1886.00  6.67601e-15
      1887.20  6.95689e-15
      1888.40  8.21740e-15
      1889.60  8.55761e-15
      1890.80  6.42595e-15
      1892.00  4.46072e-15
      1893.00  3.76155e-15
      1894.20  3.75490e-15
      1895.40  4.28980e-15
      1896.60  3.57508e-15
      1897.80  2.90587e-15
      1899.00  3.35003e-15
      1900.20  3.89910e-15
      1901.40  5.36472e-15
      1902.60  5.95774e-15
      1903.80  6.18974e-15
      1904.80  4.84483e-15
      1906.00  2.74959e-15
      1907.20  2.66711e-15
      1908.40  3.89002e-15
      1909.60  4.21156e-15
      1910.80  4.81746e-15
      1912.00  5.03171e-15
      1913.20  4.98874e-15
      1914.40  5.54274e-15
      1915.60  6.30342e-15
      1916.60  6.89578e-15
      1917.80  6.27029e-15
      1919.00  4.74360e-15
      1920.20  3.69498e-15
      1921.40  3.48418e-15
      1922.60  3.73720e-15
      1923.80  2.53884e-15
      1925.00  1.35561e-15
      1926.20  2.28230e-15
      1927.40  3.79176e-15
      1928.40  4.52047e-15
      1929.60  5.00638e-15
      1930.80  4.27737e-15
      1932.00  2.49856e-15
      1933.20  1.94602e-15
      1934.40  3.50305e-15
      1935.60  4.89429e-15
      1936.80  4.69713e-15
      1938.00  4.03468e-15
      1939.00  2.87738e-15
      1940.20  2.88639e-15
      1941.40  3.38880e-15
      1942.60  3.39837e-15
      1943.80  3.82879e-15
      1945.00  4.32174e-15
      1946.20  5.07238e-15
      1947.40  5.52628e-15
      1948.60  5.46543e-15
      1949.80  3.31125e-15
      1950.80  1.68377e-15
      1952.00  6.76030e-16
      1953.20  7.21797e-16
      1954.40  1.58921e-15
      1955.60  1.17203e-15
      1956.80  4.81821e-16
      1958.00  1.08296e-15
      1959.20  2.50989e-15
      1960.40  3.94124e-15
      1961.60  3.95686e-15
      1962.60  4.11712e-15
      1963.80  4.36900e-15
      1965.00  3.59286e-15
      1966.20  7.88925e-17
      1967.40 -5.02734e-17
      1968.60  9.58573e-16
      1969.80  1.43808e-15
      1971.00  7.47597e-16
      1972.20 -1.20735e-15
      1973.40 -1.69940e-15
      1974.40 -9.56683e-16
      1975.60 -4.16713e-16
      1976.80  1.66780e-15
      1978.00  3.88536e-15
      1979.20  3.65717e-15
      1980.40  3.52248e-15
      1981.60  3.45318e-15
      1982.80  3.23091e-15
      2000.40 -9.42752e-15
      2002.20 -2.80486e-14
      2004.20 -4.03215e-15
      2006.00 -5.29566e-14
      2008.00 -1.76614e-14
      2009.80 -2.64365e-14
      2011.60 -2.07317e-14
      2013.60 -9.61091e-15
      2015.40 -2.90599e-14
      2017.20  2.70467e-14
      2019.20 -3.91724e-15
      2021.00 -2.24495e-14
      2022.80 -1.91201e-14
      2024.80  4.90076e-16
      2026.60  1.67322e-14
      2028.40 -1.75692e-14
      2030.40 -7.43121e-15
      2032.20 -8.97352e-16
      2034.00  1.01047e-14
      2036.00 -2.60128e-14
      2037.80  2.03720e-14
      2039.60  1.09604e-14
      2041.60  9.56434e-15
      2043.40  1.07884e-14
      2045.40 -5.62467e-15
      2047.20  2.84868e-14
      2049.00 -1.29783e-14
      2051.00 -1.44331e-14
      2052.80 -3.22571e-14
      2054.60  2.43927e-14
      2056.60  4.22323e-14
      2058.40  2.40767e-14
      2060.20  1.34377e-14
      2062.20 -1.26164e-14
      2064.00  7.27359e-16
      2065.80  3.33156e-15
      2067.80 -1.26164e-14
      2069.60  8.08121e-15
      2071.40 -2.64091e-14
      2073.40 -1.27813e-14
      2075.20 -1.70503e-14
      2077.00  7.33506e-15
      2079.00  4.60692e-14
      2080.80  1.77475e-14
      2082.60 -6.56493e-15
      2084.60  1.80225e-14
      2086.40  6.80731e-15
      2088.40  1.20624e-15
      2090.20 -4.84181e-15
      2092.00  1.82349e-14
      2094.00  2.38373e-14
      2095.80  7.08769e-15
      2097.60 -2.93806e-14
      2099.60 -2.02316e-14
      2101.40  2.69371e-14
      2103.20  1.11258e-14
      2105.20 -8.11205e-15
      2107.00 -2.29958e-14
      2108.80 -3.78661e-15
      2110.80  4.11242e-14
      2112.60 -3.00637e-15
      2114.40 -2.56410e-14
      2116.40 -5.80088e-15
      2118.20 -1.76590e-16
      2120.00  1.51705e-14
      2122.00  1.29205e-14
      2123.80  1.86508e-14
      2125.60 -1.36533e-14
      2127.60 -4.54838e-15
      2129.40  1.73072e-14
      2131.40  3.20548e-15
      2133.20 -3.81317e-14
      2135.00 -1.69812e-14
      2137.00 -1.14165e-14
      2138.80 -1.56697e-14
      2140.60  1.42813e-14
      2142.60 -6.40300e-15
      2144.40  1.00845e-14
      2146.20 -3.61159e-14
      2148.20 -2.66540e-14
      2150.00  8.62724e-15
      2151.80 -1.42019e-14
      2153.80 -1.13173e-14
      2155.60  8.42687e-15
      2157.40 -1.31242e-14
      2159.40 -2.20269e-14
      2161.20  1.61630e-14
      2163.00  7.99176e-15
      2165.00  3.41010e-15
      2166.80 -4.49950e-15
      2168.60 -1.38278e-14
      2170.60  1.49169e-14
      2172.40 -3.97365e-15
      2174.40  5.27024e-15
      2176.20  4.14488e-15
      2178.00  2.27471e-14
      2180.00 -6.99720e-15
      2181.80 -3.34458e-14
      2183.60  9.08928e-15
      2185.60  8.15881e-15
      2187.40 -4.86813e-15
      2189.20 -7.83536e-15
      2191.20 -7.10843e-15
      2193.00 -1.71870e-14
      2194.80  9.08369e-15
      2196.80 -4.67737e-15
      2198.60  9.37321e-15
      2200.40 -2.13627e-15
      2202.40 -1.94867e-14
      2204.20 -2.94755e-15
      2206.00  1.15725e-14
      2208.00 -5.18084e-16
      2209.80 -1.01428e-14
      2211.80  5.34307e-15
      2213.60  1.21950e-14
      2215.40  1.94293e-14
      2217.40  8.15515e-15
      2219.20 -9.14312e-17
      2221.00  1.81792e-14
      2223.00  1.09128e-14
      2224.80  2.49727e-14
      2226.60  5.02191e-15
      2228.60 -1.44207e-14
      2230.40  8.78540e-15
      2232.20  1.98819e-14
      2234.20  3.95728e-14
      2236.00 -4.72796e-15
      2237.80  3.50501e-16
      2239.80  3.21494e-15
      2241.60 -4.88240e-15
      2243.40 -6.56661e-15
      2245.40  6.23710e-15
      2247.20  2.03241e-15
      2249.00  1.36736e-14
      2251.00  1.75101e-14
      2252.80 -3.41508e-15
      2254.80  2.34835e-14
      2256.60  2.61676e-14
      2258.40  1.03495e-14
      2260.40  2.30739e-14
      2262.20  1.97801e-14
      2264.00  1.33844e-14
      2266.00  8.01833e-15
      2267.80  1.35558e-14
      2269.60 -2.63631e-15
      2271.60  1.34949e-14
      2273.40 -2.63964e-15
      2275.20  1.09120e-14
      2277.20  2.05357e-14
      2279.00 -7.71341e-15
      2280.80 -1.32360e-14
      2282.80  6.04029e-15
      2284.60  5.91717e-16
      2286.40  1.68509e-15
      2288.40 -2.07951e-15
      2290.20 -1.14352e-14
      2292.00 -1.09883e-14
      2294.00  4.94168e-15
      2295.80  1.57666e-14
      2297.80  1.03055e-14
      2299.60 -8.49651e-15
      2301.40 -1.75098e-14
      2303.40  1.95796e-15
      2305.20  5.08941e-15
      2307.00 -1.13073e-14
      2309.00 -8.01475e-15
      2310.80  1.41383e-14
      2312.60 -2.61470e-15
      2314.60 -3.12147e-15
      2316.40  3.90689e-15
      2318.20  4.90877e-15
      2320.20  6.53276e-15
      2322.00  3.22454e-15
      2323.80 -1.19536e-14
      2325.80  9.86774e-15
      2327.60  3.23946e-14
      2329.40  2.08560e-14
      2331.40  3.66080e-15
      2333.20  1.32697e-14
      2335.00  2.36467e-14
      2337.00  2.46177e-14
      2338.80  1.33472e-14
      2340.80 -4.54853e-15
      2342.60  5.61773e-15
      2344.40  2.35729e-14
      2346.40  1.70212e-14
      2348.20  6.01512e-15
      2350.00  1.89429e-14
      2352.00  1.83057e-14
      2353.80  5.99578e-15
      2355.60  9.53119e-15
      2357.60  1.41826e-14
      2359.40  4.14111e-15
      2361.20  9.35972e-15
      2363.20  1.07046e-14
      2365.00  1.51930e-14
      2366.80  4.91451e-14
      2368.80  7.71290e-14
      2370.60  6.74089e-14
      2372.40  2.14473e-14
      2374.40  5.79142e-15
      2376.20  1.41160e-14
      2378.00  2.80611e-14
      2380.00  1.25178e-14
      2381.80  3.15800e-14
      2383.80  3.74855e-14
      2385.60  3.30386e-14
      2387.40  2.02909e-14
      2389.40  3.79396e-14
      2391.20  3.97547e-14
      2393.00  3.25552e-14
      2395.00  1.64955e-14
      2396.80  2.20373e-14
      2398.60  1.60961e-14
      2400.60  1.25659e-14
      2402.40  2.48545e-14
      2404.20  2.30512e-14
      2406.20  1.79169e-14
      2408.00  1.99064e-14
      2409.80  2.43340e-14
      2411.80  1.69340e-14
      2413.60  1.80257e-14
      2415.40  1.48803e-14
      2417.40  1.02703e-14
      2419.20  1.66224e-14
      2421.00  1.55431e-14
      2423.00  5.26396e-15
      2424.80  2.03773e-15
      2426.80  4.90117e-15
      2428.60  7.59140e-15
      2430.40  1.33104e-14
      2432.40  1.18562e-14
      2434.20  1.26692e-14
      2436.00  1.65538e-14
      2438.00  1.13878e-14
      2439.80  1.23730e-14
      2441.60  4.86870e-15
      2443.60  1.29135e-15
      2445.40  1.02696e-14
      2447.20  1.23442e-14
      2449.20  1.24890e-14
      2451.00  3.68911e-15
      2452.80  1.36495e-14
      2454.80  1.41325e-15
      2456.60  2.64430e-15
      2458.40 -1.90970e-17
      2460.40  2.99707e-15
      2462.20 -1.47114e-15
      2464.00  8.41848e-15
      2466.00  8.96549e-15
      2467.80  6.07827e-15
      2469.80  1.23269e-14
      2471.60  7.40898e-15
      2473.40  5.41781e-15
      2475.40  5.21444e-15
      2477.20  1.38835e-14
      2479.00  1.70073e-14
      2481.00  2.41163e-14
      2482.80  1.53061e-14
      2484.60  5.62858e-15
      2486.60  1.06271e-14
      2488.40  2.18275e-14
      2490.20  1.02475e-14
      2492.20  8.72896e-15
      2494.00  1.43458e-14
      2495.80  1.27772e-14
      2497.80  1.30216e-14
      2499.60  1.12430e-14
      2501.40  5.47958e-15
      2503.40  4.20926e-15
      2505.20  1.12444e-14
      2507.20  1.37029e-14
      2509.00  1.23230e-14
      2510.80  1.36572e-14
      2512.80  1.36785e-14
      2514.60  1.15728e-14
      2516.40  1.83741e-14
      2518.40  1.54344e-14
      2520.20  1.40593e-14
      2522.00  6.79054e-15
      2524.00  8.40928e-15
      2525.80  1.01805e-14
      2527.60  1.47692e-14
      2529.60  1.00556e-14
      2531.40  7.91647e-15
      2533.20  1.15296e-14
      2535.20  1.81131e-14
      2537.00  1.16595e-14
      2538.80  4.66622e-15
      2540.80  8.35120e-15
      2542.60  1.84311e-14
      2544.40  6.56348e-15
      2546.40  2.14647e-15
      2548.20  1.08425e-14
      2550.20  1.48735e-14
      2552.00  1.02113e-14
      2553.80  5.95722e-15
      2555.80  4.66657e-15
      2557.60  6.53939e-15
      2559.40  7.01213e-15
      2561.40  6.69790e-15
      2563.20  8.43492e-15
      2565.00  1.09378e-14
      2567.00  6.13160e-15
      2568.80  9.75935e-15
      2570.60  7.88211e-15
      2572.60  3.83275e-15
      2574.40  6.68915e-15
      2576.20  5.49160e-15
      2578.20  5.30705e-15
      2580.00  9.35377e-15
      2581.80  1.26503e-14
      2583.80  1.29854e-14
      2585.60  1.33224e-14
      2587.40  2.09481e-14
      2589.40  2.18121e-14
      2591.20  2.04125e-14
      2593.20  1.81244e-14
      2595.00  1.75323e-14
      2596.80  2.18463e-14
      2598.80  3.45412e-14
      2600.60  3.43293e-14
      2602.40  2.96927e-14
      2604.40  2.99024e-14
      2606.20  2.92240e-14
      2608.00  2.93596e-14
      2610.00  3.41012e-14
      2611.80  3.53753e-14
      2613.60  4.20159e-14
      2615.60  3.71392e-14
      2617.40  2.86978e-14
      2619.20  3.47255e-14
      2621.20  3.37321e-14
      2623.00  3.78872e-14
      2624.80  4.14442e-14
      2626.80  4.64685e-14
      2628.60  5.32714e-14
      2630.40  5.31518e-14
      2632.40  4.48918e-14
      2634.20  3.98808e-14
      2636.20  2.84916e-14
      2638.00  1.68436e-14
      2639.80  9.34088e-15
      2641.80  8.25346e-15
      2643.60  6.63147e-15
      2645.40  4.88170e-15
      2647.40  3.35745e-15
      2649.20  4.44576e-15
      2651.00  8.30612e-15
      2653.00  1.04787e-14
      2654.80  7.44035e-15
      2656.60  4.53680e-15
      2658.60  5.62342e-15
      2660.40  6.01196e-15
      2662.20  3.59521e-15
      2664.20  5.04385e-15
      2666.00  8.84069e-15
      2667.80  9.43997e-15
      2669.80  9.17879e-15
      2671.60  1.01776e-14
      2673.40  1.20441e-14
      2675.40  1.32729e-14
      2677.20  1.00352e-14
      2679.20  6.77132e-15
      2681.00  9.30688e-15
      2682.80  8.78188e-15
      2684.80  6.86987e-15
      2686.60  8.63563e-15
      2688.40  7.75672e-15
      2690.40  9.30130e-15
      2692.20  8.82213e-15
      2694.00  8.65011e-15
      2696.00  9.87702e-15
      2697.80  7.06849e-15
      2699.60  9.05747e-15
      2701.60  9.19652e-15
      2703.40  9.64161e-15
      2705.20  1.07611e-14
      2707.20  9.74064e-15
      2709.00  9.19285e-15
      2710.80  1.00730e-14
      2712.80  1.15347e-14
      2714.60  1.22670e-14
      2716.40  1.16088e-14
      2718.40  1.21203e-14
      2720.20  1.20503e-14
      2722.20  1.19253e-14
      2724.00  1.45128e-14
      2725.80  1.53801e-14
      2727.80  1.42463e-14
      2729.60  1.62652e-14
      2731.40  1.85597e-14
      2733.40  1.94592e-14
      2735.20  1.59830e-14
      2737.00  1.80830e-14
      2739.00  1.99695e-14
      2740.80  2.36255e-14
      2742.60  2.29852e-14
      2744.60  2.52659e-14
      2746.40  2.61821e-14
      2748.20  2.72828e-14
      2750.20  2.99863e-14
      2752.00  2.92487e-14
      2753.80  2.55740e-14
      2755.80  2.32918e-14
      2757.60  2.02964e-14
      2759.40  1.86974e-14
      2761.40  1.80950e-14
      2763.20  1.59359e-14
      2765.20  1.36517e-14
      2767.00  1.38440e-14
      2768.80  1.15290e-14
      2770.80  8.39449e-15
      2772.60  9.30404e-15
      2774.40  1.13346e-14
      2776.40  8.41796e-15
      2778.20  8.60059e-15
      2780.00  9.21649e-15
      2782.00  1.12709e-14
      2783.80  1.36744e-14
      2785.60  1.45085e-14
      2787.60  1.90635e-14
      2789.40  2.87160e-14
      2791.20  4.45064e-14
      2793.20  7.15633e-14
      2795.00  1.16370e-13
      2796.80  1.71409e-13
      2798.80  1.93644e-13
      2800.60  1.87752e-13
      2802.40  1.71930e-13
      2804.40  1.55922e-13
      2806.20  1.39396e-13
      2808.20  9.45124e-14
      2810.00  4.88920e-14
      2811.80  2.48839e-14
      2813.80  1.30598e-14
      2815.60  1.19070e-14
      2817.40  1.26549e-14
      2819.40  1.16236e-14
      2821.20  9.50448e-15
      2823.00  7.99655e-15
      2825.00  1.02885e-14
      2826.80  8.93234e-15
      2828.60  8.33471e-15
      2830.60  8.34475e-15
      2832.40  9.21625e-15
      2834.20  8.85348e-15
      2836.20  9.94544e-15
      2838.00  1.22245e-14
      2839.80  1.21178e-14
      2841.80  1.26572e-14
      2843.60  1.07756e-14
      2845.40  1.21758e-14
      2847.40  1.29616e-14
      2849.20  1.25381e-14
      2851.20  1.09526e-14
      2853.00  1.13354e-14
      2854.80  1.34449e-14
      2856.80  1.50047e-14
      2858.60  1.59378e-14
      2860.40  1.26095e-14
      2862.40  8.61509e-15
      2864.20  9.31635e-15
      2866.00  9.00337e-15
      2868.00  1.09743e-14
      2869.80  1.23372e-14
      2871.60  1.31257e-14
      2873.60  1.27689e-14
      2875.40  1.23358e-14
      2877.20  1.33383e-14
      2879.20  1.25664e-14
      2881.00  1.26582e-14
      2882.80  1.46896e-14
      2884.80  1.38500e-14
      2886.60  1.28568e-14
      2888.40  1.36290e-14
      2890.40  1.24299e-14
      2892.20  1.07395e-14
      2894.20  8.66867e-15
      2896.00  8.95346e-15
      2897.80  1.06113e-14
      2899.80  9.06597e-15
      2901.60  8.11280e-15
      2903.40  1.02986e-14
      2905.40  9.24771e-15
      2907.20  8.55738e-15
      2909.00  8.76373e-15
      2911.00  9.67748e-15
      2912.80  1.12214e-14
      2914.60  1.14828e-14
      2916.60  1.09017e-14
      2918.40  8.87169e-15
      2920.20  1.12374e-14
      2922.20  1.40792e-14
      2924.00  1.60753e-14
      2925.80  1.94607e-14
      2927.80  1.86333e-14
      2929.60  1.52921e-14
      2931.40  1.42697e-14
      2933.40  1.23220e-14
      2935.20  1.23483e-14
      2937.20  1.25672e-14
      2939.00  1.24226e-14
      2940.80  1.35252e-14
      2942.80  1.28548e-14
      2944.60  1.58113e-14
      2946.40  1.63422e-14
      2948.40  1.54867e-14
      2950.20  1.56744e-14
      2952.00  1.63399e-14
      2954.00  1.65585e-14
      2955.80  1.47607e-14
      2957.60  1.34722e-14
      2959.60  1.14136e-14
      2961.40  1.00307e-14
      2963.20  1.17148e-14
      2965.20  1.17140e-14
      2967.00  9.65619e-15
      2968.80  9.20009e-15
      2970.80  1.21903e-14
      2972.60  1.33035e-14
      2974.40  1.49609e-14
      2976.40  1.48543e-14
      2978.20  1.29640e-14
      2980.20  1.48004e-14
      2982.00  1.76103e-14
      2983.80  1.82452e-14
      2985.80  1.89787e-14
      2987.60  1.76185e-14
      2989.40  1.42785e-14
      2991.40  1.16018e-14
      2993.20  9.97590e-15
      2995.00  9.50624e-15
      2997.00  1.17325e-14
      2998.80  1.38420e-14
      3000.60  1.45345e-14
      3002.60  1.38032e-14
      3004.40  1.30488e-14
      3006.20  1.10020e-14
      3008.20  9.76472e-15
      3010.00  9.20583e-15
      3011.80  1.00546e-14
      3013.80  9.94650e-15
      3015.60  8.75197e-15
      3017.40  1.01352e-14
      3019.40  1.07696e-14
      3021.20  8.78413e-15
      3023.20  6.67381e-15
      3025.00  7.59115e-15
      3026.80  1.07294e-14
      3028.80  1.28977e-14
      3030.60  1.28000e-14
      3032.40  1.05138e-14
      3034.40  1.00409e-14
      3036.20  9.50671e-15
      3038.00  1.00067e-14
      3040.00  8.28705e-15
      3041.80  7.72390e-15
      3043.60  7.94263e-15
      3045.60  7.51199e-15
      3047.40  8.98944e-15
      3049.20  1.41979e-14
      3051.20  1.53480e-14
      3053.00  1.08236e-14
      3054.80  5.63155e-15
      3056.80  4.44339e-15
      3058.60  8.71548e-15
      3060.40  1.66994e-14
      3062.40  1.58620e-14
      3064.20  1.30899e-14
      3066.20  1.32031e-14
      3068.00  1.37867e-14
      3069.80  1.40856e-14
      3071.80  1.23629e-14
      3073.60  1.23319e-14
      3075.40  1.51923e-14
      3077.40  1.36365e-14
      3079.20  1.16457e-14
      3081.00  1.49490e-14
      3083.00  1.45397e-14
      3084.80  1.19597e-14
      3086.60  1.12851e-14
      3088.60  1.37057e-14
      3090.40  1.22534e-14
      3092.20  1.16567e-14
      3094.20  8.62679e-15
      3096.00  7.81009e-15
      3097.80  1.24341e-14
      3099.80  1.46672e-14
      3101.60  1.61427e-14
      3103.40  1.78217e-14
      3105.40  1.88196e-14
      3107.20  1.59946e-14
      3109.20  1.48848e-14
      3111.00  1.44804e-14
      3112.80  1.02010e-14
      3114.80  8.62511e-15
      3116.60  1.03683e-14
      3118.40  1.29194e-14
      3120.40  1.18724e-14
      3122.20  1.20688e-14
      3124.00  1.29133e-14
      3126.00  1.28589e-14
      3127.80  1.35995e-14
      3129.60  1.62230e-14
      3131.60  1.76675e-14
      3133.40  1.29854e-14
      3135.20  1.39666e-14
      3137.20  1.58072e-14
      3139.00  1.91267e-14
      3140.80  2.20715e-14
      3142.80  1.96457e-14
      3144.60  1.84227e-14
      3146.40  1.54359e-14
      3148.40  1.67909e-14
      3150.20  1.73325e-14
      3152.20  1.26249e-14
      3154.00  6.57216e-15
      3155.80  6.04943e-15
      3157.80  6.44558e-15
      3159.60  8.46896e-15
      3161.40  1.44959e-14
      3163.40  2.00844e-14
      3165.20  2.24857e-14
      3167.00  2.18819e-14
      3169.00  2.28672e-14
      3170.80  2.52839e-14
      3172.60  2.72591e-14
      3174.60  2.22953e-14
      3176.40  2.01204e-14
      3178.20  2.38664e-14
      3180.20  2.70583e-14
      3182.00  3.07174e-14
      3183.80  3.33244e-14
      3185.80  3.58925e-14
      3187.60  3.95656e-14
      3189.40  3.67568e-14
      3191.40  3.22073e-14
      3193.20  3.04920e-14
      3195.20  2.86036e-14
      3197.00  2.77719e-14
      3198.80  2.26570e-14
      3200.80  2.27071e-14
      3202.60  2.72825e-14
      3204.40  2.03172e-14
      3206.40  1.46355e-14
      3208.20  1.84449e-14
      3210.00  1.67386e-14
      3212.00  1.92715e-14
      3213.80  2.93617e-14
      3215.60  3.42713e-14
      3217.60  3.48437e-14
      3219.40  2.91285e-14
      3221.20  3.00725e-14
      3223.20  2.83064e-14
      3225.00  2.73923e-14
      3226.80  3.55231e-14
      3228.80  3.18416e-14
      3230.60  2.21950e-14
      3232.40  1.24327e-14
      3234.40  1.01631e-14
      3236.20  1.24726e-14
      3238.20  1.12988e-14
      3240.00  1.68828e-14
      3241.80  2.46526e-14
      3243.80  3.21539e-14
      3245.60  3.48510e-14
      3247.40  3.81832e-14
      3249.40  4.03472e-14
      3251.20  3.54069e-14
      3253.00  3.30697e-14
      3255.00  2.73243e-14
      3256.80  2.65302e-14
      3258.60  2.66929e-14
      3260.60  2.12311e-14
      3262.40  3.64716e-14
      3264.20  5.16520e-14
      3266.20  4.74938e-14
      3268.00  1.88159e-14
      3269.80  7.42038e-15
      3271.80  1.05245e-14
      3273.60  1.40538e-14
      3275.40  2.95122e-14
      3277.40  4.04458e-14
      3279.20  3.21055e-14
      3281.20  3.38792e-14
      3283.00  3.92126e-14
      3284.80  2.52026e-14
      3286.80  8.15622e-15
      3288.60  8.26861e-15
      3290.40  1.43734e-14
      3292.40  2.08849e-14
      3294.20  1.59108e-14
      3296.00  1.77501e-14
      3298.00  9.24449e-15
      3299.80  1.69755e-14
      3301.60  2.25956e-14
      3303.60  2.56464e-14
      3305.40  2.74087e-14
      3307.20  5.04049e-14
      3309.20  4.98184e-14
      3311.00  3.76910e-14
      3312.80  3.14544e-14
      3314.80  2.83565e-14
      3316.60  3.24786e-14
      3318.40  1.58677e-14
      3320.40  2.62834e-14
      3322.20  4.91989e-14
      3324.20  6.82305e-14
      3326.00  6.92326e-14
      3327.80  5.65548e-14
      3329.80  1.98838e-14
      3331.60  4.20553e-15
      3333.40  2.52359e-14
      3335.40  7.65052e-15
      3337.20  1.81524e-15
      3339.00  4.62937e-15
      3341.00  1.05439e-14
      3342.80  2.18668e-14
      3344.60  2.95891e-14
      3346.60  3.26951e-14
      3348.40  2.77392e-14
      3350.20  2.93570e-14
      3352.20  5.62699e-14
      3354.00  8.92416e-14
      3355.80  9.02748e-14
      3357.80  6.10542e-14
      3359.60  4.47996e-14
      3361.40  6.27916e-14
      3363.40  7.29416e-14
      3365.20  7.11676e-14
      3367.20  8.13319e-14
      3369.00  8.47319e-14
      3370.80  7.25782e-14
      3372.80  3.84980e-14
      3374.60  3.51896e-14
      3376.40  3.13718e-14
      3378.40  5.15164e-14
      3380.20  5.49649e-14
      3382.00  2.98087e-14
      3384.00  6.09765e-14
      3560.49  8.66854e-14
      3563.96  7.58808e-14
      3567.44  7.83635e-14
      3569.17  8.32745e-14
      3570.91  7.12217e-14
      3574.39  7.44090e-14
      3576.13  6.89799e-14
      3579.60  7.47164e-14
      3583.08  7.90373e-14
      3584.82  7.32809e-14
      3588.29  7.24391e-14
      3591.77  6.50336e-14
      3593.51  7.15382e-14
      3598.72  6.25879e-14
      3602.20  5.64834e-14
      3603.94  5.79570e-14
      3605.68  6.77061e-14
      3609.15  6.46615e-14
      3610.89  6.15243e-14
      3612.63  6.66025e-14
      3614.37  6.57843e-14
      3616.11  6.13683e-14
      3617.84  7.12737e-14
      3619.58  6.95374e-14
      3621.32  7.08513e-14
      3623.06  6.93022e-14
      3624.80  8.20449e-14
      3626.54  7.36140e-14
      3628.27  7.84258e-14
      3630.01  8.49740e-14
      3631.75  7.99004e-14
      3635.23  8.20131e-14
      3638.71  8.69764e-14
      3640.44  8.20309e-14
      3643.92  7.24664e-14
      3645.66  7.61082e-14
      3647.40  8.30473e-14
      3650.88  7.28645e-14
      3652.62  7.42364e-14
      3656.09  7.11273e-14
      3657.83  6.75800e-14
      3659.57  7.03573e-14
      3661.31  6.48282e-14
      3663.05  6.46727e-14
      3664.79  6.27591e-14
      3666.53  6.44473e-14
      3668.26  6.24964e-14
      3670.00  5.71827e-14
      3671.74  6.67382e-14
      3673.48  6.42973e-14
      3675.22  7.18864e-14
      3676.96  7.06236e-14
      3678.70  6.37600e-14
      3680.44  6.37455e-14
      3682.18  6.22973e-14
      3683.92  6.19155e-14
      3685.65  6.16164e-14
      3687.39  6.28555e-14
      3689.13  6.20182e-14
      3690.87  5.15600e-14
      3692.61  5.09864e-14
      3694.35  3.95742e-14
      3696.09  3.58942e-14
      3697.83  4.41905e-14
      3699.57  5.00233e-14
      3701.31  5.09424e-14
      3703.05  5.22842e-14
      3704.78  5.89051e-14
      3706.52  5.80342e-14
      3708.26  6.15951e-14
      3710.00  5.90251e-14
      3711.74  6.05851e-14
      3713.48  6.68618e-14
      3715.22  7.28882e-14
      3716.96  6.75736e-14
      3718.70  6.20909e-14
      3723.92  6.14482e-14
      3725.66  5.57536e-14
      3727.40  4.91109e-14
      3729.14  4.92609e-14
      3730.87  5.01009e-14
      3732.61  5.79655e-14
      3734.35  5.99709e-14
      3736.09  5.47927e-14
      3737.83  5.12164e-14
      3739.57  5.14718e-14
      3741.31  5.77255e-14
      3743.05  6.44309e-14
      3744.79  6.96282e-14
      3746.53  7.25364e-14
      3748.27  7.42273e-14
      3750.01  7.36818e-14
      3751.75  6.75336e-14
      3753.49  6.91782e-14
      3755.23  7.47191e-14
      3756.97  7.71182e-14
      3758.71  8.16400e-14
      3760.45  8.85691e-14
      3762.19  8.69245e-14
      3765.67  8.93755e-14
      3767.41  8.71845e-14
      3769.15  8.95791e-14
      3770.89  9.77800e-14
      3772.63  1.01581e-13
      3774.37  9.75982e-14
      3776.11  9.80782e-14
      3779.59  9.80009e-14
      3781.33  9.62591e-14
      3783.07  8.79691e-14
      3784.81  8.40055e-14
      3786.55  7.88427e-14
      3788.29  8.27991e-14
      3790.03  8.61500e-14
      3791.77  8.33136e-14
      3793.51  8.68245e-14
      3795.25  9.26436e-14
      3796.99  9.62727e-14
      3798.73  1.01391e-13
      3800.47  4.54900e-14
      3802.21  9.35000e-14
      3803.95  9.95400e-14
      3805.69  3.98800e-14
      3807.43  4.59400e-14
      3809.17  1.02600e-13
      3810.91  8.51200e-14
      3812.65  8.94300e-14
      3814.39  8.50800e-14
      3816.13  8.28800e-14
      3817.87  8.99700e-14
      3819.61  1.13700e-13
      3821.35  2.31900e-14
      3823.09  8.59100e-14
      3824.83  6.23500e-14
      3826.57  3.92300e-15
      3828.31  6.29800e-14
      3830.05  9.67200e-14
      3831.79  5.96800e-14
      3833.53  5.90300e-14
      3835.27  1.34100e-13
      3837.01  1.38500e-13
      3838.75  5.81400e-14
      3840.49  7.37700e-14
      3842.23  8.27500e-14
      3843.97  9.81000e-14
      3845.71  9.02100e-14
      3847.45  7.68100e-14
      3849.19  7.79700e-14
      3850.93  3.49200e-14
      3852.68  4.06500e-14
      3854.42  3.94800e-14
      3856.16  3.63700e-14
      3857.90  1.62100e-14
      3859.64  3.56600e-14
      3861.38  4.79300e-14
      3863.12  9.07500e-14
      3864.86  4.80900e-14
      3866.60  5.89200e-14
      3868.34  8.62200e-14
      3870.08  8.23700e-14
      3871.82  8.57400e-14
      3873.56  8.66300e-14
      3875.30  5.07000e-14
      3877.04  7.43500e-14
      3878.79  8.40700e-14
      3880.53  5.38800e-14
      3882.27  9.28800e-14
      3884.01  9.41900e-14
      3885.75  3.90000e-14
      3887.49  6.90000e-14
      3889.23  1.95700e-13
      3890.97  1.45300e-13
      3892.71  1.01100e-13
      3894.45  9.93700e-14
      3896.19  7.42800e-14
      3897.94  9.06000e-14
      3899.68  4.48900e-14
      3901.42  7.47200e-14
      3903.16  8.58400e-14
      3904.90  1.10500e-13
      3906.64  1.01400e-13
      3908.38  1.08100e-13
      3910.12  8.19200e-14
      3911.86  1.13900e-13
      3913.60  9.93400e-14
      3915.35  8.68400e-14
      3917.09  1.01800e-13
      3918.83  1.04600e-13
      3920.57  7.60600e-14
      3922.31  5.63500e-14
      3924.05  8.39200e-14
      3925.79  9.87000e-14
      3927.53  1.05300e-13
      3929.28  8.31700e-14
      3931.02  5.61500e-14
      3932.76  1.48500e-13
      3934.50  6.37000e-13
      3936.24  1.05700e-13
      3937.98  9.62700e-14
      3939.72  1.13800e-13
      3941.46  7.56100e-14
      3943.21  6.80400e-14
      3944.95  4.30200e-14
      3946.69  7.80300e-14
      3948.43  8.34100e-14
      3950.17  8.42100e-14
      3951.91  9.26400e-14
      3953.65  1.01100e-13
      3955.40  1.02400e-13
      3957.14  1.02400e-13
      3958.88  9.69700e-14
      3960.62  5.26900e-14
      3962.36  3.00100e-14
      3964.10  5.57800e-14
      3965.85  8.77100e-14
      3967.59  1.47200e-13
      3969.33  5.93100e-13
      3971.07  2.85000e-13
      3972.81  1.13300e-13
      3974.55  9.44800e-14
      3976.30  1.35600e-13
      3978.04  1.11000e-13
      3979.78  1.30000e-13
      3981.52  1.33300e-13
      3983.26  1.16200e-13
      3985.00  1.40800e-13
      3986.75  1.29300e-13
      3988.49  1.53200e-13
      3990.23  1.09700e-13
      3991.97  1.21400e-13
      3993.71  1.49000e-13
      3995.45  1.41900e-13
      3997.20  1.51900e-13
      3998.94  1.11000e-13
      4000.68  1.45200e-13
      4002.42  1.59500e-13
      4004.16  1.67100e-13
      4005.91  1.35300e-13
      4007.65  1.41600e-13
      4009.39  1.34800e-13
      4011.13  1.64000e-13
      4012.87  1.67700e-13
      4014.62  1.74500e-13
      4016.36  1.75800e-13
      4018.10  1.46700e-13
      4019.84  1.51100e-13
      4021.58  1.51600e-13
      4023.33  1.61800e-13
      4025.07  1.36800e-13
      4026.81  1.66700e-13
      4028.55  1.63000e-13
      4030.30  1.37900e-13
      4032.04  1.08800e-13
      4033.78  8.35100e-14
      4035.52  1.04700e-13
      4037.26  1.77600e-13
      4039.01  1.90100e-13
      4040.75  1.56100e-13
      4042.49  1.63300e-13
      4044.23  1.54300e-13
      4045.98  1.03200e-13
      4047.72  1.23300e-13
      4049.46  1.52300e-13
      4051.20  1.82600e-13
      4052.95  1.76000e-13
      4054.69  1.79900e-13
      4056.43  1.71200e-13
      4058.17  1.67700e-13
      4059.91  1.68400e-13
      4061.66  1.65100e-13
      4063.40  1.32900e-13
      4065.14  1.24000e-13
      4066.88  1.57400e-13
      4068.63  1.51500e-13
      4070.37  1.48400e-13
      4072.11  1.24600e-13
      4073.85  1.53000e-13
      4075.60  1.67600e-13
      4077.34  1.41600e-13
      4079.08  1.26600e-13
      4080.83  1.68000e-13
      4082.57  1.52500e-13
      4084.31  1.52000e-13
      4086.05  1.61200e-13
      4087.80  1.74500e-13
      4089.54  1.78400e-13
      4091.28  1.64900e-13
      4093.02  1.45700e-13
      4094.77  1.71900e-13
      4096.51  1.44300e-13
      4098.25  1.60000e-13
      4100.00  1.54400e-13
      4101.74  3.42500e-13
      4103.48  2.92900e-13
      4105.22  1.59200e-13
      4106.97  1.78200e-13
      4108.71  1.64200e-13
      4110.45  1.58000e-13
      4112.20  1.57500e-13
      4113.94  1.61400e-13
      4115.68  1.57800e-13
      4117.42  1.61200e-13
      4119.17  1.66900e-13
      4120.91  1.71600e-13
      4122.65  1.68200e-13
      4124.40  1.60300e-13
      4126.14  1.85700e-13
      4127.88  1.75100e-13
      4129.63  1.56900e-13
      4131.37  1.72200e-13
      4133.11  1.48700e-13
      4134.85  1.50800e-13
      4136.60  1.87500e-13
      4138.34  1.94500e-13
      4140.08  1.88400e-13
      4141.83  1.82600e-13
      4143.57  1.23500e-13
      4145.31  1.62400e-13
      4147.06  1.82200e-13
      4148.80  1.77500e-13
      4150.54  1.68800e-13
      4152.29  1.88400e-13
      4154.03  1.77300e-13
      4155.77  1.89600e-13
      4157.52  1.79900e-13
      4159.26  1.92700e-13
      4161.00  1.94500e-13
      4162.75  2.02500e-13
      4164.49  1.98600e-13
      4166.23  1.73200e-13
      4167.98  1.84800e-13
      4169.72  1.91000e-13
      4171.46  1.82700e-13
      4173.21  1.57600e-13
      4174.95  1.75800e-13
      4176.69  1.82300e-13
      4178.44  1.81700e-13
      4180.18  1.84100e-13
      4181.93  1.84700e-13
      4183.67  1.79900e-13
      4185.41  1.77700e-13
      4187.16  1.62200e-13
      4188.90  1.70000e-13
      4190.64  1.70500e-13
      4192.39  1.75000e-13
      4194.13  1.90400e-13
      4195.87  1.76200e-13
      4197.62  1.73600e-13
      4199.36  1.51300e-13
      4201.11  1.56300e-13
      4202.85  1.54500e-13
      4204.59  1.64400e-13
      4206.34  1.70300e-13
      4208.08  1.48000e-13
      4209.82  1.59600e-13
      4211.57  1.47400e-13
      4213.31  1.45100e-13
      4215.06  1.36300e-13
      4216.80  1.23700e-13
      4218.54  1.25000e-13
      4220.29  1.04300e-13
      4222.03  7.98200e-14
      4223.78  7.55100e-14
      4225.52  3.68300e-14
      4227.26  2.41100e-14
      4229.01  3.15100e-14
      4230.75  5.03500e-14
      4232.50  8.08600e-14
      4234.24  9.65800e-14
      4235.98  1.04000e-13
      4237.73  1.09800e-13
      4239.47  1.33300e-13
      4241.22  1.27300e-13
      4242.96  1.29700e-13
      4244.70  1.50500e-13
      4246.45  1.45100e-13
      4248.19  1.49300e-13
      4249.94  1.49800e-13
      4251.68  1.32800e-13
      4253.43  1.25600e-13
      4255.17  8.61000e-14
      4256.91  1.39600e-13
      4258.66  1.38300e-13
      4260.40  1.31900e-13
      4262.15  1.46300e-13
      4263.89  1.54200e-13
      4265.64  1.61900e-13
      4267.38  1.61900e-13
      4269.12  1.70700e-13
      4270.87  1.58500e-13
      4272.61  1.27500e-13
      4274.36  1.22400e-13
      4276.10  1.12000e-13
      4277.85  1.56700e-13
      4279.59  1.85100e-13
      4281.33  1.71200e-13
      4283.08  1.49900e-13
      4284.82  1.68700e-13
      4286.57  1.74400e-13
      4288.31  1.43100e-13
      4290.06  9.50500e-14
      4291.80  1.23200e-13
      4293.55  1.75600e-13
      4295.29  1.77000e-13
      4297.04  1.59500e-13
      4298.78  1.56400e-13
      4300.52  1.44500e-13
      4302.27  1.33400e-13
      4304.01  1.59600e-13
      4305.76  1.75200e-13
      4307.50  1.44700e-13
      4309.25  1.29800e-13
      4310.99  1.66700e-13
      4312.74  2.06800e-13
      4314.48  1.92300e-13
      4316.23  1.68200e-13
      4317.97  1.83200e-13
      4319.72  1.71700e-13
      4321.46  2.00100e-13
      4323.21  2.08300e-13
      4324.95  1.84600e-13
      4326.70  1.49900e-13
      4328.44  2.07700e-13
      4330.19  2.26700e-13
      4331.93  2.23900e-13
      4333.68  2.16400e-13
      4335.42  2.28000e-13
      4337.17  2.16600e-13
      4338.91  2.13500e-13
      4340.66  5.56700e-13
      4342.40  3.55400e-13
      4344.15  2.29400e-13
      4345.89  1.92000e-13
      4347.64  2.29100e-13
      4349.38  2.40800e-13
      4351.13  2.19200e-13
      4352.87  1.72600e-13
      4354.62  1.69300e-13
      4356.36  1.98000e-13
      4358.11  2.12000e-13
      4359.85  1.99700e-13
      4361.60  1.92200e-13
      4363.34  2.05000e-13
      4365.09  2.23900e-13
      4366.83  2.18800e-13
      4368.58  2.18200e-13
      4370.32  2.33500e-13
      4372.07  2.05800e-13
      4373.81  2.19900e-13
      4375.56  2.20900e-13
      4377.30  2.19000e-13
      4379.05  2.26400e-13
      4380.80  1.94800e-13
      4382.54  2.28300e-13
      4384.29  1.36500e-13
      4386.03  1.93700e-13
      4387.78  2.47700e-13
      4389.52  2.25800e-13
      4391.27  2.10400e-13
      4393.01  2.47400e-13
      4394.76  2.05600e-13
      4396.50  2.08600e-13
      4398.25  2.47300e-13
      4400.00  2.39600e-13
      4401.74  2.45200e-13
      4403.49  2.41200e-13
      4405.23  1.75700e-13
      4406.98  2.05100e-13
      4408.72  1.89400e-13
      4410.47  2.64300e-13
      4412.21  2.61700e-13
      4413.96  2.70000e-13
      4415.71  2.30500e-13
      4417.45  2.59100e-13
      4419.20  2.91200e-13
      4420.94  2.56600e-13
      4422.69  2.54600e-13
      4424.44  2.56500e-13
      4426.18  2.04900e-13
      4427.93  2.15000e-13
      4429.67  2.43600e-13
      4431.42  2.63700e-13
      4433.16  2.86000e-13
      4434.91  2.19600e-13
      4436.66  1.76300e-13
      4438.40  2.55200e-13
      4440.15  3.91600e-13
