      1003.60  7.64410e-15
      1007.00  3.66007e-14
      1008.20  5.84815e-14
      1011.80  6.39538e-14
      1013.00  1.43924e-14
      1015.40  3.84497e-14
      1016.60  6.75406e-14
      1017.60  2.07895e-14
      1018.80  1.77894e-14
      1023.60  1.10611e-14
      1024.80  2.41756e-15
      1026.00  1.89850e-14
      1027.20  1.69648e-14
      1029.40  6.18868e-15
      1030.60  2.69596e-14
      1035.40  3.04946e-14
      1036.60  1.58428e-14
      1044.80  1.90529e-14
      1046.00  6.15898e-15
      1048.40  1.21013e-14
      1050.80  5.24248e-14
      1052.00  5.00700e-14
      1053.00  1.16523e-14
      1056.60  6.22616e-14
      1057.80  4.30842e-14
      1063.80  4.70962e-16
      1069.60  1.91621e-14
      1072.00  3.71587e-15
      1076.60  1.36481e-15
      1079.00  7.02990e-15
      1080.20  1.17147e-14
      1083.80  1.22224e-14
      1086.20  5.89373e-15
      1088.40  1.34047e-14
      1089.60  5.30960e-14
      1094.40  7.89335e-15
      1095.60  2.59318e-14
      1098.00  5.20458e-15
      1099.20  1.19621e-14
      1103.80  2.71621e-14
      1105.00  4.62904e-15
      1106.20  3.73507e-15
      1108.60  1.06472e-14
      1112.00  1.35411e-14
      1113.20  1.66063e-14
      1114.40  9.63706e-16
      1115.60  2.98191e-14
      1116.80  3.72589e-14
      1118.00  2.95921e-14
      1119.20  3.14941e-14
      1120.40  3.56372e-14
      1121.60  9.34135e-15
      1122.60  1.27734e-14
      1125.00  8.54895e-15
      1129.80  5.16909e-15
      1132.20  4.44648e-15
      1133.40  2.20236e-15
      1134.40  4.28697e-14
      1135.60  1.55789e-14
      1136.80  3.40175e-14
      1138.00  1.49216e-14
      1139.20  3.26554e-14
      1140.40  3.25725e-14
      1141.60  7.60792e-14
      1142.80  4.46417e-14
      1144.00  6.77173e-14
      1145.20  7.37625e-14
      1146.20  1.14394e-13
      1147.40  9.46267e-14
      1148.60  1.42237e-13
      1149.80  1.42638e-13
      1151.00  2.23113e-14
      1152.20  2.40935e-14
      1153.40  2.46020e-14
      1154.60  2.32918e-14
      1155.80  2.34880e-14
      1157.00  3.09940e-14
      1158.00  3.52776e-14
      1159.20  3.19570e-14
      1160.40  4.55600e-14
      1161.60  6.69130e-14
      1162.80  4.65938e-14
      1164.00  3.25289e-14
      1165.20  2.98908e-14
      1166.40  3.36297e-14
      1167.60  3.09081e-14
      1168.80  3.33988e-14
      1169.80  3.39100e-14
      1171.00  4.46945e-14
      1172.20  7.33591e-14
      1173.40  1.06320e-13
      1174.60  1.18527e-13
      1175.80  1.19344e-13
      1177.00  8.90745e-14
      1178.20  6.00238e-14
      1179.40  4.43126e-14
      1180.60  3.59513e-14
      1181.60  3.13653e-14
      1182.80  2.85145e-14
      1184.00  3.09686e-14
      1185.20  2.87178e-14
      1186.40  2.66734e-14
      1187.60  3.16075e-14
      1188.80  3.04984e-14
      1190.00  2.89409e-14
      1191.20  3.05371e-14
      1192.40  3.05371e-14
      1193.40  3.05371e-14
      1194.60  3.05371e-14
      1195.80  3.05371e-14
      1197.00  3.05371e-14
      1198.20  3.05371e-14
      1199.40  3.05371e-14
      1200.91  3.05371e-14
      1202.61  3.05371e-14
      1204.41  3.04431e-14
      1206.11  1.78494e-13
      1207.91  3.04431e-14
      1209.61  3.04431e-14
      1211.41  3.04431e-14
      1213.11  7.83214e-14
      1214.91  9.84133e-13
      1216.61  1.09030e-12
      1218.41  1.27056e-13
      1220.11  3.05371e-14
      1221.91  3.05371e-14
      1223.61  3.05371e-14
      1225.41  3.05371e-14
      1227.11  3.05371e-14
      1228.91  3.05371e-14
      1231.20  3.18316e-14
      1232.40  3.26043e-14
      1233.60  3.32727e-14
      1234.80  3.22708e-14
      1236.00  3.81809e-14
      1237.20  4.21284e-14
      1238.40  3.93209e-14
      1239.40  4.06654e-14
      1240.60  4.15608e-14
      1241.80  4.06454e-14
      1243.00  3.73437e-14
      1244.20  3.94014e-14
      1245.40  4.03482e-14
      1246.60  4.08977e-14
      1247.80  4.22888e-14
      1249.00  3.74696e-14
      1250.20  3.58698e-14
      1251.20  3.46065e-14
      1252.40  3.31775e-14
      1253.60  3.30221e-14
      1254.80  3.21522e-14
      1256.00  3.69204e-14
      1257.20  3.42813e-14
      1258.40  3.12604e-14
      1259.60  3.15408e-14
      1260.80  3.37525e-14
      1262.00  3.87170e-14
      1263.00  3.68586e-14
      1264.20  3.66476e-14
      1265.40  3.41986e-14
      1266.60  3.52941e-14
      1267.80  3.84353e-14
      1269.00  3.68969e-14
      1270.20  3.58181e-14
      1271.40  3.34924e-14
      1272.60  3.39111e-14
      1273.80  3.83352e-14
      1274.80  3.74527e-14
      1276.00  3.39415e-14
      1277.20  3.58430e-14
      1278.40  3.41520e-14
      1279.60  3.83744e-14
      1280.80  3.41274e-14
      1282.00  3.63047e-14
      1283.20  3.57584e-14
      1284.40  3.55188e-14
      1285.60  3.79975e-14
      1286.60  3.84436e-14
      1287.80  4.13178e-14
      1289.00  3.79173e-14
      1290.20  4.45422e-14
      1291.40  3.89848e-14
      1292.60  4.05832e-14
      1293.80  4.31720e-14
      1295.00  4.72528e-14
      1296.20  5.16330e-14
      1297.40  5.55770e-14
      1298.40  5.35254e-14
      1299.60  4.74512e-14
      1300.80  5.05583e-14
      1302.00  5.01960e-14
      1303.20  5.29084e-14
      1304.40  4.52094e-14
      1305.60  4.01920e-14
      1306.80  4.10911e-14
      1308.00  3.84103e-14
      1309.20  3.40681e-14
      1310.20  3.89679e-14
      1311.40  4.34147e-14
      1312.60  3.83880e-14
      1313.80  3.79400e-14
      1315.00  3.71820e-14
      1316.20  3.77301e-14
      1317.40  3.74472e-14
      1318.60  3.40080e-14
      1319.80  3.85868e-14
      1320.80  3.46445e-14
      1322.00  3.56584e-14
      1323.20  3.83513e-14
      1324.40  3.89260e-14
      1325.60  3.87595e-14
      1326.80  3.83188e-14
      1328.00  3.42576e-14
      1329.20  3.94053e-14
      1330.40  3.90122e-14
      1331.60  4.19751e-14
      1332.60  5.58217e-14
      1333.80  6.49543e-14
      1335.00  7.09684e-14
      1336.20  7.02516e-14
      1337.40  6.37394e-14
      1338.60  5.03629e-14
      1339.80  4.06722e-14
      1341.00  3.31519e-14
      1342.20  3.80354e-14
      1343.40  3.94819e-14
      1344.40  3.58324e-14
      1345.60  3.83680e-14
      1346.80  3.50465e-14
      1348.00  3.71600e-14
      1349.20  3.41266e-14
      1350.40  3.14481e-14
      1351.60  3.40735e-14
      1352.80  3.49663e-14
      1354.00  3.70250e-14
      1355.20  3.93702e-14
      1356.20  3.69727e-14
      1357.40  3.37650e-14
      1358.60  3.37027e-14
      1359.80  3.43854e-14
      1361.00  3.49168e-14
      1362.20  3.37942e-14
      1363.40  3.57055e-14
      1364.60  3.76389e-14
      1365.80  3.84781e-14
      1367.00  3.69250e-14
      1368.00  3.51680e-14
      1369.20  3.62086e-14
      1370.40  3.32518e-14
      1371.60  3.54424e-14
      1372.80  4.08249e-14
      1374.00  3.68677e-14
      1375.20  3.40841e-14
      1376.40  3.13148e-14
      1377.60  3.54681e-14
      1378.80  3.63392e-14
      1379.80  3.27170e-14
      1381.00  3.56446e-14
      1382.20  3.85883e-14
      1383.40  3.26983e-14
      1384.60  3.37371e-14
      1385.80  3.49522e-14
      1387.00  3.48513e-14
      1388.20  3.85215e-14
      1389.40  4.20148e-14
      1390.60  4.99490e-14
      1391.60  6.48330e-14
      1392.80  8.01227e-14
      1394.00  8.23141e-14
      1395.20  7.40863e-14
      1396.40  5.64782e-14
      1397.60  4.55003e-14
      1398.80  4.71126e-14
      1400.00  5.32738e-14
      1401.20  6.44545e-14
      1402.40  6.48210e-14
      1403.40  6.31759e-14
      1404.60  6.14396e-14
      1405.80  4.64105e-14
      1407.00  3.92715e-14
      1408.20  3.65717e-14
      1409.40  3.96677e-14
      1410.60  3.39849e-14
      1411.80  3.29066e-14
      1413.00  3.58111e-14
      1414.00  3.66580e-14
      1415.20  3.64056e-14
      1416.40  3.79485e-14
      1417.60  3.75828e-14
      1418.80  3.74640e-14
      1420.00  3.45428e-14
      1421.20  3.40861e-14
      1422.40  3.77904e-14
      1423.60  3.61040e-14
      1424.80  3.66134e-14
      1425.80  3.59259e-14
      1427.00  3.38636e-14
      1428.20  3.48241e-14
      1429.40  3.54324e-14
      1430.60  3.68328e-14
      1431.80  3.55752e-14
      1433.00  3.90153e-14
      1434.20  3.49263e-14
      1435.40  3.35382e-14
      1436.60  3.42137e-14
      1437.60  3.42039e-14
      1438.80  3.39987e-14
      1440.00  3.42431e-14
      1441.20  3.28846e-14
      1442.40  3.44338e-14
      1443.60  3.55272e-14
      1444.80  3.70227e-14
      1446.00  3.58411e-14
      1447.20  3.60364e-14
      1448.40  3.55523e-14
      1449.40  3.58088e-14
      1450.60  3.89123e-14
      1451.80  3.62675e-14
      1453.00  3.35364e-14
      1454.20  3.36215e-14
      1455.40  3.61135e-14
      1456.60  3.61551e-14
      1457.80  3.87544e-14
      1459.00  3.70973e-14
      1460.20  3.56592e-14
      1461.20  3.62160e-14
      1462.40  3.72615e-14
      1463.60  3.46932e-14
      1464.80  3.61145e-14
      1466.00  3.90627e-14
      1467.20  3.74675e-14
      1468.40  3.87221e-14
      1469.60  4.05369e-14
      1470.80  3.89494e-14
      1472.00  3.64075e-14
      1473.00  3.75054e-14
      1474.20  3.94588e-14
      1475.40  3.80228e-14
      1476.60  3.89000e-14
      1477.80  3.92407e-14
      1479.00  3.67280e-14
      1480.20  3.84481e-14
      1481.40  4.08367e-14
      1482.60  3.72994e-14
      1483.80  3.82237e-14
      1484.80  4.09902e-14
      1486.00  3.97980e-14
      1487.20  4.28353e-14
      1488.40  3.98326e-14
      1489.60  4.15170e-14
      1490.80  3.83098e-14
      1492.00  3.87155e-14
      1493.20  3.92115e-14
      1494.40  4.12264e-14
      1495.60  4.11439e-14
      1496.60  4.03605e-14
      1497.80  4.12044e-14
      1499.00  4.14422e-14
      1500.20  4.24236e-14
      1501.40  4.23770e-14
      1502.60  4.26198e-14
      1503.80  3.82168e-14
      1505.00  3.87324e-14
      1506.20  3.77276e-14
      1507.40  3.83565e-14
      1508.40  3.72676e-14
      1509.60  3.64904e-14
      1510.80  3.80961e-14
      1512.00  3.93917e-14
      1513.20  3.64864e-14
      1514.40  3.34701e-14
      1515.60  3.37627e-14
      1516.80  3.34850e-14
      1518.00  3.68203e-14
      1519.00  4.09489e-14
      1520.20  3.86002e-14
      1521.40  3.78158e-14
      1522.60  3.88215e-14
      1523.80  3.99108e-14
      1525.00  4.39257e-14
      1526.20  3.96669e-14
      1527.40  3.74749e-14
      1528.60  4.13986e-14
      1529.80  4.38098e-14
      1530.80  4.11810e-14
      1532.00  4.00958e-14
      1533.20  3.92264e-14
      1534.40  4.14819e-14
      1535.60  3.84638e-14
      1536.80  3.84638e-14
      1538.00  3.84638e-14
      1539.20  3.84638e-14
      1540.40  3.84638e-14
      1541.60  3.84638e-14
      1542.60  3.84638e-14
      1543.80  3.84638e-14
      1545.00  3.84638e-14
      1546.20  4.26260e-14
      1547.40  5.03328e-14
      1548.60  5.36279e-14
      1549.80  5.35813e-14
      1551.00  5.02404e-14
      1552.20  4.65827e-14
      1553.40  3.85335e-14
      1554.40  3.84638e-14
      1555.60  3.84638e-14
      1556.80  3.84638e-14
      1558.00  3.84638e-14
      1559.20  3.84638e-14
      1560.40  3.84638e-14
      1561.60  3.84638e-14
      1562.80  3.84638e-14
      1564.00  3.84638e-14
      1565.20  4.22163e-14
      1566.20  4.29458e-14
      1567.40  4.24039e-14
      1568.60  4.06754e-14
      1569.80  4.08692e-14
      1571.00  3.99459e-14
      1572.20  3.68133e-14
      1573.40  3.92684e-14
      1574.60  3.81497e-14
      1575.80  4.00973e-14
      1577.00  4.12556e-14
      1578.00  4.29520e-14
      1579.20  4.18962e-14
      1580.40  4.42367e-14
      1581.60  4.20376e-14
      1582.80  4.02865e-14
      1584.00  4.03539e-14
      1585.20  4.07027e-14
      1586.40  4.15844e-14
      1587.60  3.90199e-14
      1588.80  3.99362e-14
      1589.80  3.93389e-14
      1591.00  3.91239e-14
      1592.20  3.93560e-14
      1593.40  3.92221e-14
      1594.60  4.11828e-14
      1595.80  4.13412e-14
      1597.00  4.00144e-14
      1598.20  3.80023e-14
      1599.40  3.91967e-14
      1600.60  3.94573e-14
      1601.60  3.68221e-14
      1602.80  4.02765e-14
      1604.00  4.02371e-14
      1605.20  3.83242e-14
      1606.40  3.73527e-14
      1607.60  3.89633e-14
      1608.80  4.27365e-14
      1610.00  3.94314e-14
      1611.20  3.75992e-14
      1612.40  3.66086e-14
      1613.40  3.74749e-14
      1614.60  4.01055e-14
      1615.80  3.84515e-14
      1617.00  3.51291e-14
      1618.20  3.57660e-14
      1619.40  3.91108e-14
      1620.60  4.13235e-14
      1621.80  4.02745e-14
      1623.00  3.84753e-14
      1624.00  3.91093e-14
      1625.20  3.79472e-14
      1626.40  3.75884e-14
      1627.60  3.86696e-14
      1628.80  3.64107e-14
      1630.00  3.70004e-14
      1631.20  3.84563e-14
      1632.40  3.90896e-14
      1633.60  4.02796e-14
      1634.80  4.25778e-14
      1635.80  4.33199e-14
      1637.00  4.32810e-14
      1638.20  5.20915e-14
      1639.40  5.44567e-14
      1640.60  5.69492e-14
      1641.80  5.64671e-14
      1643.00  5.02777e-14
      1644.20  4.43523e-14
      1645.40  3.96126e-14
      1646.60  3.89837e-14
      1647.60  3.90604e-14
      1648.80  3.97602e-14
      1650.00  3.51077e-14
      1651.20  3.56438e-14
      1652.40  3.99039e-14
      1653.60  3.85355e-14
      1654.80  3.98396e-14
      1656.00  4.26706e-14
      1657.20  4.48494e-14
      1658.40  4.50116e-14
      1659.40  4.36002e-14
      1660.60  4.13860e-14
      1661.80  4.07059e-14
      1663.00  4.04884e-14
      1664.20  3.88886e-14
      1665.40  4.00807e-14
      1666.60  3.94539e-14
      1667.80  3.81110e-14
      1669.00  3.81125e-14
      1670.20  3.60175e-14
      1671.20  3.71419e-14
      1672.40  3.88827e-14
      1673.60  3.94157e-14
      1674.80  3.99042e-14
      1676.00  3.84771e-14
      1677.20  3.84364e-14
      1678.40  3.90176e-14
      1679.60  3.59454e-14
      1680.80  3.68018e-14
      1682.00  3.83854e-14
      1683.00  3.80313e-14
      1684.20  3.73163e-14
      1685.40  3.62640e-14
      1686.60  3.49971e-14
      1687.80  3.73620e-14
      1689.00  3.91213e-14
      1690.20  3.76085e-14
      1691.40  3.81999e-14
      1692.60  3.92858e-14
      1693.80  3.99556e-14
      1694.80  4.18043e-14
      1696.00  3.95664e-14
      1697.20  3.71767e-14
      1698.40  3.84669e-14
      1699.60  3.95590e-14
      1700.80  3.85960e-14
      1702.00  3.93077e-14
      1703.20  3.67475e-14
      1704.40  3.65765e-14
      1705.60  3.76633e-14
      1706.60  3.77499e-14
      1707.80  3.75918e-14
      1709.00  3.57086e-14
      1710.20  3.61706e-14
      1711.40  3.83016e-14
      1712.60  3.91436e-14
      1713.80  3.84389e-14
      1715.00  3.93466e-14
      1716.20  3.95975e-14
      1717.40  3.80951e-14
      1718.40  3.99787e-14
      1719.60  4.18160e-14
      1720.80  4.05020e-14
      1722.00  3.87336e-14
      1723.20  3.68823e-14
      1724.40  3.71549e-14
      1725.60  3.88935e-14
      1726.80  3.83149e-14
      1728.00  3.81712e-14
      1729.00  3.88335e-14
      1730.20  3.77791e-14
      1731.40  3.78824e-14
      1732.60  3.65424e-14
      1733.80  3.62681e-14
      1735.00  3.72351e-14
      1736.20  3.91124e-14
      1737.40  3.91501e-14
      1738.60  3.83667e-14
      1739.80  3.93514e-14
      1740.80  3.86345e-14
      1742.00  3.72195e-14
      1743.20  3.71134e-14
      1744.40  3.79129e-14
      1745.60  3.83762e-14
      1746.80  4.00179e-14
      1748.00  4.13686e-14
      1749.20  4.02403e-14
      1750.40  3.99378e-14
      1751.60  4.00141e-14
      1752.60  3.89200e-14
      1753.80  4.02568e-14
      1755.00  4.09104e-14
      1756.20  4.04284e-14
      1757.40  4.09597e-14
      1758.60  4.06742e-14
      1759.80  3.85674e-14
      1761.00  3.72415e-14
      1762.20  3.97779e-14
      1763.40  4.12299e-14
      1764.40  4.05929e-14
      1765.60  3.91393e-14
      1766.80  4.03787e-14
      1768.00  4.06649e-14
      1769.20  3.98052e-14
      1770.40  3.95467e-14
      1771.60  3.88454e-14
      1772.80  3.95587e-14
      1774.00  4.04315e-14
      1775.20  4.08461e-14
      1776.20  4.10217e-14
      1777.40  4.05447e-14
      1778.60  3.97123e-14
      1779.80  3.96161e-14
      1781.00  3.86137e-14
      1782.20  3.98291e-14
      1783.40  4.00986e-14
      1784.60  4.08895e-14
      1785.80  4.10442e-14
      1787.00  4.05855e-14
      1788.00  3.83337e-14
      1789.20  3.64067e-14
      1790.40  3.27478e-14
      1791.60  2.78222e-14
      1792.80  2.59180e-14
      1794.00  2.87862e-14
      1795.20  3.24971e-14
      1796.40  3.52482e-14
      1797.60  3.73853e-14
      1798.80  3.86399e-14
      1799.80  3.85625e-14
      1801.00  3.97378e-14
      1802.20  3.98816e-14
      1803.40  3.96974e-14
      1804.60  3.89725e-14
      1805.80  4.03413e-14
      1807.00  4.06176e-14
      1808.20  4.12225e-14
      1809.40  4.06491e-14
      1810.60  4.03444e-14
      1811.60  3.90865e-14
      1812.80  3.84763e-14
      1814.00  3.86211e-14
      1815.20  3.94665e-14
      1816.40  3.96161e-14
      1817.60  4.13432e-14
      1818.80  4.05240e-14
      1820.00  3.97578e-14
      1821.20  3.85691e-14
      1822.40  3.84914e-14
      1823.40  3.87267e-14
      1824.60  3.93471e-14
      1825.80  3.95806e-14
      1827.00  4.00641e-14
      1828.20  3.98927e-14
      1829.40  3.89656e-14
      1830.60  3.77642e-14
      1831.80  3.76571e-14
      1833.00  3.67164e-14
      1834.00  3.64992e-14
      1835.20  3.66988e-14
      1836.40  3.73314e-14
      1837.60  3.72567e-14
      1838.80  3.73507e-14
      1840.00  3.76284e-14
      1841.20  3.71273e-14
      1842.40  3.78116e-14
      1843.60  3.81225e-14
      1844.80  3.72164e-14
      1845.80  3.73560e-14
      1847.00  3.76220e-14
      1848.20  3.81651e-14
      1849.40  3.75505e-14
      1850.60  3.87013e-14
      1851.80  3.93128e-14
      1853.00  3.99821e-14
      1854.20  3.98065e-14
      1855.40  3.97975e-14
      1856.60  3.94657e-14
      1857.60  4.00915e-14
      1858.80  4.03419e-14
      1860.00  4.02585e-14
      1861.20  3.98311e-14
      1862.40  4.02777e-14
      1863.60  3.92249e-14
      1864.80  3.95598e-14
      1866.00  3.86114e-14
      1867.20  3.74811e-14
      1868.40  3.60951e-14
      1869.40  3.72525e-14
      1870.60  3.68999e-14
      1871.80  3.78750e-14
      1873.00  3.77158e-14
      1874.20  3.76897e-14
      1875.40  3.71024e-14
      1876.60  3.73310e-14
      1877.80  3.64093e-14
      1879.00  3.63585e-14
      1880.20  3.63880e-14
      1881.20  3.74639e-14
      1882.40  3.72295e-14
      1883.60  3.77870e-14
      1884.80  3.67888e-14
      1886.00  3.71008e-14
      1887.20  3.67224e-14
      1888.40  3.75541e-14
      1889.60  3.69043e-14
      1890.80  3.75869e-14
      1892.00  3.78107e-14
      1893.00  3.84523e-14
      1894.20  3.80958e-14
      1895.40  3.82329e-14
      1896.60  3.81099e-14
      1897.80  3.79401e-14
      1899.00  3.73442e-14
      1900.20  3.76231e-14
      1901.40  3.72766e-14
      1902.60  3.70783e-14
      1903.80  3.61801e-14
      1904.80  3.61658e-14
      1906.00  3.59788e-14
      1907.20  3.70337e-14
      1908.40  3.71556e-14
      1909.60  3.75339e-14
      1910.80  3.70757e-14
      1912.00  3.73301e-14
      1913.20  3.74344e-14
      1914.40  3.77146e-14
      1915.60  3.76223e-14
      1916.60  3.82201e-14
      1917.80  3.73963e-14
      1919.00  3.70695e-14
      1920.20  3.62780e-14
      1921.40  3.64333e-14
      1922.60  3.71910e-14
      1923.80  3.74865e-14
      1925.00  3.69612e-14
      1926.20  3.75767e-14
      1927.40  3.84920e-14
      1928.40  3.86550e-14
      1929.60  3.87355e-14
      1930.80  3.83405e-14
      1932.00  3.77097e-14
      1933.20  3.77996e-14
      1934.40  3.67339e-14
      1935.60  3.70998e-14
      1936.80  3.62276e-14
      1938.00  3.64663e-14
      1939.00  3.61806e-14
      1940.20  3.68021e-14
      1941.40  3.64858e-14
      1942.60  3.64102e-14
      1943.80  3.61719e-14
      1945.00  3.57788e-14
      1946.20  3.58877e-14
      1947.40  3.58157e-14
      1948.60  3.60097e-14
      1949.80  3.60538e-14
      1950.80  3.62209e-14
      1952.00  3.68627e-14
      1953.20  3.70093e-14
      1954.40  3.75798e-14
      1955.60  3.76774e-14
      1956.80  3.78982e-14
      1958.00  3.71224e-14
      1959.20  3.73145e-14
      1960.40  3.73993e-14
      1961.60  3.73169e-14
      1962.60  3.71925e-14
      1963.80  3.73128e-14
      1965.00  3.71459e-14
      1966.20  3.63772e-14
      1967.40  3.57174e-14
      1968.60  3.53943e-14
      1969.80  3.57104e-14
      1971.00  3.56653e-14
      1972.20  3.51146e-14
      1973.40  3.52212e-14
      1974.40  3.53137e-14
      1975.60  3.58449e-14
      1976.80  3.60003e-14
      1978.00  3.63795e-14
      1979.20  3.62422e-14
      1980.40  3.63803e-14
      1981.60  3.65394e-14
      1982.80  3.74153e-14
      2000.40  5.96250e-14
      2002.20  1.38677e-13
      2004.20  5.45501e-14
      2006.00 -7.19959e-14
      2008.00 -9.16909e-16
      2009.80  1.21318e-14
      2011.60  9.63174e-15
      2013.60  3.01359e-14
      2015.40  1.30927e-14
      2017.20  8.33213e-14
      2019.20  9.45515e-14
      2021.00  1.32367e-15
      2022.80  9.51101e-14
      2024.80  1.01745e-13
      2026.60 -2.66820e-14
      2028.40 -1.29406e-13
      2030.40  4.70998e-14
      2032.20 -3.09094e-14
      2034.00 -5.45928e-14
      2036.00  6.43665e-14
      2037.80  1.16745e-13
      2039.60  6.64469e-14
      2041.60  7.65977e-14
      2043.40  2.45062e-14
      2045.40  1.31766e-13
      2047.20  1.30693e-13
      2049.00 -2.91532e-14
      2051.00 -7.77816e-14
      2052.80  2.99830e-15
      2054.60  1.05438e-14
      2056.60  1.21437e-13
      2058.40  8.67092e-14
      2060.20  5.51146e-14
      2062.20  1.13977e-14
      2064.00  3.72295e-15
      2065.80  1.25187e-13
      2067.80  1.61473e-13
      2069.60  3.27844e-14
      2071.40 -1.81967e-14
      2073.40  9.61437e-14
      2075.20  1.37484e-13
      2077.00  1.49686e-13
      2079.00  8.93482e-14
      2080.80  1.44185e-14
      2082.60  6.87909e-14
      2084.60  1.37962e-13
      2086.40  6.57100e-14
      2088.40  6.00056e-16
      2090.20  3.24600e-14
      2092.00  9.23526e-14
      2094.00  6.46620e-14
      2095.80  3.69082e-14
      2097.60  1.80593e-15
      2099.60 -1.19928e-14
      2101.40  1.31767e-13
      2103.20  1.69371e-13
      2105.20  1.03781e-13
      2107.00 -1.01546e-14
      2108.80  2.94006e-14
      2110.80  5.73868e-14
      2112.60  7.68177e-14
      2114.40  7.95496e-14
      2116.40  1.70927e-13
      2118.20  5.01716e-14
      2120.00  9.58434e-14
      2122.00  2.91876e-14
      2123.80 -5.55781e-17
      2125.60  9.74592e-14
      2127.60  1.36886e-13
      2129.40  3.95223e-14
      2131.40  3.19759e-14
      2133.20 -3.09554e-14
      2135.00  9.22495e-14
      2137.00  6.03128e-14
      2138.80  4.29612e-14
      2140.60  1.31283e-13
      2142.60  1.27542e-13
      2144.40  4.44991e-14
      2146.20  5.68991e-14
      2148.20  3.40885e-14
      2150.00  1.02726e-14
      2151.80  6.26917e-14
      2153.80  7.86522e-14
      2155.60  8.63738e-14
      2157.40  2.87843e-14
      2159.40  3.25231e-14
      2161.20  6.98816e-14
      2163.00  6.04242e-14
      2165.00  6.76564e-14
      2166.80  7.16929e-14
      2168.60  1.18045e-13
      2170.60  8.80514e-14
      2172.40  6.05408e-14
      2174.40  3.21327e-14
      2176.20 -6.25706e-15
      2178.00  9.04537e-14
      2180.00  1.12908e-13
      2181.80  2.12940e-14
      2183.60  6.59654e-14
      2185.60  2.15536e-13
      2187.40  1.42448e-13
      2189.20  8.27551e-14
      2191.20  8.87529e-14
      2193.00  6.79921e-14
      2194.80  6.96330e-14
      2196.80  4.18917e-14
      2198.60  4.13890e-14
      2200.40  4.46144e-14
      2202.40  1.43160e-13
      2204.20  1.16081e-13
      2206.00  1.80226e-13
      2208.00  2.84964e-13
      2209.80  1.44126e-13
      2211.80  6.85126e-14
      2213.60  2.53250e-13
      2215.40  3.80886e-13
      2217.40  1.99010e-13
      2219.20  2.76137e-13
      2221.00  2.42751e-13
      2223.00  2.40015e-13
      2224.80  3.52916e-13
      2226.60  2.16113e-13
      2228.60  1.04030e-13
      2230.40  1.78892e-13
      2232.20  2.24354e-13
      2234.20  1.96014e-13
      2236.00  1.21202e-13
      2237.80  1.70438e-13
      2239.80  6.71383e-14
      2241.60  8.24090e-14
      2243.40  2.03153e-13
      2245.40  1.49824e-13
      2247.20  9.35581e-14
      2249.00  1.10849e-13
      2251.00  2.52020e-13
      2252.80  3.28833e-13
      2254.80  2.00693e-13
      2256.60  3.25686e-13
      2258.40  2.71508e-13
      2260.40  2.80319e-13
      2262.20  2.62928e-13
      2264.00  2.22003e-13
      2266.00  2.58514e-13
      2267.80  3.00308e-13
      2269.60  1.59253e-13
      2271.60  1.56235e-13
      2273.40  1.89795e-13
      2275.20  2.68903e-13
      2277.20  2.04172e-13
      2279.00  9.87645e-14
      2280.80  1.39525e-13
      2282.80  2.53701e-13
      2284.60  1.68809e-13
      2286.40  6.27923e-14
      2288.40  7.37920e-14
      2290.20  1.01254e-13
      2292.00  1.67924e-13
      2294.00  1.83515e-13
      2295.80  2.21603e-13
      2297.80  1.54453e-13
      2299.60  1.38586e-13
      2301.40  1.23062e-13
      2303.40  1.03973e-13
      2305.20  2.05085e-13
      2307.00  1.78743e-13
      2309.00  1.14066e-13
      2310.80  1.08396e-13
      2312.60  1.66527e-13
      2314.60  1.58799e-13
      2316.40  1.94294e-13
      2318.20  2.97946e-13
      2320.20  2.72961e-13
      2322.00  1.97922e-13
      2323.80  1.47016e-13
      2325.80  1.35686e-13
      2327.60  7.20692e-14
      2329.40  2.72582e-13
      2331.40  2.43096e-13
      2333.20  3.17040e-13
      2335.00  3.53230e-13
      2337.00  3.64886e-13
      2338.80  3.00142e-13
      2340.80  2.63543e-13
      2342.60  2.50954e-13
      2344.40  1.91555e-13
      2346.40  2.65527e-13
      2348.20  4.36290e-13
      2350.00  4.87485e-13
      2352.00  3.26522e-13
      2353.80  2.93388e-13
      2355.60  2.57841e-13
      2357.60  2.97120e-13
      2359.40  2.92883e-13
      2361.20  2.78442e-13
      2363.20  3.54478e-13
      2365.00  4.75266e-13
      2366.80  4.25039e-13
      2368.80  3.44999e-13
      2370.60  3.22019e-13
      2372.40  4.21592e-13
      2374.40  3.77004e-13
      2376.20  2.82435e-13
      2378.00  2.61009e-13
      2380.00  3.28253e-13
      2381.80  4.84547e-13
      2383.80  4.97890e-13
      2385.60  5.95388e-13
      2387.40  5.87012e-13
      2389.40  4.67789e-13
      2391.20  4.85718e-13
      2393.00  4.15946e-13
      2395.00  3.11037e-13
      2396.80  3.73428e-13
      2398.60  3.89777e-13
      2400.60  3.64843e-13
      2402.40  3.01407e-13
      2404.20  3.39831e-13
      2406.20  3.97174e-13
      2408.00  4.12916e-13
      2409.80  4.47189e-13
      2411.80  3.41673e-13
      2413.60  3.02153e-13
      2415.40  3.01281e-13
      2417.40  3.27217e-13
      2419.20  2.68856e-13
      2421.00  2.25172e-13
      2423.00  1.67591e-13
      2424.80  1.37370e-13
      2426.80  1.76731e-13
      2428.60  2.23315e-13
      2430.40  2.33756e-13
      2432.40  2.09842e-13
      2434.20  2.20107e-13
      2436.00  2.73225e-13
      2438.00  3.51787e-13
      2439.80  2.90438e-13
      2441.60  2.70645e-13
      2443.60  1.71615e-13
      2445.40  1.94705e-13
      2447.20  2.42319e-13
      2449.20  3.29973e-13
      2451.00  2.90399e-13
      2452.80  2.57613e-13
      2454.80  2.17064e-13
      2456.60  1.93569e-13
      2458.40  1.95350e-13
      2460.40  2.15000e-13
      2462.20  2.10602e-13
      2464.00  1.72721e-13
      2466.00  1.64497e-13
      2467.80  2.10365e-13
      2469.80  2.50249e-13
      2471.60  2.34907e-13
      2473.40  2.36940e-13
      2475.40  2.53034e-13
      2477.20  3.41140e-13
      2479.00  4.48412e-13
      2481.00  3.25364e-13
      2482.80  3.14154e-13
      2484.60  2.58829e-13
      2486.60  3.65282e-13
      2488.40  4.12084e-13
      2490.20  2.86938e-13
      2492.20  2.70632e-13
      2494.00  3.30471e-13
      2495.80  2.86724e-13
      2497.80  2.66116e-13
      2499.60  2.98098e-13
      2501.40  2.80961e-13
      2503.40  2.16910e-13
      2505.20  1.79223e-13
      2507.20  2.06892e-13
      2509.00  3.06037e-13
      2510.80  4.12498e-13
      2512.80  3.25209e-13
      2514.60  2.94864e-13
      2516.40  3.52628e-13
      2518.40  3.33533e-13
      2520.20  3.32869e-13
      2522.00  3.12216e-13
      2524.00  3.90083e-13
      2525.80  3.10990e-13
      2527.60  3.38276e-13
      2529.60  3.45674e-13
      2531.40  3.70036e-13
      2533.20  3.65145e-13
      2535.20  2.91734e-13
      2537.00  2.64181e-13
      2538.80  3.40372e-13
      2540.80  3.91710e-13
      2542.60  4.61148e-13
      2544.40  4.13317e-13
      2546.40  3.68252e-13
      2548.20  3.77838e-13
      2550.20  3.12321e-13
      2552.00  3.44122e-13
      2553.80  3.06403e-13
      2555.80  2.29613e-13
      2557.60  2.04915e-13
      2559.40  1.95170e-13
      2561.40  2.15925e-13
      2563.20  2.47302e-13
      2565.00  3.39034e-13
      2567.00  3.52393e-13
      2568.80  3.29462e-13
      2570.60  2.43469e-13
      2572.60  1.99083e-13
      2574.40  2.13530e-13
      2576.20  2.39495e-13
      2578.20  2.72327e-13
      2580.00  2.33105e-13
      2581.80  2.42749e-13
      2583.80  2.28675e-13
      2585.60  2.67302e-13
      2587.40  3.35826e-13
      2589.40  3.37693e-13
      2591.20  2.96428e-13
      2593.20  3.41851e-13
      2595.00  3.85919e-13
      2596.80  3.91902e-13
      2598.80  4.44127e-13
      2600.60  5.14365e-13
      2602.40  5.66010e-13
      2604.40  4.01692e-13
      2606.20  3.38436e-13
      2608.00  3.64586e-13
      2610.00  4.56794e-13
      2611.80  4.45324e-13
      2613.60  5.59114e-13
      2615.60  6.54796e-13
      2617.40  5.31520e-13
      2619.20  4.59523e-13
      2621.20  4.98897e-13
      2623.00  5.07466e-13
      2624.80  4.43354e-13
      2626.80  4.76811e-13
      2628.60  4.65163e-13
      2630.40  6.03224e-13
      2632.40  6.11804e-13
      2634.20  5.62326e-13
      2636.20  4.24832e-13
      2638.00  2.88152e-13
      2639.80  1.70248e-13
      2641.80  1.33866e-13
      2643.60  1.36045e-13
      2645.40  1.13808e-13
      2647.40  9.52232e-14
      2649.20  1.16684e-13
      2651.00  1.12988e-13
      2653.00  1.39097e-13
      2654.80  1.14912e-13
      2656.60  1.14805e-13
      2658.60  1.13985e-13
      2660.40  1.32049e-13
      2662.20  1.74086e-13
      2664.20  1.82042e-13
      2666.00  1.61085e-13
      2667.80  1.78434e-13
      2669.80  1.94692e-13
      2671.60  1.70415e-13
      2673.40  1.46573e-13
      2675.40  1.33315e-13
      2677.20  1.37354e-13
      2679.20  1.33255e-13
      2681.00  1.50413e-13
      2682.80  1.58654e-13
      2684.80  1.70480e-13
      2686.60  1.66712e-13
      2688.40  1.51731e-13
      2690.40  1.59879e-13
      2692.20  1.64109e-13
      2694.00  1.77061e-13
      2696.00  1.75689e-13
      2697.80  1.77033e-13
      2699.60  1.63671e-13
      2701.60  1.53138e-13
      2703.40  1.57816e-13
      2705.20  1.94336e-13
      2707.20  2.04911e-13
      2709.00  2.39712e-13
      2710.80  2.54145e-13
      2712.80  2.24255e-13
      2714.60  2.59386e-13
      2716.40  3.03240e-13
      2718.40  3.13990e-13
      2720.20  2.99602e-13
      2722.20  2.88325e-13
      2724.00  2.49849e-13
      2725.80  2.65956e-13
      2727.80  2.95399e-13
      2729.60  2.93216e-13
      2731.40  3.28848e-13
      2733.40  3.16226e-13
      2735.20  3.08942e-13
      2737.00  3.07468e-13
      2739.00  3.48049e-13
      2740.80  3.70469e-13
      2742.60  3.99642e-13
      2744.60  4.34262e-13
      2746.40  4.61638e-13
      2748.20  4.60208e-13
      2750.20  5.02158e-13
      2752.00  5.49168e-13
      2753.80  4.75410e-13
      2755.80  4.16950e-13
      2757.60  3.56851e-13
      2759.40  3.53556e-13
      2761.40  3.30107e-13
      2763.20  2.87602e-13
      2765.20  2.67162e-13
      2767.00  2.76181e-13
      2768.80  2.52250e-13
      2770.80  2.44979e-13
      2772.60  2.38326e-13
      2774.40  2.55689e-13
      2776.40  2.25607e-13
      2778.20  1.92263e-13
      2780.00  2.01218e-13
      2782.00  2.28897e-13
      2783.80  2.22126e-13
      2785.60  1.95531e-13
      2787.60  2.20005e-13
      2789.40  2.22621e-13
      2791.20  3.23266e-13
      2793.20  4.90474e-13
      2795.00  6.62420e-13
      2796.80  8.57999e-13
      2798.80  9.94511e-13
      2800.60  9.61173e-13
      2802.40  1.02317e-12
      2804.40  1.02462e-12
      2806.20  1.03362e-12
      2808.20  8.83185e-13
      2810.00  5.54319e-13
      2811.80  3.00582e-13
      2813.80  2.01064e-13
      2815.60  1.77765e-13
      2817.40  1.62932e-13
      2819.40  1.50040e-13
      2821.20  1.40329e-13
      2823.00  1.28196e-13
      2825.00  1.26805e-13
      2826.80  1.48707e-13
      2828.60  1.70960e-13
      2830.60  2.09621e-13
      2832.40  2.16449e-13
      2834.20  2.14960e-13
      2836.20  2.08608e-13
      2838.00  2.20258e-13
      2839.80  2.42952e-13
      2841.80  2.61633e-13
      2843.60  2.77286e-13
      2845.40  2.56932e-13
      2847.40  2.51088e-13
      2849.20  2.61605e-13
      2851.20  2.96810e-13
      2853.00  3.74794e-13
      2854.80  4.39355e-13
      2856.80  3.70927e-13
      2858.60  3.27253e-13
      2860.40  3.35795e-13
      2862.40  3.03937e-13
      2864.20  2.53806e-13
      2866.00  2.41099e-13
      2868.00  2.83046e-13
      2869.80  3.09955e-13
      2871.60  2.86672e-13
      2873.60  2.67840e-13
      2875.40  2.42749e-13
      2877.20  2.34055e-13
      2879.20  2.83710e-13
      2881.00  3.16976e-13
      2882.80  3.39642e-13
      2884.80  2.81322e-13
      2886.60  2.55050e-13
      2888.40  2.03722e-13
      2890.40  1.86659e-13
      2892.20  1.87561e-13
      2894.20  1.85113e-13
      2896.00  1.86664e-13
      2897.80  1.84938e-13
      2899.80  1.74216e-13
      2901.60  1.54930e-13
      2903.40  1.44866e-13
      2905.40  1.28822e-13
      2907.20  1.47426e-13
      2909.00  1.53242e-13
      2911.00  1.64923e-13
      2912.80  1.83385e-13
      2914.60  1.65538e-13
      2916.60  1.51114e-13
      2918.40  1.58087e-13
      2920.20  1.75006e-13
      2922.20  2.05747e-13
      2924.00  2.23526e-13
      2925.80  2.78345e-13
      2927.80  3.12206e-13
      2929.60  3.54634e-13
      2931.40  3.42330e-13
      2933.40  3.02616e-13
      2935.20  2.81332e-13
      2937.20  2.93772e-13
      2939.00  3.08633e-13
      2940.80  2.82098e-13
      2942.80  2.77135e-13
      2944.60  2.53903e-13
      2946.40  2.44320e-13
      2948.40  2.45380e-13
      2950.20  2.53328e-13
      2952.00  2.53330e-13
      2954.00  3.00599e-13
      2955.80  3.01585e-13
      2957.60  2.80410e-13
      2959.60  2.55301e-13
      2961.40  2.20045e-13
      2963.20  2.54768e-13
      2965.20  2.82225e-13
      2967.00  3.05598e-13
      2968.80  3.09595e-13
      2970.80  3.06187e-13
      2972.60  2.98894e-13
      2974.40  3.10764e-13
      2976.40  2.95115e-13
      2978.20  2.64651e-13
      2980.20  2.57199e-13
      2982.00  2.84646e-13
      2983.80  3.20884e-13
      2985.80  3.75669e-13
      2987.60  3.55993e-13
      2989.40  3.32042e-13
      2991.40  2.94140e-13
      2993.20  2.46322e-13
      2995.00  2.13551e-13
      2997.00  1.82661e-13
      2998.80  1.80460e-13
      3000.60  2.09833e-13
      3002.60  2.40482e-13
      3004.40  2.51331e-13
      3006.20  2.30323e-13
      3008.20  2.01562e-13
      3010.00  1.81500e-13
      3011.80  1.62448e-13
      3013.80  1.71392e-13
      3015.60  1.67552e-13
      3017.40  1.88514e-13
      3019.40  2.16178e-13
      3021.20  2.66917e-13
      3023.20  2.61624e-13
      3025.00  2.48222e-13
      3026.80  2.16650e-13
      3028.80  1.93952e-13
      3030.60  1.78796e-13
      3032.40  1.64129e-13
      3034.40  1.71753e-13
      3036.20  1.95992e-13
      3038.00  2.12170e-13
      3040.00  2.16552e-13
      3041.80  2.09489e-13
      3043.60  1.93635e-13
      3045.60  1.86348e-13
      3047.40  1.87241e-13
      3049.20  1.87069e-13
      3051.20  1.87770e-13
      3053.00  1.95760e-13
      3054.80  2.03771e-13
      3056.80  2.33161e-13
      3058.60  2.52192e-13
      3060.40  2.33308e-13
      3062.40  2.05518e-13
      3064.20  2.00128e-13
      3066.20  2.01770e-13
      3068.00  2.06122e-13
      3069.80  2.07357e-13
      3071.80  2.06243e-13
      3073.60  1.90317e-13
      3075.40  1.88210e-13
      3077.40  1.84040e-13
      3079.20  1.89456e-13
      3081.00  1.72339e-13
      3083.00  1.84319e-13
      3084.80  1.80844e-13
      3086.60  1.87950e-13
      3088.60  2.12203e-13
      3090.40  2.31638e-13
      3092.20  2.23653e-13
      3094.20  2.30793e-13
      3096.00  2.31116e-13
      3097.80  2.37353e-13
      3099.80  2.53474e-13
      3101.60  2.38914e-13
      3103.40  2.20183e-13
      3105.40  2.00080e-13
      3107.20  1.76673e-13
      3109.20  1.78066e-13
      3111.00  1.58981e-13
      3112.80  1.59878e-13
      3114.80  1.89041e-13
      3116.60  2.08709e-13
      3118.40  2.17254e-13
      3120.40  2.21625e-13
      3122.20  2.31093e-13
      3124.00  2.16071e-13
      3126.00  2.22326e-13
      3127.80  2.36690e-13
      3129.60  2.23884e-13
      3131.60  2.36889e-13
      3133.40  2.56409e-13
      3135.20  2.76937e-13
      3137.20  2.69746e-13
      3139.00  2.21397e-13
      3140.80  2.15429e-13
      3142.80  2.24180e-13
      3144.60  2.30075e-13
      3146.40  2.43356e-13
      3148.40  2.42956e-13
      3150.20  2.20741e-13
      3152.20  2.08262e-13
      3154.00  2.39868e-13
      3155.80  2.93412e-13
      3157.80  2.83330e-13
      3159.60  2.83566e-13
      3161.40  3.04458e-13
      3163.40  2.90623e-13
      3165.20  2.47695e-13
      3167.00  2.37258e-13
      3169.00  2.54608e-13
      3170.80  2.46272e-13
      3172.60  2.44180e-13
      3174.60  2.34744e-13
      3176.40  2.32312e-13
      3178.20  3.06019e-13
      3180.20  4.11734e-13
      3182.00  4.77082e-13
      3183.80  4.53684e-13
      3185.80  3.78210e-13
      3187.60  3.26419e-13
      3189.40  3.03797e-13
      3191.40  2.73140e-13
      3193.20  2.83290e-13
      3195.20  3.24916e-13
      3197.00  3.32523e-13
      3198.80  2.74448e-13
      3200.80  2.27659e-13
      3202.60  2.38450e-13
      3204.40  2.57015e-13
      3206.40  2.62242e-13
      3208.20  2.99798e-13
      3210.00  3.60429e-13
      3212.00  3.72837e-13
      3213.80  3.99780e-13
      3215.60  3.90867e-13
      3217.60  3.37257e-13
      3219.40  2.93421e-13
      3221.20  2.82910e-13
      3223.20  2.93207e-13
      3225.00  3.31353e-13
      3226.80  4.24439e-13
      3228.80  4.44959e-13
      3230.60  4.37901e-13
      3232.40  4.03168e-13
      3234.40  3.60235e-13
      3236.20  3.33491e-13
      3238.20  2.95921e-13
      3240.00  2.69345e-13
      3241.80  2.91736e-13
      3243.80  3.13015e-13
      3245.60  3.45617e-13
      3247.40  4.14534e-13
      3249.40  4.21996e-13
      3251.20  3.19645e-13
      3253.00  2.99597e-13
      3255.00  2.79103e-13
      3256.80  2.74600e-13
      3258.60  2.73695e-13
      3260.60  2.28949e-13
      3262.40  2.18569e-13
      3264.20  2.59098e-13
      3266.20  2.14008e-13
      3268.00  1.58790e-13
      3269.80  2.13357e-13
      3271.80  3.04518e-13
      3273.60  3.00549e-13
      3275.40  2.41883e-13
      3277.40  3.31713e-13
      3279.20  4.09242e-13
      3281.20  4.09008e-13
      3283.00  2.87719e-13
      3284.80  1.47021e-13
      3286.80  6.46721e-14
      3288.60  1.40549e-13
      3290.40  1.96575e-13
      3292.40  2.08252e-13
      3294.20  2.33443e-13
      3296.00  2.30507e-13
      3298.00  2.19433e-13
      3299.80  1.72834e-13
      3301.60  1.80409e-13
      3303.60  1.62371e-13
      3305.40  1.58733e-13
      3307.20  1.59693e-13
      3309.20  1.54520e-13
      3311.00  1.33970e-13
      3312.80  1.05379e-13
      3314.80  7.53483e-14
      3316.60  6.61468e-14
      3318.40  8.97026e-14
      3320.40  1.59915e-13
      3322.20  1.80444e-13
      3324.20  1.91787e-13
      3326.00  2.17616e-13
      3327.80  1.98700e-13
      3329.80  1.67571e-13
      3331.60  1.62335e-13
      3333.40  1.55651e-13
      3335.40  1.58566e-13
      3337.20  1.47734e-13
      3339.00  1.76141e-13
      3341.00  1.56326e-13
      3342.80  1.81201e-13
      3344.60  2.10427e-13
      3346.60  2.07887e-13
      3348.40  2.20583e-13
      3350.20  2.18784e-13
      3352.20  2.13313e-13
      3354.00  2.26556e-13
      3355.80  1.94110e-13
      3357.80  2.18219e-13
      3359.60  2.18045e-13
      3361.40  2.60886e-13
      3363.40  2.16833e-13
      3365.20  1.03472e-13
      3367.20  7.79434e-14
      3369.00  9.91976e-14
      3370.80  9.09835e-14
      3372.80  6.20532e-14
      3374.60  8.08771e-14
      3376.40  2.29618e-13
      3378.40  3.22470e-13
      3380.20  2.74078e-13
      3382.00  2.29066e-13
      3384.00  2.27429e-13
      3550.06  4.85100e-13
      3551.80 -1.55900e-13
      3553.53  6.78100e-13
      3555.27  5.18400e-14
      3557.01  1.87900e-13
      3558.75  1.14700e-13
      3560.49  3.00600e-13
      3562.22 -9.95600e-14
      3563.96 -6.17200e-14
      3565.70 -1.89100e-13
      3567.44  1.51600e-14
      3569.17 -2.32700e-13
      3570.91  4.77400e-14
      3572.65 -1.05400e-13
      3574.39  2.07900e-13
      3576.13 -3.77800e-14
      3577.86  2.64200e-13
      3579.60  5.37200e-13
      3581.34 -9.74500e-14
      3583.08  7.90500e-15
      3584.82  2.69400e-13
      3586.56  4.72900e-14
      3588.29  9.67000e-14
      3590.03  3.19600e-13
      3591.77  3.11000e-13
      3593.51 -1.71500e-13
      3595.25  9.38400e-14
      3596.98 -1.65200e-13
      3598.72 -2.66800e-13
      3600.46  4.14500e-14
      3602.20  2.72900e-13
      3603.94  3.37600e-13
      3605.68  4.49100e-13
      3607.41  7.77400e-17
      3609.15  4.20000e-13
      3610.89  2.84300e-13
      3612.63  4.39700e-13
      3614.37  1.80800e-13
      3616.11  3.88200e-13
      3617.84  1.38500e-13
      3619.58  3.28200e-13
      3621.32  1.87200e-14
      3623.06  6.92500e-14
      3624.80  2.57100e-13
      3626.54  1.39500e-13
      3628.27  2.76100e-13
      3630.01  3.41000e-13
      3631.75 -1.52900e-13
      3633.49  1.60200e-13
      3635.23  2.83800e-14
      3636.97  1.99400e-13
      3638.71 -6.10600e-14
      3640.44  6.76500e-14
      3642.18  1.23600e-13
      3643.92  1.57400e-13
      3645.66  2.35500e-14
      3647.40  2.83200e-13
      3649.14  9.37000e-14
      3650.88  9.05700e-14
      3652.62  1.81300e-13
      3654.35  1.22200e-13
      3656.09  2.12400e-13
      3657.83  1.73700e-13
      3659.57  1.96700e-14
      3661.31 -2.17700e-13
      3663.05  4.46500e-14
      3664.79  1.05200e-13
      3666.53  3.27300e-14
      3668.26  9.79100e-14
      3670.00  1.52200e-13
      3671.74  1.72400e-13
      3673.48  9.43700e-14
      3675.22  8.56600e-14
      3676.96  1.03700e-13
      3678.70  3.23500e-13
      3680.44  4.35600e-13
      3682.18 -1.20600e-13
      3683.92  2.76100e-13
      3685.65  3.36600e-13
      3687.39  1.37000e-13
      3689.13  2.60100e-13
      3690.87  1.57100e-13
      3692.61  1.63900e-13
      3694.35 -2.57700e-14
      3696.09  1.93200e-13
      3697.83  1.55600e-13
      3699.57  4.00200e-15
      3701.31 -8.46800e-14
      3703.05  3.53700e-13
      3704.78  4.13800e-13
      3706.52  3.58000e-13
      3708.26  3.38200e-13
      3710.00  1.94000e-13
      3711.74  3.50900e-13
      3713.48  3.09900e-13
      3715.22  7.23500e-14
      3716.96  1.66600e-13
      3718.70 -6.36000e-14
      3720.44  6.14100e-13
      3722.18  4.83200e-13
      3723.92  7.31600e-14
      3725.66  2.75600e-13
      3727.40 -2.00900e-14
      3729.14  2.41200e-13
      3730.87  2.42200e-13
      3732.61  1.46800e-13
      3734.35  5.75600e-13
      3736.09  5.65600e-13
      3737.83  4.53800e-13
      3739.57  1.60000e-13
      3741.31  9.53900e-14
      3743.05 -9.62800e-15
      3744.79  1.47900e-13
      3746.53  4.60400e-13
      3748.27  2.44500e-13
      3750.01  5.91200e-13
      3751.75  7.12300e-13
      3753.49  6.57600e-14
      3755.23  1.69700e-13
      3756.97  7.70200e-14
      3758.71  7.93000e-14
      3760.45  1.91600e-13
      3762.19  1.88000e-13
      3763.93  1.90700e-13
      3765.67  1.84700e-13
      3767.41  2.53200e-13
      3769.15  2.77000e-13
      3770.89  9.72100e-13
      3772.63  3.73700e-13
      3774.37  1.60300e-13
      3776.11  1.35200e-13
      3777.85  1.86700e-13
      3779.59  1.03600e-13
      3781.33  2.10800e-13
      3783.07  8.64000e-14
      3784.81  1.02100e-13
      3786.55  9.28400e-14
      3788.29  1.20900e-13
      3790.03  1.80300e-13
      3791.77  1.01100e-13
      3793.51  1.62100e-13
      3795.25  2.60100e-13
      3796.99  4.73600e-13
      3798.73  1.35000e-12
      3800.47  5.37200e-13
      3802.21  2.37600e-13
      3803.95  8.09400e-14
      3805.69  1.22600e-13
      3807.43  9.19300e-14
      3809.17  1.82400e-13
      3810.91  8.46000e-14
      3812.65  8.54500e-14
      3814.39  1.67400e-13
      3816.13  1.39000e-13
      3817.87  1.15700e-13
      3819.61  2.36400e-13
      3821.35  2.02700e-13
      3823.09  1.25000e-13
      3824.83  1.76500e-13
      3826.57  1.46600e-13
      3828.31  1.72900e-13
      3830.05  1.42500e-13
      3831.79  1.83300e-13
      3833.53  4.17700e-13
      3835.27  1.32900e-12
      3837.01  1.26200e-12
      3838.75  4.34400e-13
      3840.49  1.80100e-13
      3842.23  1.96400e-13
      3843.97  1.76300e-13
      3845.71  1.42300e-13
      3847.45  1.39700e-13
      3849.19  1.67100e-13
      3850.93  1.47500e-13
      3852.68  1.00900e-13
      3854.42  1.59700e-13
      3856.16  2.08800e-13
      3857.90  1.02200e-13
      3859.64  1.98200e-13
      3861.38  2.25300e-13
      3863.12  1.31100e-13
      3864.86  1.89800e-13
      3866.60  2.05700e-13
      3868.34  1.49500e-13
      3870.08  1.59200e-13
      3871.82  2.17600e-13
      3873.56  1.16300e-13
      3875.30  1.49800e-13
      3877.04  5.45500e-14
      3878.79  2.68800e-13
      3880.53  1.29300e-13
      3882.27  1.53600e-13
      3884.01  1.61800e-13
      3885.75  2.00300e-13
      3887.49  5.09000e-13
      3889.23  2.31100e-12
      3890.97  1.30700e-12
      3892.71  3.04300e-13
      3894.45  2.18900e-13
      3896.19  1.76900e-13
      3897.94  1.13200e-13
      3899.68  2.11700e-13
      3901.42  2.13600e-13
      3903.16  1.87500e-13
      3904.90  2.51600e-13
      3906.64  4.06600e-13
      3908.38  1.60900e-13
      3910.12  1.33600e-13
      3911.86  1.66400e-13
      3913.60  1.79400e-13
      3915.35  1.84900e-13
      3917.09  1.98700e-13
      3918.83  1.60600e-13
      3920.57  2.06200e-13
      3922.31  1.92700e-13
      3924.05  2.65100e-13
      3925.79  1.24700e-13
      3927.53  2.21100e-13
      3929.28  2.28200e-13
      3931.02  2.23100e-13
      3932.76  6.12900e-13
      3934.50  3.58000e-12
      3936.24  5.41900e-13
      3937.98  2.05800e-13
      3939.72  1.45800e-13
      3941.46  1.47000e-13
      3943.21  1.43000e-13
      3944.95  1.99000e-13
      3946.69  1.43400e-13
      3948.43  1.85700e-13
      3950.17  1.86400e-13
      3951.91  1.66200e-13
      3953.65  1.51500e-13
      3955.40  1.42000e-13
      3957.14  1.74500e-13
      3958.88  1.49100e-13
      3960.62  1.28300e-13
      3962.36  2.15900e-13
      3964.10  2.08900e-13
      3965.85  2.66000e-13
      3967.59  7.58000e-13
      3969.33  4.03100e-12
      3971.07  3.20000e-12
      3972.81  7.62100e-13
      3974.55  3.08000e-13
      3976.30  2.26700e-13
      3978.04  2.29200e-13
      3979.78  1.81700e-13
      3981.52  1.33500e-13
      3983.26  1.69800e-13
      3985.00  1.46300e-13
      3986.75  1.92200e-13
      3988.49  1.55800e-13
      3990.23  1.96100e-13
      3991.97  1.74800e-13
      3993.71  1.68200e-13
      3995.45  1.93100e-13
      3997.20  1.86900e-13
      3998.94  1.78100e-13
      4000.68  1.58700e-13
      4002.42  1.67800e-13
      4004.16  1.97900e-13
      4005.91  2.13600e-13
      4007.65  2.11200e-13
      4009.39  2.07900e-13
      4011.13  1.90400e-13
      4012.87  1.78200e-13
      4014.62  2.00300e-13
      4016.36  1.88000e-13
      4018.10  1.88300e-13
      4019.84  2.03200e-13
      4021.58  2.05100e-13
      4023.33  1.87800e-13
      4025.07  1.98000e-13
      4026.81  3.99400e-13
      4028.55  2.15700e-13
      4030.30  2.11900e-13
      4032.04  2.07500e-13
      4033.78  2.29700e-13
      4035.52  1.97100e-13
      4037.26  1.70200e-13
      4039.01  1.60500e-13
      4040.75  2.09300e-13
      4042.49  1.57500e-13
      4044.23  2.33600e-13
      4045.98  2.37400e-13
      4047.72  1.92500e-13
      4049.46  2.36200e-13
      4051.20  1.93400e-13
      4052.95  2.06700e-13
      4054.69  2.28100e-13
      4056.43  2.21700e-13
      4058.17  2.29700e-13
      4059.91  2.10700e-13
      4061.66  2.02200e-13
      4063.40  2.93600e-13
      4065.14  1.78000e-13
      4066.88  2.09700e-13
      4068.63  2.28300e-13
      4070.37  2.28400e-13
      4072.11  2.30300e-13
      4073.85  1.93700e-13
      4075.60  2.00800e-13
      4077.34  2.65400e-13
      4079.08  3.08400e-13
      4080.83  2.03900e-13
      4082.57  1.96800e-13
      4084.31  1.83100e-13
      4086.05  2.53400e-13
      4087.80  2.22000e-13
      4089.54  2.40500e-13
      4091.28  2.04800e-13
      4093.02  2.26100e-13
      4094.77  2.49800e-13
      4096.51  2.61500e-13
      4098.25  3.11900e-13
      4100.00  6.59400e-13
      4101.74  3.33900e-12
      4103.48  2.37700e-12
      4105.22  5.73000e-13
      4106.97  3.42700e-13
      4108.71  2.57600e-13
      4110.45  2.28900e-13
      4112.20  2.53600e-13
      4113.94  2.40200e-13
      4115.68  2.22900e-13
      4117.42  2.45100e-13
      4119.17  2.44200e-13
      4120.91  2.45200e-13
      4122.65  2.40000e-13
      4124.40  2.48100e-13
      4126.14  2.55200e-13
      4127.88  2.10400e-13
      4129.63  2.43800e-13
      4131.37  2.48000e-13
      4133.11  2.51600e-13
      4134.85  2.31600e-13
      4136.60  2.25300e-13
      4138.34  2.47100e-13
      4140.08  2.36200e-13
      4141.83  2.17900e-13
      4143.57  2.57700e-13
      4145.31  2.62900e-13
      4147.06  2.27100e-13
      4148.80  2.60700e-13
      4150.54  2.26000e-13
      4152.29  2.70500e-13
      4154.03  2.69100e-13
      4155.77  2.40000e-13
      4157.52  2.60000e-13
      4159.26  2.61800e-13
      4161.00  2.56300e-13
      4162.75  2.40800e-13
      4164.49  2.29900e-13
      4166.23  2.11300e-13
      4167.98  2.49700e-13
      4169.72  2.38100e-13
      4171.46  2.52200e-13
      4173.21  2.70500e-13
      4174.95  2.56800e-13
      4176.69  2.43800e-13
      4178.44  2.77400e-13
      4180.18  2.92900e-13
      4181.93  2.44300e-13
      4183.67  2.52700e-13
      4185.41  2.47000e-13
      4187.16  2.33200e-13
      4188.90  2.85700e-13
      4190.64  2.15200e-13
      4192.39  2.74900e-13
      4194.13  2.15400e-13
      4195.87  2.52000e-13
      4197.62  2.32600e-13
      4199.36  2.88900e-13
      4201.11  2.32900e-13
      4202.85  2.92200e-13
      4204.59  2.03900e-13
      4206.34  2.54600e-13
      4208.08  2.36100e-13
      4209.82  1.97000e-13
      4211.57  2.32200e-13
      4213.31  2.16300e-13
      4215.06  2.49800e-13
      4216.80  2.94100e-13
      4218.54  1.70100e-13
      4220.29  1.42400e-13
      4222.03  1.54300e-13
      4223.78  1.41800e-13
      4225.52  1.19000e-13
      4227.26  3.36100e-13
      4229.01  1.07800e-13
      4230.75  1.07400e-13
      4232.50  1.53400e-13
      4234.24  3.02800e-13
      4235.98  1.87300e-13
      4237.73  1.85100e-13
      4239.47  2.05200e-13
      4241.22  1.74900e-13
      4242.96  1.61600e-13
      4244.70  1.94800e-13
      4246.45  2.02300e-13
      4248.19  2.29400e-13
      4249.94  2.10300e-13
      4251.68  2.57900e-13
      4253.43  2.27400e-13
      4255.17  2.31600e-13
      4256.91  2.09700e-13
      4258.66  1.99000e-13
      4260.40  2.14800e-13
      4262.15  2.37400e-13
      4263.89  2.17300e-13
      4265.64  2.19700e-13
      4267.38  2.46300e-13
      4269.12  2.32500e-13
      4270.87  2.22000e-13
      4272.61  2.90900e-13
      4274.36  2.14600e-13
      4276.10  2.14600e-13
      4277.85  2.04200e-13
      4279.59  2.16200e-13
      4281.33  2.36500e-13
      4283.08  2.50000e-13
      4284.82  2.18200e-13
      4286.57  2.64600e-13
      4288.31  2.13800e-13
      4290.06  2.86800e-13
      4291.80  2.41600e-13
      4293.55  2.50000e-13
      4295.29  3.03900e-13
      4297.04  2.34200e-13
      4298.78  2.39200e-13
      4300.52  2.94000e-13
      4302.27  2.48800e-13
      4304.01  2.99600e-13
      4305.76  2.61800e-13
      4307.50  2.52300e-13
      4309.25  2.66400e-13
      4310.99  2.31100e-13
      4312.74  2.93400e-13
      4314.48  2.85200e-13
      4316.23  2.62800e-13
      4317.97  2.16000e-13
      4319.72  2.05800e-13
      4321.46  2.52600e-13
      4323.21  2.68800e-13
      4324.95  2.38400e-13
      4326.70  3.09900e-13
      4328.44  2.94700e-13
      4330.19  2.90600e-13
      4331.93  3.09400e-13
      4333.68  2.93800e-13
      4335.42  3.52700e-13
      4337.17  4.64900e-13
      4338.91  9.81500e-13
      4340.66  4.75700e-12
      4342.40  2.44700e-12
      4344.15  6.76000e-13
      4345.89  3.78100e-13
      4347.64  3.20900e-13
      4349.38  3.24700e-13
      4351.13  3.23500e-13
      4352.87  3.81900e-13
      4354.62  2.66700e-13
      4356.36  2.42500e-13
      4358.11  2.82000e-13
      4359.85  2.61200e-13
      4361.60  2.35500e-13
      4363.34  2.68500e-13
      4365.09  2.87100e-13
      4366.83  2.82100e-13
      4368.58  2.76700e-13
      4370.32  3.05600e-13
      4372.07  2.75500e-13
      4373.81  2.76300e-13
      4375.56  3.37200e-13
      4377.30  3.26900e-13
      4379.05  3.17500e-13
      4380.80  2.47600e-13
      4382.54  2.93000e-13
      4384.29  3.44000e-13
      4386.03  3.33600e-13
      4387.78  3.31700e-13
      4389.52  3.37400e-13
      4391.27  3.09700e-13
      4393.01  2.99300e-13
      4394.76  3.08100e-13
      4396.50  3.10600e-13
      4398.25  3.20700e-13
      4400.00  3.25700e-13
      4401.74  3.08600e-13
      4403.49  3.18600e-13
      4405.23  3.31700e-13
      4406.98  3.07000e-13
      4408.72  2.88100e-13
      4410.47  3.14700e-13
      4412.21  3.07200e-13
      4413.96  3.58300e-13
      4415.71  3.68500e-13
      4417.45  3.84100e-13
      4419.20  3.59800e-13
      4420.94  3.26400e-13
      4422.69  3.55400e-13
      4424.44  3.17000e-13
      4426.18  2.63000e-13
      4427.93  3.39800e-13
      4429.67  3.14100e-13
      4431.42  3.64200e-13
      4433.16  3.83600e-13
      4434.91  3.08800e-13
      4436.66  2.97200e-13
      4438.40  3.41500e-13
      4440.15  5.15100e-13
