      1003.60  4.66099e-14
      1007.00  2.23173e-13
      1008.20  3.56591e-13
      1011.80  3.89958e-13
      1013.00  8.77577e-14
      1015.40  2.34447e-13
      1016.60  4.11829e-13
      1017.60  1.26764e-13
      1018.80  1.08471e-13
      1023.60  6.74452e-14
      1024.80  1.47411e-14
      1026.00  1.15761e-13
      1027.20  1.03443e-13
      1029.40  3.77355e-14
      1030.60  1.64386e-13
      1035.40  1.85941e-13
      1036.60  9.66013e-14
      1044.80  1.16175e-13
      1046.00  3.75544e-14
      1048.40  7.37876e-14
      1050.80  3.19660e-13
      1052.00  3.05302e-13
      1053.00  7.10497e-14
      1056.60  3.79640e-13
      1057.80  2.62706e-13
      1063.80  2.87169e-15
      1069.60  1.16841e-13
      1072.00  2.26575e-14
      1076.60  8.32194e-15
      1079.00  4.28648e-14
      1080.20  7.14304e-14
      1083.80  7.45262e-14
      1086.20  3.59370e-14
      1088.40  8.17351e-14
      1089.60  3.23753e-13
      1094.40  4.81297e-14
      1095.60  1.58119e-13
      1098.00  3.17349e-14
      1099.20  7.29388e-14
      1103.80  1.65621e-13
      1105.00  2.82256e-14
      1106.20  2.27746e-14
      1108.60  6.49215e-14
      1112.00  8.25671e-14
      1113.20  1.01257e-13
      1114.40  5.87620e-15
      1115.60  1.81822e-13
      1116.80  2.27186e-13
      1118.00  1.80438e-13
      1119.20  1.92035e-13
      1120.40  2.17298e-13
      1121.60  5.69589e-14
      1122.60  7.78855e-14
      1125.00  5.21272e-14
      1129.80  3.15185e-14
      1132.20  2.71124e-14
      1133.40  1.34289e-14
      1134.40  2.61398e-13
      1135.60  9.49924e-14
      1136.80  2.07422e-13
      1138.00  9.09847e-14
      1139.20  1.99116e-13
      1140.40  1.98611e-13
      1141.60  4.63893e-13
      1142.80  2.72203e-13
      1144.00  4.12906e-13
      1145.20  4.49767e-13
      1146.20  6.97516e-13
      1147.40  5.76986e-13
      1148.60  8.67288e-13
      1149.80  8.69733e-13
      1151.00  1.36043e-13
      1152.20  1.46910e-13
      1153.40  1.50011e-13
      1154.60  1.42022e-13
      1155.80  1.43218e-13
      1157.00  1.88986e-13
      1158.00  2.15105e-13
      1159.20  1.94858e-13
      1160.40  2.77802e-13
      1161.60  4.08002e-13
      1162.80  2.84106e-13
      1164.00  1.98345e-13
      1165.20  1.82259e-13
      1166.40  2.05057e-13
      1167.60  1.88462e-13
      1168.80  2.03649e-13
      1169.80  2.06766e-13
      1171.00  2.72525e-13
      1172.20  4.47307e-13
      1173.40  6.48287e-13
      1174.60  7.22717e-13
      1175.80  7.27698e-13
      1177.00  5.43132e-13
      1178.20  3.65995e-13
      1179.40  2.70196e-13
      1180.60  2.19213e-13
      1181.60  1.91250e-13
      1182.80  1.73867e-13
      1184.00  1.88831e-13
      1185.20  1.75107e-13
      1186.40  1.62641e-13
      1187.60  1.92727e-13
      1188.80  1.85964e-13
      1190.00  1.76467e-13
      1191.20  1.86200e-13
      1192.40  1.86200e-13
      1193.40  1.86200e-13
      1194.60  1.86200e-13
      1195.80  1.86200e-13
      1197.00  1.86200e-13
      1198.20  1.86200e-13
      1199.40  1.86200e-13
      1200.91  1.86200e-13
      1202.61  1.86200e-13
      1204.41  1.85627e-13
      1206.11  1.08837e-12
      1207.91  1.85627e-13
      1209.61  1.85627e-13
      1211.41  1.85627e-13
      1213.11  4.77565e-13
      1214.91  6.00075e-12
      1216.61  6.64810e-12
      1218.41  7.74724e-13
      1220.11  1.86200e-13
      1221.91  1.86200e-13
      1223.61  1.86200e-13
      1225.41  1.86200e-13
      1227.11  1.86200e-13
      1228.91  1.86200e-13
      1231.20  1.94093e-13
      1232.40  1.98805e-13
      1233.60  2.02880e-13
      1234.80  1.96771e-13
      1236.00  2.32808e-13
      1237.20  2.56878e-13
      1238.40  2.39759e-13
      1239.40  2.47957e-13
      1240.60  2.53417e-13
      1241.80  2.47835e-13
      1243.00  2.27703e-13
      1244.20  2.40250e-13
      1245.40  2.46023e-13
      1246.60  2.49374e-13
      1247.80  2.57856e-13
      1249.00  2.28471e-13
      1250.20  2.18716e-13
      1251.20  2.11013e-13
      1252.40  2.02300e-13
      1253.60  2.01352e-13
      1254.80  1.96048e-13
      1256.00  2.25122e-13
      1257.20  2.09030e-13
      1258.40  1.90610e-13
      1259.60  1.92320e-13
      1260.80  2.05806e-13
      1262.00  2.36077e-13
      1263.00  2.24745e-13
      1264.20  2.23459e-13
      1265.40  2.08526e-13
      1266.60  2.15206e-13
      1267.80  2.34359e-13
      1269.00  2.24979e-13
      1270.20  2.18401e-13
      1271.40  2.04220e-13
      1272.60  2.06773e-13
      1273.80  2.33749e-13
      1274.80  2.28368e-13
      1276.00  2.06958e-13
      1277.20  2.18553e-13
      1278.40  2.08242e-13
      1279.60  2.33988e-13
      1280.80  2.08092e-13
      1282.00  2.21368e-13
      1283.20  2.18037e-13
      1284.40  2.16576e-13
      1285.60  2.31690e-13
      1286.60  2.34410e-13
      1287.80  2.51935e-13
      1289.00  2.31201e-13
      1290.20  2.71596e-13
      1291.40  2.37710e-13
      1292.60  2.47456e-13
      1293.80  2.63241e-13
      1295.00  2.88124e-13
      1296.20  3.14832e-13
      1297.40  3.38881e-13
      1298.40  3.26371e-13
      1299.60  2.89334e-13
      1300.80  3.08279e-13
      1302.00  3.06070e-13
      1303.20  3.22609e-13
      1304.40  2.75664e-13
      1305.60  2.45071e-13
      1306.80  2.50553e-13
      1308.00  2.34207e-13
      1309.20  2.07730e-13
      1310.20  2.37607e-13
      1311.40  2.64721e-13
      1312.60  2.34071e-13
      1313.80  2.31339e-13
      1315.00  2.26717e-13
      1316.20  2.30059e-13
      1317.40  2.28334e-13
      1318.60  2.07364e-13
      1319.80  2.35283e-13
      1320.80  2.11245e-13
      1322.00  2.17427e-13
      1323.20  2.33847e-13
      1324.40  2.37351e-13
      1325.60  2.36336e-13
      1326.80  2.33649e-13
      1328.00  2.08886e-13
      1329.20  2.40274e-13
      1330.40  2.37877e-13
      1331.60  2.55943e-13
      1332.60  3.40373e-13
      1333.80  3.96059e-13
      1335.00  4.32730e-13
      1336.20  4.28359e-13
      1337.40  3.88651e-13
      1338.60  3.07088e-13
      1339.80  2.47999e-13
      1341.00  2.02144e-13
      1342.20  2.31921e-13
      1343.40  2.40741e-13
      1344.40  2.18488e-13
      1345.60  2.33949e-13
      1346.80  2.13696e-13
      1348.00  2.26583e-13
      1349.20  2.08087e-13
      1350.40  1.91755e-13
      1351.60  2.07763e-13
      1352.80  2.13207e-13
      1354.00  2.25760e-13
      1355.20  2.40060e-13
      1356.20  2.25441e-13
      1357.40  2.05882e-13
      1358.60  2.05502e-13
      1359.80  2.09665e-13
      1361.00  2.12905e-13
      1362.20  2.06060e-13
      1363.40  2.17714e-13
      1364.60  2.29503e-13
      1365.80  2.34620e-13
      1367.00  2.25150e-13
      1368.00  2.14437e-13
      1369.20  2.20782e-13
      1370.40  2.02753e-13
      1371.60  2.16110e-13
      1372.80  2.48930e-13
      1374.00  2.24801e-13
      1375.20  2.07828e-13
      1376.40  1.90942e-13
      1377.60  2.16267e-13
      1378.80  2.21578e-13
      1379.80  1.99492e-13
      1381.00  2.17343e-13
      1382.20  2.35292e-13
      1383.40  1.99378e-13
      1384.60  2.05712e-13
      1385.80  2.13121e-13
      1387.00  2.12506e-13
      1388.20  2.34885e-13
      1389.40  2.56185e-13
      1390.60  3.04564e-13
      1391.60  3.95319e-13
      1392.80  4.88548e-13
      1394.00  5.01910e-13
      1395.20  4.51741e-13
      1396.40  3.44376e-13
      1397.60  2.77438e-13
      1398.80  2.87269e-13
      1400.00  3.24837e-13
      1401.20  3.93011e-13
      1402.40  3.95246e-13
      1403.40  3.85215e-13
      1404.60  3.74628e-13
      1405.80  2.82988e-13
      1407.00  2.39458e-13
      1408.20  2.22996e-13
      1409.40  2.41874e-13
      1410.60  2.07223e-13
      1411.80  2.00648e-13
      1413.00  2.18358e-13
      1414.00  2.23522e-13
      1415.20  2.21983e-13
      1416.40  2.31391e-13
      1417.60  2.29161e-13
      1418.80  2.28437e-13
      1420.00  2.10625e-13
      1421.20  2.07840e-13
      1422.40  2.30427e-13
      1423.60  2.20144e-13
      1424.80  2.23250e-13
      1425.80  2.19058e-13
      1427.00  2.06483e-13
      1428.20  2.12340e-13
      1429.40  2.16049e-13
      1430.60  2.24588e-13
      1431.80  2.16920e-13
      1433.00  2.37896e-13
      1434.20  2.12963e-13
      1435.40  2.04499e-13
      1436.60  2.08618e-13
      1437.60  2.08558e-13
      1438.80  2.07307e-13
      1440.00  2.08797e-13
      1441.20  2.00514e-13
      1442.40  2.09960e-13
      1443.60  2.16627e-13
      1444.80  2.25746e-13
      1446.00  2.18541e-13
      1447.20  2.19732e-13
      1448.40  2.16780e-13
      1449.40  2.18344e-13
      1450.60  2.37268e-13
      1451.80  2.21141e-13
      1453.00  2.04488e-13
      1454.20  2.05007e-13
      1455.40  2.20202e-13
      1456.60  2.20456e-13
      1457.80  2.36305e-13
      1459.00  2.26201e-13
      1460.20  2.17432e-13
      1461.20  2.20827e-13
      1462.40  2.27202e-13
      1463.60  2.11542e-13
      1464.80  2.20208e-13
      1466.00  2.38185e-13
      1467.20  2.28458e-13
      1468.40  2.36108e-13
      1469.60  2.47174e-13
      1470.80  2.37494e-13
      1472.00  2.21995e-13
      1473.00  2.28689e-13
      1474.20  2.40600e-13
      1475.40  2.31844e-13
      1476.60  2.37193e-13
      1477.80  2.39270e-13
      1479.00  2.23949e-13
      1480.20  2.34437e-13
      1481.40  2.49002e-13
      1482.60  2.27433e-13
      1483.80  2.33069e-13
      1484.80  2.49938e-13
      1486.00  2.42668e-13
      1487.20  2.61188e-13
      1488.40  2.42879e-13
      1489.60  2.53150e-13
      1490.80  2.33594e-13
      1492.00  2.36068e-13
      1493.20  2.39092e-13
      1494.40  2.51378e-13
      1495.60  2.50875e-13
      1496.60  2.46098e-13
      1497.80  2.51244e-13
      1499.00  2.52694e-13
      1500.20  2.58678e-13
      1501.40  2.58394e-13
      1502.60  2.59874e-13
      1503.80  2.33027e-13
      1505.00  2.36171e-13
      1506.20  2.30044e-13
      1507.40  2.33879e-13
      1508.40  2.27239e-13
      1509.60  2.22500e-13
      1510.80  2.32291e-13
      1512.00  2.40191e-13
      1513.20  2.22476e-13
      1514.40  2.04084e-13
      1515.60  2.05868e-13
      1516.80  2.04175e-13
      1518.00  2.24512e-13
      1519.00  2.49686e-13
      1520.20  2.35365e-13
      1521.40  2.30582e-13
      1522.60  2.36714e-13
      1523.80  2.43356e-13
      1525.00  2.67837e-13
      1526.20  2.41869e-13
      1527.40  2.28503e-13
      1528.60  2.52428e-13
      1529.80  2.67130e-13
      1530.80  2.51101e-13
      1532.00  2.44484e-13
      1533.20  2.39183e-13
      1534.40  2.52936e-13
      1535.60  2.34533e-13
      1536.80  2.34533e-13
      1538.00  2.34533e-13
      1539.20  2.34533e-13
      1540.40  2.34533e-13
      1541.60  2.34533e-13
      1542.60  2.34533e-13
      1543.80  2.34533e-13
      1545.00  2.34533e-13
      1546.20  2.59912e-13
      1547.40  3.06904e-13
      1548.60  3.26996e-13
      1549.80  3.26712e-13
      1551.00  3.06341e-13
      1552.20  2.84038e-13
      1553.40  2.34958e-13
      1554.40  2.34533e-13
      1555.60  2.34533e-13
      1556.80  2.34533e-13
      1558.00  2.34533e-13
      1559.20  2.34533e-13
      1560.40  2.34533e-13
      1561.60  2.34533e-13
      1562.80  2.34533e-13
      1564.00  2.34533e-13
      1565.20  2.57414e-13
      1566.20  2.61862e-13
      1567.40  2.58558e-13
      1568.60  2.48018e-13
      1569.80  2.49200e-13
      1571.00  2.43570e-13
      1572.20  2.24469e-13
      1573.40  2.39439e-13
      1574.60  2.32618e-13
      1575.80  2.44493e-13
      1577.00  2.51556e-13
      1578.00  2.61900e-13
      1579.20  2.55462e-13
      1580.40  2.69733e-13
      1581.60  2.56324e-13
      1582.80  2.45647e-13
      1584.00  2.46058e-13
      1585.20  2.48185e-13
      1586.40  2.53561e-13
      1587.60  2.37924e-13
      1588.80  2.43511e-13
      1589.80  2.39869e-13
      1591.00  2.38558e-13
      1592.20  2.39973e-13
      1593.40  2.39157e-13
      1594.60  2.51112e-13
      1595.80  2.52078e-13
      1597.00  2.43988e-13
      1598.20  2.31719e-13
      1599.40  2.39002e-13
      1600.60  2.40591e-13
      1601.60  2.24523e-13
      1602.80  2.45586e-13
      1604.00  2.45346e-13
      1605.20  2.33682e-13
      1606.40  2.27758e-13
      1607.60  2.37579e-13
      1608.80  2.60586e-13
      1610.00  2.40433e-13
      1611.20  2.29261e-13
      1612.40  2.23221e-13
      1613.40  2.28503e-13
      1614.60  2.44543e-13
      1615.80  2.34458e-13
      1617.00  2.14200e-13
      1618.20  2.18083e-13
      1619.40  2.38478e-13
      1620.60  2.51970e-13
      1621.80  2.45574e-13
      1623.00  2.34603e-13
      1624.00  2.38469e-13
      1625.20  2.31383e-13
      1626.40  2.29195e-13
      1627.60  2.35788e-13
      1628.80  2.22014e-13
      1630.00  2.25610e-13
      1631.20  2.34487e-13
      1632.40  2.38349e-13
      1633.60  2.45605e-13
      1634.80  2.59618e-13
      1635.80  2.64143e-13
      1637.00  2.63906e-13
      1638.20  3.17628e-13
      1639.40  3.32050e-13
      1640.60  3.47248e-13
      1641.80  3.44308e-13
      1643.00  3.06568e-13
      1644.20  2.70438e-13
      1645.40  2.41538e-13
      1646.60  2.37703e-13
      1647.60  2.38171e-13
      1648.80  2.42438e-13
      1650.00  2.14069e-13
      1651.20  2.17338e-13
      1652.40  2.43314e-13
      1653.60  2.34970e-13
      1654.80  2.42922e-13
      1656.00  2.60184e-13
      1657.20  2.73469e-13
      1658.40  2.74458e-13
      1659.40  2.65852e-13
      1660.60  2.52351e-13
      1661.80  2.48204e-13
      1663.00  2.46878e-13
      1664.20  2.37123e-13
      1665.40  2.44392e-13
      1666.60  2.40570e-13
      1667.80  2.32382e-13
      1669.00  2.32391e-13
      1670.20  2.19617e-13
      1671.20  2.26473e-13
      1672.40  2.37087e-13
      1673.60  2.40337e-13
      1674.80  2.43316e-13
      1676.00  2.34614e-13
      1677.20  2.34366e-13
      1678.40  2.37910e-13
      1679.60  2.19177e-13
      1680.80  2.24399e-13
      1682.00  2.34055e-13
      1683.00  2.31896e-13
      1684.20  2.27536e-13
      1685.40  2.21120e-13
      1686.60  2.13395e-13
      1687.80  2.27815e-13
      1689.00  2.38542e-13
      1690.20  2.29318e-13
      1691.40  2.32924e-13
      1692.60  2.39545e-13
      1693.80  2.43629e-13
      1694.80  2.54902e-13
      1696.00  2.41256e-13
      1697.20  2.26685e-13
      1698.40  2.34552e-13
      1699.60  2.41211e-13
      1700.80  2.35339e-13
      1702.00  2.39679e-13
      1703.20  2.24068e-13
      1704.40  2.23025e-13
      1705.60  2.29652e-13
      1706.60  2.30180e-13
      1707.80  2.29216e-13
      1709.00  2.17733e-13
      1710.20  2.20550e-13
      1711.40  2.33544e-13
      1712.60  2.38678e-13
      1713.80  2.34381e-13
      1715.00  2.39916e-13
      1716.20  2.41446e-13
      1717.40  2.32285e-13
      1718.40  2.43770e-13
      1719.60  2.54973e-13
      1720.80  2.46961e-13
      1722.00  2.36178e-13
      1723.20  2.24890e-13
      1724.40  2.26552e-13
      1725.60  2.37153e-13
      1726.80  2.33625e-13
      1728.00  2.32749e-13
      1729.00  2.36787e-13
      1730.20  2.30358e-13
      1731.40  2.30988e-13
      1732.60  2.22817e-13
      1733.80  2.21145e-13
      1735.00  2.27041e-13
      1736.20  2.38488e-13
      1737.40  2.38718e-13
      1738.60  2.33941e-13
      1739.80  2.39945e-13
      1740.80  2.35574e-13
      1742.00  2.26946e-13
      1743.20  2.26299e-13
      1744.40  2.31174e-13
      1745.60  2.33999e-13
      1746.80  2.44009e-13
      1748.00  2.52245e-13
      1749.20  2.45365e-13
      1750.40  2.43521e-13
      1751.60  2.43986e-13
      1752.60  2.37315e-13
      1753.80  2.45466e-13
      1755.00  2.49451e-13
      1756.20  2.46512e-13
      1757.40  2.49752e-13
      1758.60  2.48011e-13
      1759.80  2.35165e-13
      1761.00  2.27080e-13
      1762.20  2.42546e-13
      1763.40  2.51399e-13
      1764.40  2.47515e-13
      1765.60  2.38652e-13
      1766.80  2.46209e-13
      1768.00  2.47954e-13
      1769.20  2.42712e-13
      1770.40  2.41136e-13
      1771.60  2.36860e-13
      1772.80  2.41209e-13
      1774.00  2.46531e-13
      1775.20  2.49059e-13
      1776.20  2.50130e-13
      1777.40  2.47221e-13
      1778.60  2.42146e-13
      1779.80  2.41559e-13
      1781.00  2.35447e-13
      1782.20  2.42858e-13
      1783.40  2.44501e-13
      1784.60  2.49324e-13
      1785.80  2.50267e-13
      1787.00  2.47470e-13
      1788.00  2.33740e-13
      1789.20  2.21990e-13
      1790.40  1.99680e-13
      1791.60  1.69646e-13
      1792.80  1.58035e-13
      1794.00  1.75524e-13
      1795.20  1.98151e-13
      1796.40  2.14926e-13
      1797.60  2.27957e-13
      1798.80  2.35607e-13
      1799.80  2.35135e-13
      1801.00  2.42301e-13
      1802.20  2.43178e-13
      1803.40  2.42055e-13
      1804.60  2.37635e-13
      1805.80  2.45981e-13
      1807.00  2.47666e-13
      1808.20  2.51354e-13
      1809.40  2.47858e-13
      1810.60  2.46000e-13
      1811.60  2.38330e-13
      1812.80  2.34609e-13
      1814.00  2.35492e-13
      1815.20  2.40647e-13
      1816.40  2.41559e-13
      1817.60  2.52090e-13
      1818.80  2.47095e-13
      1820.00  2.42423e-13
      1821.20  2.35175e-13
      1822.40  2.34701e-13
      1823.40  2.36136e-13
      1824.60  2.39919e-13
      1825.80  2.41343e-13
      1827.00  2.44291e-13
      1828.20  2.43246e-13
      1829.40  2.37593e-13
      1830.60  2.30267e-13
      1831.80  2.29614e-13
      1833.00  2.23878e-13
      1834.00  2.22554e-13
      1835.20  2.23771e-13
      1836.40  2.27628e-13
      1837.60  2.27173e-13
      1838.80  2.27746e-13
      1840.00  2.29439e-13
      1841.20  2.26384e-13
      1842.40  2.30556e-13
      1843.60  2.32452e-13
      1844.80  2.26927e-13
      1845.80  2.27778e-13
      1847.00  2.29400e-13
      1848.20  2.32712e-13
      1849.40  2.28964e-13
      1850.60  2.35981e-13
      1851.80  2.39710e-13
      1853.00  2.43791e-13
      1854.20  2.42720e-13
      1855.40  2.42665e-13
      1856.60  2.40642e-13
      1857.60  2.44458e-13
      1858.80  2.45985e-13
      1860.00  2.45476e-13
      1861.20  2.42870e-13
      1862.40  2.45593e-13
      1863.60  2.39174e-13
      1864.80  2.41216e-13
      1866.00  2.35433e-13
      1867.20  2.28541e-13
      1868.40  2.20090e-13
      1869.40  2.27147e-13
      1870.60  2.24997e-13
      1871.80  2.30943e-13
      1873.00  2.29972e-13
      1874.20  2.29813e-13
      1875.40  2.26232e-13
      1876.60  2.27626e-13
      1877.80  2.22006e-13
      1879.00  2.21696e-13
      1880.20  2.21876e-13
      1881.20  2.28436e-13
      1882.40  2.27007e-13
      1883.60  2.30406e-13
      1884.80  2.24320e-13
      1886.00  2.26222e-13
      1887.20  2.23915e-13
      1888.40  2.28986e-13
      1889.60  2.25024e-13
      1890.80  2.29186e-13
      1892.00  2.30551e-13
      1893.00  2.34463e-13
      1894.20  2.32289e-13
      1895.40  2.33125e-13
      1896.60  2.32375e-13
      1897.80  2.31340e-13
      1899.00  2.27706e-13
      1900.20  2.29407e-13
      1901.40  2.27294e-13
      1902.60  2.26085e-13
      1903.80  2.20608e-13
      1904.80  2.20521e-13
      1906.00  2.19381e-13
      1907.20  2.25813e-13
      1908.40  2.26556e-13
      1909.60  2.28863e-13
      1910.80  2.26069e-13
      1912.00  2.27620e-13
      1913.20  2.28256e-13
      1914.40  2.29965e-13
      1915.60  2.29402e-13
      1916.60  2.33047e-13
      1917.80  2.28024e-13
      1919.00  2.26031e-13
      1920.20  2.21205e-13
      1921.40  2.22152e-13
      1922.60  2.26772e-13
      1923.80  2.28574e-13
      1925.00  2.25371e-13
      1926.20  2.29124e-13
      1927.40  2.34705e-13
      1928.40  2.35699e-13
      1929.60  2.36190e-13
      1930.80  2.33781e-13
      1932.00  2.29935e-13
      1933.20  2.30483e-13
      1934.40  2.23985e-13
      1935.60  2.26216e-13
      1936.80  2.20898e-13
      1938.00  2.22353e-13
      1939.00  2.20611e-13
      1940.20  2.24401e-13
      1941.40  2.22472e-13
      1942.60  2.22011e-13
      1943.80  2.20558e-13
      1945.00  2.18161e-13
      1946.20  2.18825e-13
      1947.40  2.18386e-13
      1948.60  2.19569e-13
      1949.80  2.19838e-13
      1950.80  2.20857e-13
      1952.00  2.24770e-13
      1953.20  2.25664e-13
      1954.40  2.29143e-13
      1955.60  2.29738e-13
      1956.80  2.31084e-13
      1958.00  2.26354e-13
      1959.20  2.27525e-13
      1960.40  2.28042e-13
      1961.60  2.27540e-13
      1962.60  2.26781e-13
      1963.80  2.27515e-13
      1965.00  2.26497e-13
      1966.20  2.21810e-13
      1967.40  2.17787e-13
      1968.60  2.15817e-13
      1969.80  2.17744e-13
      1971.00  2.17469e-13
      1972.20  2.14111e-13
      1973.40  2.14761e-13
      1974.40  2.15325e-13
      1975.60  2.18564e-13
      1976.80  2.19512e-13
      1978.00  2.21824e-13
      1979.20  2.20987e-13
      1980.40  2.21829e-13
      1981.60  2.22799e-13
      1982.80  2.28140e-13
      2000.40  2.14746e-13
      2002.20  2.14473e-13
      2004.20  2.11104e-13
      2006.00  2.11329e-13
      2009.80  2.10716e-13
      2011.60  2.01549e-13
      2013.60  1.98459e-13
      2015.40  2.02498e-13
      2017.20  2.03402e-13
      2019.20  2.08286e-13
      2021.00  2.07211e-13
      2022.80  1.99661e-13
      2024.80  1.96366e-13
      2026.60  1.96135e-13
      2028.40  2.05568e-13
      2030.40  1.98250e-13
      2032.20  1.92923e-13
      2034.00  1.97002e-13
      2036.00  2.00846e-13
      2037.80  2.06827e-13
      2039.60  2.15161e-13
      2041.60  2.13804e-13
      2043.40  2.12061e-13
      2045.40  2.20038e-13
      2047.20  2.19887e-13
      2049.00  2.18063e-13
      2051.00  2.28684e-13
      2052.80  2.32729e-13
      2054.60  2.24901e-13
      2056.60  2.20148e-13
      2058.40  2.22237e-13
      2060.20  2.30199e-13
      2062.20  2.38706e-13
      2064.00  2.38434e-13
      2065.80  2.32881e-13
      2067.80  2.26207e-13
      2069.60  2.24490e-13
      2071.40  2.19446e-13
      2073.40  2.25153e-13
      2075.20  2.24806e-13
      2077.00  2.16767e-13
      2079.00  2.08821e-13
      2080.80  2.05780e-13
      2082.60  2.10234e-13
      2084.60  2.03151e-13
      2086.40  1.94150e-13
      2088.40  1.90411e-13
      2090.20  1.81834e-13
      2092.00  1.81697e-13
      2094.00  1.97889e-13
      2095.80  2.11229e-13
      2097.60  2.08005e-13
      2099.60  2.02760e-13
      2101.40  2.03253e-13
      2103.20  2.08088e-13
      2105.20  2.21737e-13
      2107.00  2.29486e-13
      2108.80  2.40081e-13
      2110.80  2.51390e-13
      2112.60  2.57945e-13
      2114.40  2.53995e-13
      2116.40  2.57797e-13
      2118.20  2.65802e-13
      2120.00  2.75107e-13
      2122.00  2.75823e-13
      2123.80  2.76869e-13
      2125.60  2.87995e-13
      2127.60  2.89026e-13
      2129.40  2.92778e-13
      2131.40  2.97372e-13
      2133.20  2.87743e-13
      2135.00  2.79933e-13
      2137.00  2.79858e-13
      2138.80  2.78824e-13
      2140.60  2.82160e-13
      2142.60  2.79968e-13
      2144.40  2.71430e-13
      2146.20  2.67896e-13
      2148.20  2.69545e-13
      2150.00  2.68006e-13
      2151.80  2.63432e-13
      2153.80  2.59505e-13
      2155.60  2.60715e-13
      2157.40  2.70577e-13
      2159.40  2.80323e-13
      2161.20  2.75213e-13
      2163.00  2.70147e-13
      2165.00  2.66674e-13
      2166.80  2.70835e-13
      2168.60  2.71972e-13
      2170.60  2.73173e-13
      2172.40  2.75516e-13
      2174.40  2.69717e-13
      2176.20  2.66061e-13
      2178.00  2.64456e-13
      2180.00  2.60485e-13
      2181.80  2.61018e-13
      2183.60  2.58462e-13
      2185.60  2.58568e-13
      2187.40  2.55520e-13
      2189.20  2.53018e-13
      2191.20  2.49928e-13
      2193.00  2.52257e-13
      2194.80  2.48511e-13
      2196.80  2.40313e-13
      2198.60  2.27203e-13
      2200.40  2.33520e-13
      2202.40  2.77050e-13
      2204.20  1.79393e-13
      2206.00  4.65267e-13
      2208.00  4.41170e-13
      2209.80  1.84212e-13
      2211.80  3.18542e-13
      2213.60  3.97325e-13
      2215.40  2.10072e-13
      2217.40  1.60697e-13
      2219.20  3.02461e-13
      2221.00  3.74767e-13
      2223.00  2.77642e-13
      2224.80  3.20161e-13
      2226.60  2.98942e-13
      2228.60  2.75283e-13
      2230.40  3.95154e-13
      2232.20  2.42658e-13
      2234.20  3.75333e-13
      2236.00  4.54732e-13
      2237.80  3.78756e-13
      2239.80  2.47557e-13
      2241.60  3.19068e-13
      2243.40  3.45908e-13
      2245.40  3.67584e-13
      2247.20  3.49701e-13
      2249.00  3.10196e-13
      2251.00  4.40624e-13
      2252.80  4.94457e-13
      2254.80  5.88353e-13
      2256.60  4.57962e-13
      2258.40  4.10208e-13
      2260.40  6.45569e-13
      2262.20  6.11892e-13
      2264.00  4.68977e-13
      2266.00  3.99997e-13
      2267.80  4.76771e-13
      2269.60  5.30907e-13
      2271.60  4.88329e-13
      2273.40  3.10638e-13
      2275.20  4.03714e-13
      2277.20  5.57373e-13
      2279.00  4.71254e-13
      2280.80  4.26585e-13
      2282.80  4.79678e-13
      2284.60  2.38377e-13
      2286.40  3.53749e-13
      2288.40  4.70566e-13
      2290.20  3.18439e-13
      2292.00  3.11611e-13
      2294.00  4.33037e-13
      2295.80  4.36217e-13
      2297.80  4.24379e-13
      2299.60  5.64561e-13
      2301.40  6.19009e-13
      2303.40  5.15136e-13
      2305.20  3.75652e-13
      2307.00  3.29036e-13
      2309.00  2.68025e-13
      2310.80  3.80753e-13
      2312.60  2.99522e-13
      2314.60  3.58296e-13
      2316.40  4.17471e-13
      2318.20  3.97156e-13
      2320.20  5.05354e-13
      2322.00  4.01454e-13
      2323.80  3.64283e-13
      2325.80  4.71637e-13
      2327.60  6.27881e-13
      2329.40  6.24103e-13
      2331.40  6.07545e-13
      2333.20  7.24806e-13
      2335.00  6.12467e-13
      2337.00  5.53242e-13
      2338.80  7.51631e-13
      2340.80  8.12663e-13
      2342.60  7.90997e-13
      2344.40  8.86098e-13
      2346.40  8.88575e-13
      2348.20  7.51490e-13
      2350.00  8.06681e-13
      2352.00  7.75407e-13
      2353.80  5.33597e-13
      2355.60  6.00233e-13
      2357.60  6.52096e-13
      2359.40  7.85304e-13
      2361.20  9.57539e-13
      2363.20  8.50208e-13
      2365.00  8.65307e-13
      2366.80  8.43041e-13
      2368.80  8.75845e-13
      2370.60  7.84512e-13
      2372.40  6.46224e-13
      2374.40  5.98301e-13
      2376.20  6.27707e-13
      2378.00  8.96731e-13
      2380.00  1.09787e-12
      2381.80  1.22177e-12
      2383.80  1.18279e-12
      2385.60  1.15624e-12
      2387.40  8.62795e-13
      2389.40  7.34432e-13
      2391.20  7.01032e-13
      2393.00  8.58345e-13
      2395.00  1.01161e-12
      2396.80  9.36740e-13
      2398.60  9.70406e-13
      2400.60  9.80869e-13
      2402.40  9.58951e-13
      2404.20  1.01015e-12
      2406.20  9.73789e-13
      2408.00  1.08924e-12
      2409.80  1.28171e-12
      2411.80  1.01723e-12
      2413.60  9.24745e-13
      2415.40  7.67012e-13
      2417.40  4.77554e-13
      2419.20  5.03085e-13
      2421.00  5.90914e-13
      2423.00  6.16711e-13
      2424.80  6.41584e-13
      2426.80  6.93964e-13
      2428.60  7.15839e-13
      2430.40  7.59418e-13
      2432.40  7.41810e-13
      2434.20  6.78215e-13
      2436.00  8.03046e-13
      2438.00  7.41380e-13
      2439.80  7.58957e-13
      2441.60  6.98405e-13
      2443.60  6.20764e-13
      2445.40  7.26537e-13
      2447.20  7.86549e-13
      2449.20  7.84719e-13
      2451.00  7.08088e-13
      2452.80  6.72369e-13
      2454.80  6.57876e-13
      2456.60  7.11483e-13
      2458.40  7.32240e-13
      2460.40  7.43619e-13
      2462.20  7.71375e-13
      2464.00  7.64585e-13
      2466.00  7.94547e-13
      2467.80  8.46808e-13
      2469.80  7.87177e-13
      2471.60  8.10107e-13
      2473.40  7.17996e-13
      2475.40  7.86185e-13
      2477.20  8.39273e-13
      2479.00  9.01390e-13
      2481.00  1.01451e-12
      2482.80  8.65671e-13
      2484.60  7.47646e-13
      2486.60  8.03690e-13
      2488.40  8.02139e-13
      2490.20  7.87966e-13
      2492.20  9.53251e-13
      2494.00  8.13107e-13
      2495.80  6.74455e-13
      2497.80  7.30701e-13
      2499.60  6.58327e-13
      2501.40  6.73678e-13
      2503.40  6.51875e-13
      2505.20  8.31578e-13
      2507.20  9.35267e-13
      2509.00  8.57203e-13
      2510.80  7.14514e-13
      2512.80  7.61255e-13
      2514.60  8.44884e-13
      2516.40  8.82739e-13
      2518.40  7.80854e-13
      2520.20  8.32729e-13
      2522.00  9.27823e-13
      2524.00  1.02629e-12
      2525.80  1.14384e-12
      2527.60  1.09085e-12
      2529.60  1.18708e-12
      2531.40  1.19641e-12
      2533.20  1.05318e-12
      2535.20  9.63343e-13
      2537.00  1.15033e-12
      2538.80  1.22239e-12
      2540.80  1.14052e-12
      2542.60  9.95866e-13
      2544.40  9.65331e-13
      2546.40  9.75227e-13
      2548.20  1.03255e-12
      2550.20  1.04252e-12
      2552.00  9.42076e-13
      2553.80  7.33137e-13
      2555.80  6.80261e-13
      2557.60  7.07477e-13
      2559.40  7.30095e-13
      2561.40  7.66610e-13
      2563.20  7.10734e-13
      2565.00  7.82637e-13
      2567.00  7.63008e-13
      2568.80  7.13509e-13
      2570.60  7.83509e-13
      2572.60  8.96418e-13
      2574.40  8.39289e-13
      2576.20  7.52482e-13
      2578.20  7.10078e-13
      2580.00  6.64077e-13
      2581.80  7.41443e-13
      2583.80  9.24374e-13
      2585.60  1.00427e-12
      2587.40  8.89059e-13
      2589.40  7.92640e-13
      2591.20  7.84451e-13
      2593.20  8.25010e-13
      2595.00  9.00781e-13
      2596.80  9.81233e-13
      2598.80  1.05136e-12
      2600.60  1.06819e-12
      2602.40  9.37231e-13
      2604.40  9.63105e-13
      2606.20  1.10507e-12
      2608.00  1.14701e-12
      2610.00  1.23591e-12
      2611.80  1.24111e-12
      2613.60  1.07977e-12
      2615.60  1.29567e-12
      2617.40  1.08260e-12
      2619.20  1.06562e-12
      2621.20  1.08601e-12
      2623.00  1.13520e-12
      2624.80  1.14494e-12
      2626.80  1.20849e-12
      2628.60  1.26647e-12
      2630.40  1.27998e-12
      2632.40  1.21465e-12
      2634.20  8.81277e-13
      2636.20  6.71913e-13
      2638.00  6.53034e-13
      2639.80  6.60515e-13
      2641.80  6.02580e-13
      2643.60  6.17336e-13
      2645.40  5.56276e-13
      2647.40  5.38806e-13
      2649.20  5.25930e-13
      2651.00  5.52697e-13
      2653.00  5.98658e-13
      2654.80  6.35120e-13
      2656.60  6.29866e-13
      2658.60  6.09948e-13
      2660.40  6.49258e-13
      2662.20  7.62397e-13
      2664.20  8.57837e-13
      2666.00  7.74333e-13
      2667.80  7.21471e-13
      2669.80  7.35687e-13
      2671.60  8.03095e-13
      2673.40  7.12484e-13
      2675.40  6.42538e-13
      2677.20  6.67033e-13
      2679.20  7.44521e-13
      2681.00  7.76307e-13
      2682.80  6.80099e-13
      2684.80  6.72437e-13
      2686.60  7.79369e-13
      2688.40  7.80746e-13
      2690.40  7.48123e-13
      2692.20  7.79265e-13
      2694.00  7.60316e-13
      2696.00  7.62947e-13
      2697.80  8.39421e-13
      2699.60  7.54366e-13
      2701.60  7.84080e-13
      2703.40  8.57254e-13
      2705.20  9.01341e-13
      2707.20  8.49505e-13
      2709.00  8.56679e-13
      2710.80  8.58455e-13
      2712.80  9.63841e-13
      2714.60  9.40131e-13
      2716.40  8.77132e-13
      2718.40  8.41000e-13
      2720.20  8.54564e-13
      2722.20  9.21616e-13
      2724.00  8.75626e-13
      2725.80  9.33474e-13
      2727.80  1.04565e-12
      2729.60  1.05111e-12
      2731.40  1.03512e-12
      2733.40  1.07226e-12
      2735.20  1.10562e-12
      2737.00  1.25522e-12
      2739.00  1.29080e-12
      2740.80  1.25245e-12
      2742.60  1.18615e-12
      2744.60  1.27815e-12
      2746.40  1.31325e-12
      2748.20  1.26771e-12
      2750.20  1.19981e-12
      2752.00  1.25981e-12
      2753.80  1.22362e-12
      2755.80  1.15640e-12
      2757.60  1.12705e-12
      2759.40  1.11260e-12
      2761.40  1.11547e-12
      2763.20  1.07310e-12
      2765.20  1.17042e-12
      2767.00  1.05155e-12
      2768.80  1.11806e-12
      2770.80  9.85833e-13
      2772.60  9.53326e-13
      2774.40  9.52786e-13
      2776.40  9.05391e-13
      2778.20  9.33871e-13
      2780.00  1.02532e-12
      2782.00  1.03082e-12
      2783.80  9.56710e-13
      2785.60  9.63470e-13
      2787.60  1.05855e-12
      2789.40  1.17086e-12
      2791.10  1.03608e-12
      2791.20  1.03608e-12
      2792.90  1.03608e-12
      2793.20  1.03608e-12
      2794.60  1.06429e-12
      2795.00  1.06429e-12
      2796.40  2.42376e-12
      2796.80  1.06429e-12
      2798.10  1.06429e-12
      2798.80  1.06429e-12
      2799.90  1.06429e-12
      2800.60  1.06429e-12
      2801.60  1.06429e-12
      2802.40  1.06429e-12
      2803.40  1.93653e-12
      2804.40  1.06429e-12
      2805.10  1.06429e-12
      2806.20  1.03608e-12
      2806.90  1.03608e-12
      2808.20  1.03608e-12
      2808.60  1.03608e-12
      2810.00  9.08674e-13
      2811.80  8.70854e-13
      2813.80  8.35107e-13
      2815.60  8.17889e-13
      2817.40  7.53913e-13
      2819.40  9.14228e-13
      2821.20  9.12471e-13
      2823.00  9.07576e-13
      2825.00  8.99226e-13
      2826.80  8.94536e-13
      2828.60  8.91585e-13
      2830.60  8.85253e-13
      2832.40  8.58467e-13
      2834.20  8.23095e-13
      2836.20  7.96554e-13
      2838.00  7.92181e-13
      2839.80  8.00469e-13
      2841.80  8.14275e-13
      2843.60  8.26237e-13
      2845.40  8.33145e-13
      2847.40  8.33081e-13
      2849.20  8.31845e-13
      2851.20  8.33333e-13
      2853.00  8.33295e-13
      2854.80  8.34331e-13
      2856.80  8.34832e-13
      2858.60  8.34888e-13
      2860.40  8.31319e-13
      2862.40  8.32534e-13
      2864.20  8.34228e-13
      2866.00  8.27957e-13
      2868.00  8.20539e-13
      2869.80  8.22969e-13
      2871.60  8.47898e-13
      2873.60  8.80915e-13
      2875.40  9.04853e-13
      2877.20  9.10406e-13
      2879.20  9.02405e-13
      2881.00  8.89461e-13
      2882.80  8.96298e-13
      2884.80  8.05915e-13
      2886.60  8.18382e-13
      2888.40  8.26657e-13
      2890.40  8.31881e-13
      2892.20  7.85673e-13
      2894.20  7.63203e-13
      2896.00  7.78676e-13
      2897.80  7.45050e-13
      2899.80  7.79418e-13
      2901.60  7.32881e-13
      2903.40  6.66680e-13
      2905.40  6.64521e-13
      2907.20  7.13727e-13
      2909.00  7.63022e-13
      2911.00  7.79200e-13
      2912.80  7.37273e-13
      2914.60  7.84590e-13
      2916.60  7.89085e-13
      2918.40  7.88471e-13
      2920.20  7.60102e-13
      2922.20  8.50504e-13
      2924.00  9.37332e-13
      2925.80  9.90004e-13
      2927.80  1.01624e-12
      2929.60  9.93583e-13
      2931.40  9.27647e-13
      2933.40  9.16482e-13
      2935.20  9.44548e-13
      2937.20  9.02473e-13
      2939.00  9.49351e-13
      2940.80  9.55713e-13
      2942.80  9.40436e-13
      2944.60  9.46722e-13
      2946.40  9.54341e-13
      2948.40  9.51949e-13
      2950.20  9.59706e-13
      2952.00  9.47532e-13
      2954.00  9.53453e-13
      2955.80  8.93965e-13
      2957.60  9.20617e-13
      2959.60  9.38923e-13
      2961.40  9.69170e-13
      2963.20  9.61228e-13
      2965.20  9.26031e-13
      2967.00  9.32917e-13
      2968.80  8.86268e-13
      2970.80  9.35878e-13
      2972.60  9.13166e-13
      2974.40  9.19019e-13
      2976.40  9.08538e-13
      2978.20  8.63361e-13
      2980.20  8.68563e-13
      2982.00  9.73815e-13
      2983.80  9.96569e-13
      2985.80  9.31310e-13
      2987.60  8.48396e-13
      2989.40  7.69867e-13
      2991.40  7.68260e-13
      2993.20  7.66824e-13
      2995.00  7.63088e-13
      2997.00  7.93899e-13
      2998.80  8.99952e-13
      3000.60  9.20304e-13
      3002.60  8.94024e-13
      3004.40  8.47416e-13
      3006.20  7.24465e-13
      3008.20  6.76264e-13
      3010.00  6.34911e-13
      3011.80  6.63680e-13
      3013.80  7.47101e-13
      3015.60  8.04820e-13
      3017.40  8.20351e-13
      3019.40  7.95983e-13
      3021.20  8.21810e-13
      3023.20  8.23114e-13
      3025.00  8.48152e-13
      3026.80  8.37095e-13
      3028.80  8.27461e-13
      3030.60  7.85767e-13
      3032.40  7.79049e-13
      3034.40  8.20591e-13
      3036.20  8.22811e-13
      3038.00  8.39792e-13
      3040.00  8.29642e-13
      3041.80  8.11284e-13
      3043.60  7.90525e-13
      3045.60  7.75290e-13
      3047.40  7.62491e-13
      3049.20  7.71763e-13
      3051.20  7.99949e-13
      3053.00  8.35121e-13
      3054.80  8.58058e-13
      3056.80  8.21977e-13
      3058.60  8.05182e-13
      3060.40  7.97195e-13
      3062.40  8.23678e-13
      3064.20  8.69536e-13
      3066.20  8.57980e-13
      3068.00  8.74527e-13
      3069.80  8.60163e-13
      3071.80  8.53702e-13
      3073.60  8.24301e-13
      3075.40  8.00438e-13
      3077.40  7.84023e-13
      3079.20  8.29651e-13
      3081.00  8.20104e-13
      3083.00  7.81852e-13
      3084.80  7.52005e-13
      3086.60  7.18882e-13
      3088.60  7.63652e-13
      3090.40  8.53751e-13
      3092.20  9.54614e-13
      3094.20  9.60145e-13
      3096.00  9.40953e-13
      3097.80  9.29990e-13
      3099.80  9.15746e-13
      3101.60  8.99994e-13
      3103.40  8.68596e-13
      3105.40  8.48754e-13
      3107.20  8.54571e-13
      3109.20  8.73772e-13
      3111.00  8.48262e-13
      3112.80  7.73243e-13
      3114.80  7.94665e-13
      3116.60  7.86721e-13
      3118.40  7.92482e-13
      3120.40  7.49855e-13
      3122.20  7.30203e-13
      3124.00  7.40837e-13
      3126.00  7.48377e-13
      3127.80  7.10506e-13
      3129.60  7.08781e-13
      3131.60  6.91189e-13
      3133.40  7.04206e-13
      3135.20  6.87040e-13
      3137.20  6.48830e-13
      3139.00  6.47836e-13
      3140.80  6.19566e-13
      3142.80  6.19927e-13
      3144.60  6.12519e-13
      3146.40  5.76205e-13
      3148.40  6.28191e-13
      3150.20  7.23396e-13
      3152.20  8.34665e-13
      3154.00  8.66940e-13
      3155.80  8.03102e-13
      3157.80  8.44449e-13
      3159.60  8.18920e-13
      3161.40  7.82771e-13
      3163.40  7.32104e-13
      3165.20  7.09032e-13
      3167.00  6.93772e-13
      3169.00  7.40003e-13
      3170.80  7.37952e-13
      3172.60  7.34679e-13
      3174.60  7.54256e-13
      3176.40  8.25358e-13
      3178.20  9.03007e-13
      3180.20  9.10222e-13
      3182.00  9.38686e-13
      3183.80  8.71023e-13
      3185.80  8.01970e-13
      3187.60  8.22196e-13
      3189.40  8.05154e-13
      3191.40  8.67565e-13
      3193.20  8.25349e-13
      3195.20  8.10015e-13
      3197.00  7.43772e-13
      3198.80  7.20600e-13
      3200.80  7.50877e-13
      3202.60  7.77076e-13
      3204.40  8.01528e-13
      3206.40  7.87649e-13
      3208.20  7.45158e-13
      3210.00  7.19058e-13
      3212.00  6.93847e-13
      3213.80  6.91044e-13
      3215.60  7.30156e-13
      3217.60  7.36176e-13
      3219.40  6.90231e-13
      3221.20  6.96079e-13
      3223.20  7.20527e-13
      3225.00  7.83138e-13
      3226.80  8.29926e-13
      3228.80  8.32445e-13
      3230.60  8.30758e-13
      3232.40  8.04296e-13
      3234.40  7.84804e-13
      3236.20  6.97249e-13
      3238.20  6.83180e-13
      3240.00  6.48678e-13
      3241.80  7.06232e-13
      3243.80  7.61711e-13
      3245.60  7.95772e-13
      3247.40  7.86873e-13
      3249.40  7.80515e-13
      3251.20  8.62210e-13
      3253.00  9.42753e-13
      3255.00  1.07232e-12
      3256.80  1.08586e-12
      3258.60  1.00275e-12
      3260.60  1.00750e-12
      3262.40  1.05980e-12
      3264.20  1.06367e-12
      3266.20  1.09688e-12
      3268.00  1.19466e-12
      3269.80  1.27430e-12
      3271.80  1.30072e-12
      3273.60  1.17409e-12
      3275.40  1.08791e-12
      3277.40  1.14591e-12
      3279.20  1.07276e-12
      3281.20  1.01309e-12
      3283.00  1.01909e-12
      3284.80  1.03472e-12
      3286.80  1.07041e-12
      3288.60  1.06725e-12
      3290.40  1.06182e-12
      3292.40  1.12031e-12
      3294.20  1.16455e-12
      3296.00  1.22548e-12
      3298.00  1.22568e-12
      3299.80  1.30962e-12
      3301.60  5.40390e-13
      3303.60  4.87253e-13
      3550.06 -3.12000e-13
      3551.80  7.61900e-13
      3553.53  1.11100e-12
      3555.27  2.82500e-13
      3557.01  3.77200e-13
      3558.75  3.17600e-13
      3560.49  4.84700e-13
      3562.22  5.31800e-13
      3563.96  3.87200e-13
      3565.70  7.98400e-14
      3567.44  4.51700e-13
      3569.17  5.11000e-13
      3570.91  3.63400e-13
      3572.65  7.70700e-13
      3574.39  5.95000e-13
      3576.13  9.20200e-13
      3577.86  2.74100e-13
      3579.60  7.86500e-13
      3581.34  7.51000e-13
      3583.08  4.05700e-13
      3584.82  7.52600e-13
      3586.56  1.11900e-12
      3588.29  5.61600e-13
      3590.03  7.11800e-13
      3591.77  6.27600e-13
      3593.51  8.57800e-13
      3595.25  8.64900e-13
      3596.98  5.75800e-13
      3598.72  3.81700e-13
      3600.46  7.48000e-13
      3602.20  1.53500e-13
      3603.94  5.54300e-13
      3605.68  4.34600e-13
      3607.41  4.15600e-13
      3609.15  6.15800e-13
      3610.89  3.91400e-13
      3612.63  4.94800e-13
      3614.37  7.46200e-13
      3616.11  7.00600e-13
      3617.84  2.75500e-13
      3619.58  5.84500e-13
      3621.32  8.57900e-13
      3623.06  8.40900e-13
      3624.80  8.83000e-13
      3626.54  4.81300e-13
      3628.27  5.61800e-13
      3630.01  6.25700e-13
      3631.75  6.71800e-13
      3633.49  5.94100e-13
      3635.23  8.34600e-13
      3636.97  5.61300e-13
      3638.71  7.30100e-13
      3640.44  3.73800e-13
      3642.18  4.69700e-13
      3643.92  6.27900e-13
      3645.66  7.12500e-13
      3647.40  5.66900e-13
      3649.14  4.63800e-13
      3650.88  6.94300e-13
      3652.62  8.22000e-13
      3654.35  1.49500e-13
      3656.09  6.93100e-13
      3657.83  3.59700e-13
      3659.57  7.84200e-13
      3661.31  7.18400e-13
      3663.05  5.47000e-13
      3664.79  3.89300e-13
      3666.53  4.61800e-13
      3668.26  5.92200e-13
      3670.00  5.97600e-13
      3671.74  3.89600e-13
      3673.48  6.01100e-13
      3675.22  7.43800e-13
      3676.96  5.72000e-13
      3678.70  8.41900e-13
      3680.44  5.42200e-13
      3682.18  7.32200e-13
      3683.92  6.59100e-13
      3685.65  5.11000e-13
      3687.39  9.93800e-13
      3689.13  6.45500e-13
      3690.87  6.93500e-13
      3692.61  4.12400e-13
      3694.35  6.70200e-13
      3696.09  4.97500e-13
      3697.83  6.91800e-13
      3699.57  5.30200e-13
      3701.31  5.76300e-13
      3703.05  6.85700e-13
      3704.78  8.12700e-13
      3706.52  1.13300e-12
      3708.26  5.33500e-13
      3710.00  6.64700e-13
      3711.74  9.80400e-13
      3713.48  7.42800e-13
      3715.22  6.18900e-13
      3716.96  3.86500e-13
      3718.70  3.54900e-13
      3720.44  5.77700e-13
      3722.18  1.25200e-12
      3723.92  6.38000e-13
      3725.66  3.92700e-13
      3727.40  4.51400e-13
      3729.14  5.46100e-13
      3730.87  4.75800e-13
      3732.61  5.20300e-13
      3734.35  1.25600e-12
      3736.09  1.32400e-12
      3737.83  1.00900e-12
      3739.57  5.69500e-13
      3741.31  5.20800e-13
      3743.05  4.19800e-13
      3744.79  5.91900e-13
      3746.53  8.05500e-13
      3748.27  5.37300e-13
      3750.01  1.35100e-12
      3751.75  1.13600e-12
      3753.49  8.22000e-13
      3755.23  5.53700e-13
      3756.97  3.69700e-13
      3758.71  5.28400e-13
      3760.45  4.39200e-13
      3762.19  4.63300e-13
      3763.93  4.55700e-13
      3765.67  5.02200e-13
      3767.41  5.60400e-13
      3769.15  8.37600e-13
      3770.89  1.79600e-12
      3772.63  1.18200e-12
      3774.37  6.69100e-13
      3776.11  4.88500e-13
      3777.85  3.88900e-13
      3779.59  3.79600e-13
      3781.33  3.77600e-13
      3783.07  3.22200e-13
      3784.81  3.95300e-13
      3786.55  3.56000e-13
      3788.29  3.71500e-13
      3790.03  4.63100e-13
      3791.77  4.56300e-13
      3793.51  4.26900e-13
      3795.25  7.31300e-13
      3796.99  1.23600e-12
      3798.73  2.59300e-12
      3800.47  1.14100e-12
      3802.21  6.67700e-13
      3803.95  5.02800e-13
      3805.69  3.75500e-13
      3807.43  5.36800e-13
      3809.17  3.29500e-13
      3810.91  3.98600e-13
      3812.65  3.89200e-13
      3814.39  4.09400e-13
      3816.13  3.60100e-13
      3817.87  3.40300e-13
      3819.61  4.66000e-13
      3821.35  5.80200e-13
      3823.09  2.91600e-13
      3824.83  6.13800e-13
      3826.57  6.02400e-13
      3828.31  5.76000e-13
      3830.05  7.16700e-13
      3831.79  6.98600e-13
      3833.53  1.26600e-12
      3835.27  2.71300e-12
      3837.01  2.36400e-12
      3838.75  1.14400e-12
      3840.49  7.72400e-13
      3842.23  6.62800e-13
      3843.97  4.30000e-13
      3845.71  3.87600e-13
      3847.45  4.40100e-13
      3849.19  3.55800e-13
      3850.93  3.40300e-13
      3852.68  3.58300e-13
      3854.42  2.87700e-13
      3856.16  4.83300e-13
      3857.90  4.62100e-13
      3859.64  5.12600e-13
      3861.38  4.45100e-13
      3863.12  4.13200e-13
      3864.86  2.86400e-13
      3866.60  3.90400e-13
      3868.34  3.62300e-13
      3870.08  3.73300e-13
      3871.82  3.25100e-13
      3873.56  4.69600e-13
      3875.30  3.27900e-13
      3877.04  2.99100e-13
      3878.79  6.58900e-13
      3880.53  4.44300e-13
      3882.27  4.39900e-13
      3884.01  5.76000e-13
      3885.75  7.72100e-13
      3887.49  1.53700e-12
      3889.23  4.06200e-12
      3890.97  2.51800e-12
      3892.71  1.05900e-12
      3894.45  7.12400e-13
      3896.19  6.39800e-13
      3897.94  4.83900e-13
      3899.68  5.17700e-13
      3901.42  4.96000e-13
      3903.16  4.45400e-13
      3904.90  5.17400e-13
      3906.64  7.23900e-13
      3908.38  3.52800e-13
      3910.12  3.39100e-13
      3911.86  2.67200e-13
      3913.60  3.33500e-13
      3915.35  3.25700e-13
      3917.09  3.88700e-13
      3918.83  3.21100e-13
      3920.57  4.63700e-13
      3922.31  3.10800e-13
      3924.05  3.93200e-13
      3925.79  2.97500e-13
      3927.53  4.27100e-13
      3929.28  4.67400e-13
      3931.02  5.52100e-13
      3932.76  1.10600e-12
      3934.50  4.15300e-12
      3936.24  7.80500e-13
      3937.98  3.49600e-13
      3939.72  3.27100e-13
      3941.46  3.51700e-13
      3943.21  3.08200e-13
      3944.95  4.39800e-13
      3946.69  3.93500e-13
      3948.43  3.29200e-13
      3950.17  3.52000e-13
      3951.91  3.57300e-13
      3953.65  3.38500e-13
      3955.40  3.23400e-13
      3957.14  4.26100e-13
      3958.88  3.16300e-13
      3960.62  3.71600e-13
      3962.36  6.04200e-13
      3964.10  6.08900e-13
      3965.85  8.29400e-13
      3967.59  1.73800e-12
      3969.33  5.63800e-12
      3971.07  4.86500e-12
      3972.81  1.82200e-12
      3974.55  9.26400e-13
      3976.30  6.95100e-13
      3978.04  5.46400e-13
      3979.78  4.26300e-13
      3981.52  4.09300e-13
      3983.26  3.74500e-13
      3985.00  4.18100e-13
      3986.75  4.17100e-13
      3988.49  3.26400e-13
      3990.23  3.13300e-13
      3991.97  3.61400e-13
      3993.71  3.46500e-13
      3995.45  3.57800e-13
      3997.20  3.52200e-13
      3998.94  3.96400e-13
      4000.68  3.18500e-13
      4002.42  3.47100e-13
      4004.16  3.60400e-13
      4005.91  4.90100e-13
      4007.65  3.98700e-13
      4009.39  3.47200e-13
      4011.13  4.11200e-13
      4012.87  3.27000e-13
      4014.62  3.51400e-13
      4016.36  3.97400e-13
      4018.10  3.79600e-13
      4019.84  3.34600e-13
      4021.58  3.89300e-13
      4023.33  3.77500e-13
      4025.07  4.46600e-13
      4026.81  6.00300e-13
      4028.55  4.07300e-13
      4030.30  3.84500e-13
      4032.04  4.47800e-13
      4033.78  4.56000e-13
      4035.52  3.99600e-13
      4037.26  3.71800e-13
      4039.01  4.22000e-13
      4040.75  3.65700e-13
      4042.49  3.70900e-13
      4044.23  4.24900e-13
      4045.98  4.96700e-13
      4047.72  3.56000e-13
      4049.46  3.78400e-13
      4051.20  3.69000e-13
      4052.95  4.34700e-13
      4054.69  3.79600e-13
      4056.43  3.77300e-13
      4058.17  3.85500e-13
      4059.91  4.16500e-13
      4061.66  3.38600e-13
      4063.40  4.88700e-13
      4065.14  4.50600e-13
      4066.88  3.88200e-13
      4068.63  3.64000e-13
      4070.37  3.58500e-13
      4072.11  4.23800e-13
      4073.85  4.05000e-13
      4075.60  4.04900e-13
      4077.34  4.96900e-13
      4079.08  5.27100e-13
      4080.83  4.27700e-13
      4082.57  3.68800e-13
      4084.31  3.96100e-13
      4086.05  4.45600e-13
      4087.80  4.12700e-13
      4089.54  4.05800e-13
      4091.28  4.72000e-13
      4093.02  4.91100e-13
      4094.77  5.23100e-13
      4096.51  7.20800e-13
      4098.25  1.04400e-12
      4100.00  1.90700e-12
      4101.74  5.36000e-12
      4103.48  3.89200e-12
      4105.22  1.52600e-12
      4106.97  9.13200e-13
      4108.71  6.84000e-13
      4110.45  5.72000e-13
      4112.20  4.96700e-13
      4113.94  4.50200e-13
      4115.68  4.09100e-13
      4117.42  4.22400e-13
      4119.17  4.47300e-13
      4120.91  4.56400e-13
      4122.65  4.53000e-13
      4124.40  3.97400e-13
      4126.14  4.38500e-13
      4127.88  4.28900e-13
      4129.63  4.08000e-13
      4131.37  4.47500e-13
      4133.11  5.24000e-13
      4134.85  4.33100e-13
      4136.60  4.25300e-13
      4138.34  4.02600e-13
      4140.08  3.85600e-13
      4141.83  4.12600e-13
      4143.57  4.66500e-13
      4145.31  4.88000e-13
      4147.06  4.10700e-13
      4148.80  4.14000e-13
      4150.54  4.13400e-13
      4152.29  4.33900e-13
      4154.03  4.40500e-13
      4155.77  4.34400e-13
      4157.52  4.46600e-13
      4159.26  4.40400e-13
      4161.00  3.93800e-13
      4162.75  3.90800e-13
      4164.49  4.05900e-13
      4166.23  3.77400e-13
      4167.98  4.63700e-13
      4169.72  3.92900e-13
      4171.46  4.24000e-13
      4173.21  4.96800e-13
      4174.95  4.64800e-13
      4176.69  4.60100e-13
      4178.44  5.01500e-13
      4180.18  4.81400e-13
      4181.93  4.66400e-13
      4183.67  4.32200e-13
      4185.41  4.18700e-13
      4187.16  4.58900e-13
      4188.90  4.41600e-13
      4190.64  4.13000e-13
      4192.39  4.10100e-13
      4194.13  3.87100e-13
      4195.87  4.55600e-13
      4197.62  4.30700e-13
      4199.36  4.93500e-13
      4201.11  4.19200e-13
      4202.85  4.87600e-13
      4204.59  4.23400e-13
      4206.34  4.28600e-13
      4208.08  4.11200e-13
      4209.82  3.83700e-13
      4211.57  3.97100e-13
      4213.31  3.55300e-13
      4215.06  4.50900e-13
      4216.80  5.56600e-13
      4218.54  3.56600e-13
      4220.29  3.47800e-13
      4222.03  3.10300e-13
      4223.78  3.10800e-13
      4225.52  3.84200e-13
      4227.26  6.65700e-13
      4229.01  3.24200e-13
      4230.75  3.08900e-13
      4232.50  3.79100e-13
      4234.24  6.05300e-13
      4235.98  4.24900e-13
      4237.73  3.84000e-13
      4239.47  4.08800e-13
      4241.22  3.70500e-13
      4242.96  3.54500e-13
      4244.70  3.58900e-13
      4246.45  3.81500e-13
      4248.19  4.24700e-13
      4249.94  4.09300e-13
      4251.68  4.74100e-13
      4253.43  3.92300e-13
      4255.17  4.52300e-13
      4256.91  3.80100e-13
      4258.66  3.76200e-13
      4260.40  4.81200e-13
      4262.15  4.23900e-13
      4263.89  3.46400e-13
      4265.64  3.99400e-13
      4267.38  3.96800e-13
      4269.12  3.96800e-13
      4270.87  4.78100e-13
      4272.61  5.49900e-13
      4274.36  4.26700e-13
      4276.10  4.24600e-13
      4277.85  3.63800e-13
      4279.59  4.20000e-13
      4281.33  3.93900e-13
      4283.08  4.47100e-13
      4284.82  4.03700e-13
      4286.57  4.27100e-13
      4288.31  4.35000e-13
      4290.06  5.33100e-13
      4291.80  3.93000e-13
      4293.55  4.44600e-13
      4295.29  5.14900e-13
      4297.04  4.60600e-13
      4298.78  4.50100e-13
      4300.52  5.28400e-13
      4302.27  4.76500e-13
      4304.01  5.10100e-13
      4305.76  4.59600e-13
      4307.50  4.89100e-13
      4309.25  5.02100e-13
      4310.99  4.35700e-13
      4312.74  4.85100e-13
      4314.48  5.13000e-13
      4316.23  4.59800e-13
      4317.97  4.13000e-13
      4319.72  4.16900e-13
      4321.46  4.66000e-13
      4323.21  4.66300e-13
      4324.95  5.15500e-13
      4326.70  5.51800e-13
      4328.44  5.21800e-13
      4330.19  5.40400e-13
      4331.93  5.75900e-13
      4333.68  6.60400e-13
      4335.42  8.50700e-13
      4337.17  1.31400e-12
      4338.91  2.51700e-12
      4340.66  6.93000e-12
      4342.40  4.08300e-12
      4344.15  1.68800e-12
      4345.89  1.02200e-12
      4347.64  7.63300e-13
      4349.38  6.67600e-13
      4351.13  6.20200e-13
      4352.87  7.15900e-13
      4354.62  4.67000e-13
      4356.36  4.73400e-13
      4358.11  4.86100e-13
      4359.85  5.02300e-13
      4361.60  4.36800e-13
      4363.34  4.57500e-13
      4365.09  4.62100e-13
      4366.83  4.70600e-13
      4368.58  4.82100e-13
      4370.32  4.72900e-13
      4372.07  4.70100e-13
      4373.81  4.80300e-13
      4375.56  5.14800e-13
      4377.30  4.98200e-13
      4379.05  4.77300e-13
      4380.80  4.19400e-13
      4382.54  5.06200e-13
      4384.29  6.26300e-13
      4386.03  5.56500e-13
      4387.78  5.32900e-13
      4389.52  5.29000e-13
      4391.27  4.73300e-13
      4393.01  4.97300e-13
      4394.76  5.06500e-13
      4396.50  5.09300e-13
      4398.25  4.89900e-13
      4400.00  5.17600e-13
      4401.74  5.02200e-13
      4403.49  5.09800e-13
      4405.23  6.12400e-13
      4406.98  4.82300e-13
      4408.72  5.07600e-13
      4410.47  5.07800e-13
      4412.21  4.76400e-13
      4413.96  5.53300e-13
      4415.71  5.92400e-13
      4417.45  6.04400e-13
      4419.20  5.50000e-13
      4420.94  4.91700e-13
      4422.69  5.34000e-13
      4424.44  5.18900e-13
      4426.18  4.55400e-13
      4427.93  5.24100e-13
      4429.67  4.97100e-13
      4431.42  5.50100e-13
      4433.16  5.50600e-13
      4434.91  5.12200e-13
      4436.66  4.82900e-13
      4438.40  5.27100e-13
      4440.15  7.43200e-13
