      1003.60  4.66099e-14
      1007.00  2.23173e-13
      1008.20  3.56591e-13
      1011.80  3.89958e-13
      1013.00  8.77577e-14
      1015.40  2.34447e-13
      1016.60  4.11829e-13
      1017.60  1.26764e-13
      1018.80  1.08471e-13
      1023.60  6.74452e-14
      1024.80  1.47411e-14
      1026.00  1.15761e-13
      1027.20  1.03443e-13
      1029.40  3.77355e-14
      1030.60  1.64386e-13
      1035.40  1.85941e-13
      1036.60  9.66013e-14
      1044.80  1.16175e-13
      1046.00  3.75544e-14
      1048.40  7.37876e-14
      1050.80  3.19660e-13
      1052.00  3.05302e-13
      1053.00  7.10497e-14
      1056.60  3.79640e-13
      1057.80  2.62706e-13
      1063.80  2.87169e-15
      1069.60  1.16841e-13
      1072.00  2.26575e-14
      1076.60  8.32194e-15
      1079.00  4.28648e-14
      1080.20  7.14304e-14
      1083.80  7.45262e-14
      1086.20  3.59370e-14
      1088.40  8.17351e-14
      1089.60  3.23753e-13
      1094.40  4.81297e-14
      1095.60  1.58119e-13
      1098.00  3.17349e-14
      1099.20  7.29388e-14
      1103.80  1.65621e-13
      1105.00  2.82256e-14
      1106.20  2.27746e-14
      1108.60  6.49215e-14
      1112.00  8.25671e-14
      1113.20  1.01257e-13
      1114.40  5.87620e-15
      1115.60  1.81822e-13
      1116.80  2.27186e-13
      1118.00  1.80438e-13
      1119.20  1.92035e-13
      1120.40  2.17298e-13
      1121.60  5.69589e-14
      1122.60  7.78855e-14
      1125.00  5.21272e-14
      1129.80  3.15185e-14
      1132.20  2.71124e-14
      1133.40  1.34289e-14
      1134.40  2.61398e-13
      1135.60  9.49924e-14
      1136.80  2.07422e-13
      1138.00  9.09847e-14
      1139.20  1.99116e-13
      1140.40  1.98611e-13
      1141.60  4.63893e-13
      1142.80  2.72203e-13
      1144.00  4.12906e-13
      1145.20  4.49767e-13
      1146.20  6.97516e-13
      1147.40  5.76986e-13
      1148.60  8.67288e-13
      1149.80  8.69733e-13
      1151.00  5.23993e-13
      1152.20  5.65850e-13
      1153.40  5.77792e-13
      1154.60  5.47022e-13
      1155.80  5.51629e-13
      1157.00  7.27911e-13
      1158.00  8.28512e-13
      1159.20  7.50529e-13
      1160.40  1.07000e-12
      1161.60  1.57148e-12
      1162.80  1.09428e-12
      1164.00  7.63956e-13
      1165.20  7.02001e-13
      1166.40  7.89812e-13
      1167.60  7.25890e-13
      1168.80  7.84389e-13
      1169.80  7.96393e-13
      1171.00  1.04967e-12
      1172.20  1.72287e-12
      1173.40  2.49699e-12
      1174.60  2.78366e-12
      1175.80  2.80285e-12
      1177.00  2.09196e-12
      1178.20  1.40969e-12
      1179.40  1.04071e-12
      1180.60  8.44335e-13
      1181.60  7.36632e-13
      1182.80  6.69679e-13
      1184.00  7.27315e-13
      1185.20  6.74453e-13
      1186.40  6.26438e-13
      1187.60  7.42320e-13
      1188.80  7.16271e-13
      1190.00  6.79691e-13
      1191.20  7.17180e-13
      1192.40  7.17180e-13
      1193.40  7.17180e-13
      1194.60  7.17180e-13
      1195.80  7.17180e-13
      1197.00  7.17180e-13
      1198.20  7.17180e-13
      1199.40  7.17180e-13
      1200.91  7.17180e-13
      1202.61  7.17180e-13
      1204.41  7.14975e-13
      1206.11  4.19203e-12
      1207.91  7.14975e-13
      1209.61  7.14975e-13
      1211.41  7.14975e-13
      1213.11  1.83942e-12
      1214.91  2.31129e-11
      1216.61  2.56062e-11
      1218.41  2.98398e-12
      1220.11  7.17180e-13
      1221.91  7.17180e-13
      1223.61  7.17180e-13
      1225.41  7.17180e-13
      1227.11  7.17180e-13
      1228.91  7.17180e-13
      1231.20  7.47580e-13
      1232.40  7.65730e-13
      1233.60  7.81426e-13
      1234.80  7.57894e-13
      1236.00  8.96698e-13
      1237.20  9.89410e-13
      1238.40  9.23471e-13
      1239.40  9.55047e-13
      1240.60  9.76078e-13
      1241.80  9.54576e-13
      1243.00  8.77033e-13
      1244.20  9.25363e-13
      1245.40  9.47599e-13
      1246.60  9.60503e-13
      1247.80  9.93174e-13
      1249.00  8.79993e-13
      1250.20  8.42420e-13
      1251.20  8.12752e-13
      1252.40  7.79191e-13
      1253.60  7.75539e-13
      1254.80  7.55112e-13
      1256.00  8.67093e-13
      1257.20  8.05112e-13
      1258.40  7.34164e-13
      1259.60  7.40753e-13
      1260.80  7.92695e-13
      1262.00  9.09290e-13
      1263.00  8.65643e-13
      1264.20  8.60689e-13
      1265.40  8.03170e-13
      1266.60  8.28900e-13
      1267.80  9.02673e-13
      1269.00  8.66545e-13
      1270.20  8.41205e-13
      1271.40  7.86586e-13
      1272.60  7.96421e-13
      1273.80  9.00321e-13
      1274.80  8.79598e-13
      1276.00  7.97133e-13
      1277.20  8.41791e-13
      1278.40  8.02079e-13
      1279.60  9.01243e-13
      1280.80  8.01499e-13
      1282.00  8.52637e-13
      1283.20  8.39806e-13
      1284.40  8.34179e-13
      1285.60  8.92391e-13
      1286.60  9.02867e-13
      1287.80  9.70368e-13
      1289.00  8.90508e-13
      1290.20  1.04610e-12
      1291.40  9.15579e-13
      1292.60  9.53119e-13
      1293.80  1.01392e-12
      1295.00  1.10976e-12
      1296.20  1.21263e-12
      1297.40  1.30525e-12
      1298.40  1.25707e-12
      1299.60  1.11442e-12
      1300.80  1.18739e-12
      1302.00  1.17888e-12
      1303.20  1.24259e-12
      1304.40  1.06176e-12
      1305.60  9.43933e-13
      1306.80  9.65047e-13
      1308.00  9.02088e-13
      1309.20  8.00108e-13
      1310.20  9.15182e-13
      1311.40  1.01962e-12
      1312.60  9.01561e-13
      1313.80  8.91040e-13
      1315.00  8.73237e-13
      1316.20  8.86110e-13
      1317.40  8.79466e-13
      1318.60  7.98697e-13
      1319.80  9.06231e-13
      1320.80  8.13645e-13
      1322.00  8.37456e-13
      1323.20  9.00700e-13
      1324.40  9.14195e-13
      1325.60  9.10285e-13
      1326.80  8.99937e-13
      1328.00  8.04561e-13
      1329.20  9.25453e-13
      1330.40  9.16222e-13
      1331.60  9.85807e-13
      1332.60  1.31100e-12
      1333.80  1.52549e-12
      1335.00  1.66673e-12
      1336.20  1.64990e-12
      1337.40  1.49695e-12
      1338.60  1.18280e-12
      1339.80  9.55210e-13
      1341.00  7.78592e-13
      1342.20  8.93282e-13
      1343.40  9.27254e-13
      1344.40  8.41543e-13
      1345.60  9.01093e-13
      1346.80  8.23086e-13
      1348.00  8.72721e-13
      1349.20  8.01481e-13
      1350.40  7.38577e-13
      1351.60  8.00232e-13
      1352.80  8.21204e-13
      1354.00  8.69551e-13
      1355.20  9.24630e-13
      1356.20  8.68321e-13
      1357.40  7.92989e-13
      1358.60  7.91525e-13
      1359.80  8.07559e-13
      1361.00  8.20038e-13
      1362.20  7.93675e-13
      1363.40  8.38560e-13
      1364.60  8.83969e-13
      1365.80  9.03677e-13
      1367.00  8.67201e-13
      1368.00  8.25938e-13
      1369.20  8.50377e-13
      1370.40  7.80936e-13
      1371.60  8.32384e-13
      1372.80  9.58793e-13
      1374.00  8.65858e-13
      1375.20  8.00484e-13
      1376.40  7.35443e-13
      1377.60  8.32989e-13
      1378.80  8.53444e-13
      1379.80  7.68375e-13
      1381.00  8.37133e-13
      1382.20  9.06267e-13
      1383.40  7.67936e-13
      1384.60  7.92334e-13
      1385.80  8.20872e-13
      1387.00  8.18500e-13
      1388.20  9.04697e-13
      1389.40  9.86740e-13
      1390.60  1.17308e-12
      1391.60  1.52263e-12
      1392.80  1.88172e-12
      1394.00  1.93319e-12
      1395.20  1.73996e-12
      1396.40  1.32642e-12
      1397.60  1.06860e-12
      1398.80  1.10646e-12
      1400.00  1.25116e-12
      1401.20  1.51375e-12
      1402.40  1.52236e-12
      1403.40  1.48372e-12
      1404.60  1.44294e-12
      1405.80  1.08997e-12
      1407.00  9.22312e-13
      1408.20  8.58906e-13
      1409.40  9.31616e-13
      1410.60  7.98152e-13
      1411.80  7.72827e-13
      1413.00  8.41040e-13
      1414.00  8.60933e-13
      1415.20  8.55002e-13
      1416.40  8.91242e-13
      1417.60  8.82653e-13
      1418.80  8.79864e-13
      1420.00  8.11255e-13
      1421.20  8.00529e-13
      1422.40  8.87526e-13
      1423.60  8.47920e-13
      1424.80  8.59886e-13
      1425.80  8.43739e-13
      1427.00  7.95303e-13
      1428.20  8.17864e-13
      1429.40  8.32150e-13
      1430.60  8.65038e-13
      1431.80  8.35503e-13
      1433.00  9.16294e-13
      1434.20  8.20261e-13
      1435.40  7.87663e-13
      1436.60  8.03528e-13
      1437.60  8.03294e-13
      1438.80  7.98479e-13
      1440.00  8.04216e-13
      1441.20  7.72312e-13
      1442.40  8.08697e-13
      1443.60  8.34376e-13
      1444.80  8.69496e-13
      1446.00  8.41746e-13
      1447.20  8.46333e-13
      1448.40  8.34965e-13
      1449.40  8.40989e-13
      1450.60  9.13878e-13
      1451.80  8.51759e-13
      1453.00  7.87621e-13
      1454.20  7.89620e-13
      1455.40  8.48142e-13
      1456.60  8.49122e-13
      1457.80  9.10167e-13
      1459.00  8.71251e-13
      1460.20  8.37475e-13
      1461.20  8.50551e-13
      1462.40  8.75106e-13
      1463.60  8.14791e-13
      1464.80  8.48166e-13
      1466.00  9.17407e-13
      1467.20  8.79944e-13
      1468.40  9.09408e-13
      1469.60  9.52033e-13
      1470.80  9.14747e-13
      1472.00  8.55049e-13
      1473.00  8.80832e-13
      1474.20  9.26711e-13
      1475.40  8.92983e-13
      1476.60  9.13589e-13
      1477.80  9.21589e-13
      1479.00  8.62576e-13
      1480.20  9.02973e-13
      1481.40  9.59074e-13
      1482.60  8.75994e-13
      1483.80  8.97702e-13
      1484.80  9.62675e-13
      1486.00  9.34675e-13
      1487.20  1.00601e-12
      1488.40  9.35490e-13
      1489.60  9.75047e-13
      1490.80  8.99725e-13
      1492.00  9.09253e-13
      1493.20  9.20901e-13
      1494.40  9.68224e-13
      1495.60  9.66287e-13
      1496.60  9.47888e-13
      1497.80  9.67707e-13
      1499.00  9.73292e-13
      1500.20  9.96341e-13
      1501.40  9.95247e-13
      1502.60  1.00095e-12
      1503.80  8.97541e-13
      1505.00  9.09651e-13
      1506.20  8.86052e-13
      1507.40  9.00822e-13
      1508.40  8.75250e-13
      1509.60  8.56994e-13
      1510.80  8.94705e-13
      1512.00  9.25136e-13
      1513.20  8.56902e-13
      1514.40  7.86062e-13
      1515.60  7.92933e-13
      1516.80  7.86415e-13
      1518.00  8.64745e-13
      1519.00  9.61707e-13
      1520.20  9.06548e-13
      1521.40  8.88126e-13
      1522.60  9.11742e-13
      1523.80  9.37326e-13
      1525.00  1.03162e-12
      1526.20  9.31598e-13
      1527.40  8.80118e-13
      1528.60  9.72268e-13
      1529.80  1.02889e-12
      1530.80  9.67156e-13
      1532.00  9.41670e-13
      1533.20  9.21254e-13
      1534.40  9.74224e-13
      1535.60  9.03344e-13
      1536.80  9.03344e-13
      1538.00  9.03344e-13
      1539.20  9.03344e-13
      1540.40  9.03344e-13
      1541.60  9.03344e-13
      1542.60  9.03344e-13
      1543.80  9.03344e-13
      1545.00  9.03344e-13
      1546.20  1.00109e-12
      1547.40  1.18210e-12
      1548.60  1.25948e-12
      1549.80  1.25838e-12
      1551.00  1.17992e-12
      1552.20  1.09402e-12
      1553.40  9.04980e-13
      1554.40  9.03344e-13
      1555.60  9.03344e-13
      1556.80  9.03344e-13
      1558.00  9.03344e-13
      1559.20  9.03344e-13
      1560.40  9.03344e-13
      1561.60  9.03344e-13
      1562.80  9.03344e-13
      1564.00  9.03344e-13
      1565.20  9.91473e-13
      1566.20  1.00860e-12
      1567.40  9.95880e-13
      1568.60  9.55282e-13
      1569.80  9.59834e-13
      1571.00  9.38150e-13
      1572.20  8.64581e-13
      1573.40  9.22240e-13
      1574.60  8.95968e-13
      1575.80  9.41707e-13
      1577.00  9.68911e-13
      1578.00  1.00875e-12
      1579.20  9.83952e-13
      1580.40  1.03892e-12
      1581.60  9.87274e-13
      1582.80  9.46150e-13
      1584.00  9.47734e-13
      1585.20  9.55924e-13
      1586.40  9.76630e-13
      1587.60  9.16403e-13
      1588.80  9.37924e-13
      1589.80  9.23896e-13
      1591.00  9.18846e-13
      1592.20  9.24294e-13
      1593.40  9.21154e-13
      1594.60  9.67200e-13
      1595.80  9.70920e-13
      1597.00  9.39761e-13
      1598.20  8.92504e-13
      1599.40  9.20557e-13
      1600.60  9.26675e-13
      1601.60  8.64787e-13
      1602.80  9.45915e-13
      1604.00  9.44992e-13
      1605.20  9.00064e-13
      1606.40  8.77247e-13
      1607.60  9.15072e-13
      1608.80  1.00369e-12
      1610.00  9.26068e-13
      1611.20  8.83036e-13
      1612.40  8.59774e-13
      1613.40  8.80115e-13
      1614.60  9.41897e-13
      1615.80  9.03052e-13
      1617.00  8.25028e-13
      1618.20  8.39984e-13
      1619.40  9.18539e-13
      1620.60  9.70504e-13
      1621.80  9.45870e-13
      1623.00  9.03614e-13
      1624.00  9.18502e-13
      1625.20  8.91211e-13
      1626.40  8.82781e-13
      1627.60  9.08177e-13
      1628.80  8.55123e-13
      1630.00  8.68973e-13
      1631.20  9.03166e-13
      1632.40  9.18041e-13
      1633.60  9.45988e-13
      1634.80  9.99962e-13
      1635.80  1.01739e-12
      1637.00  1.01648e-12
      1638.20  1.22340e-12
      1639.40  1.27895e-12
      1640.60  1.33748e-12
      1641.80  1.32616e-12
      1643.00  1.18080e-12
      1644.20  1.04164e-12
      1645.40  9.30322e-13
      1646.60  9.15553e-13
      1647.60  9.17353e-13
      1648.80  9.33788e-13
      1650.00  8.24520e-13
      1651.20  8.37114e-13
      1652.40  9.37164e-13
      1653.60  9.05027e-13
      1654.80  9.35652e-13
      1656.00  1.00214e-12
      1657.20  1.05331e-12
      1658.40  1.05712e-12
      1659.40  1.02397e-12
      1660.60  9.71970e-13
      1661.80  9.55997e-13
      1663.00  9.50892e-13
      1664.20  9.13317e-13
      1665.40  9.41318e-13
      1666.60  9.26594e-13
      1667.80  8.95057e-13
      1669.00  8.95092e-13
      1670.20  8.45889e-13
      1671.20  8.72298e-13
      1672.40  9.13181e-13
      1673.60  9.25698e-13
      1674.80  9.37173e-13
      1676.00  9.03655e-13
      1677.20  9.02699e-13
      1678.40  9.16348e-13
      1679.60  8.44195e-13
      1680.80  8.64309e-13
      1682.00  9.01500e-13
      1683.00  8.93186e-13
      1684.20  8.76393e-13
      1685.40  8.51678e-13
      1686.60  8.21925e-13
      1687.80  8.77467e-13
      1689.00  9.18783e-13
      1690.20  8.83255e-13
      1691.40  8.97145e-13
      1692.60  9.22647e-13
      1693.80  9.38377e-13
      1694.80  9.81799e-13
      1696.00  9.29236e-13
      1697.20  8.73115e-13
      1698.40  9.03414e-13
      1699.60  9.29064e-13
      1700.80  9.06448e-13
      1702.00  9.23163e-13
      1703.20  8.63035e-13
      1704.40  8.59016e-13
      1705.60  8.84541e-13
      1706.60  8.86574e-13
      1707.80  8.82862e-13
      1709.00  8.38633e-13
      1710.20  8.49484e-13
      1711.40  8.99533e-13
      1712.60  9.19308e-13
      1713.80  9.02756e-13
      1715.00  9.24078e-13
      1716.20  9.29969e-13
      1717.40  8.94684e-13
      1718.40  9.38920e-13
      1719.60  9.82070e-13
      1720.80  9.51209e-13
      1722.00  9.09679e-13
      1723.20  8.66201e-13
      1724.40  8.72601e-13
      1725.60  9.13434e-13
      1726.80  8.99843e-13
      1728.00  8.96471e-13
      1729.00  9.12023e-13
      1730.20  8.87260e-13
      1731.40  8.89690e-13
      1732.60  8.58215e-13
      1733.80  8.51778e-13
      1735.00  8.74485e-13
      1736.20  9.18575e-13
      1737.40  9.19462e-13
      1738.60  9.01060e-13
      1739.80  9.24186e-13
      1740.80  9.07353e-13
      1742.00  8.74120e-13
      1743.20  8.71628e-13
      1744.40  8.90405e-13
      1745.60  9.01284e-13
      1746.80  9.39842e-13
      1748.00  9.71563e-13
      1749.20  9.45065e-13
      1750.40  9.37960e-13
      1751.60  9.39752e-13
      1752.60  9.14059e-13
      1753.80  9.45454e-13
      1755.00  9.60803e-13
      1756.20  9.49481e-13
      1757.40  9.61961e-13
      1758.60  9.55255e-13
      1759.80  9.05778e-13
      1761.00  8.74637e-13
      1762.20  9.34205e-13
      1763.40  9.68305e-13
      1764.40  9.53345e-13
      1765.60  9.19209e-13
      1766.80  9.48313e-13
      1768.00  9.55037e-13
      1769.20  9.34847e-13
      1770.40  9.28775e-13
      1771.60  9.12304e-13
      1772.80  9.29055e-13
      1774.00  9.49553e-13
      1775.20  9.59291e-13
      1776.20  9.63418e-13
      1777.40  9.52214e-13
      1778.60  9.32666e-13
      1779.80  9.30404e-13
      1781.00  9.06864e-13
      1782.20  9.35408e-13
      1783.40  9.41734e-13
      1784.60  9.60314e-13
      1785.80  9.63942e-13
      1787.00  9.53173e-13
      1788.00  9.00290e-13
      1789.20  8.55029e-13
      1790.40  7.69101e-13
      1791.60  6.53421e-13
      1792.80  6.08697e-13
      1794.00  6.76058e-13
      1795.20  7.63210e-13
      1796.40  8.27825e-13
      1797.60  8.78014e-13
      1798.80  9.07479e-13
      1799.80  9.05661e-13
      1801.00  9.33263e-13
      1802.20  9.36639e-13
      1803.40  9.32313e-13
      1804.60  9.15290e-13
      1805.80  9.47435e-13
      1807.00  9.53925e-13
      1808.20  9.68133e-13
      1809.40  9.54666e-13
      1810.60  9.47508e-13
      1811.60  9.17969e-13
      1812.80  9.03634e-13
      1814.00  9.07036e-13
      1815.20  9.26892e-13
      1816.40  9.30404e-13
      1817.60  9.70965e-13
      1818.80  9.51725e-13
      1820.00  9.33734e-13
      1821.20  9.05814e-13
      1822.40  9.03989e-13
      1823.40  9.09516e-13
      1824.60  9.24087e-13
      1825.80  9.29571e-13
      1827.00  9.40929e-13
      1828.20  9.36901e-13
      1829.40  9.15127e-13
      1830.60  8.86911e-13
      1831.80  8.84396e-13
      1833.00  8.62304e-13
      1834.00  8.57203e-13
      1835.20  8.61891e-13
      1836.40  8.76745e-13
      1837.60  8.74995e-13
      1838.80  8.77201e-13
      1840.00  8.83721e-13
      1841.20  8.71956e-13
      1842.40  8.88024e-13
      1843.60  8.95326e-13
      1844.80  8.74047e-13
      1845.80  8.77324e-13
      1847.00  8.83572e-13
      1848.20  8.96329e-13
      1849.40  8.81894e-13
      1850.60  9.08918e-13
      1851.80  9.23281e-13
      1853.00  9.39001e-13
      1854.20  9.34874e-13
      1855.40  9.34666e-13
      1856.60  9.26874e-13
      1857.60  9.41571e-13
      1858.80  9.47453e-13
      1860.00  9.45490e-13
      1861.20  9.35454e-13
      1862.40  9.45942e-13
      1863.60  9.21218e-13
      1864.80  9.29082e-13
      1866.00  9.06810e-13
      1867.20  8.80264e-13
      1868.40  8.47711e-13
      1869.40  8.74892e-13
      1870.60  8.66611e-13
      1871.80  8.89516e-13
      1873.00  8.85776e-13
      1874.20  8.85161e-13
      1875.40  8.71371e-13
      1876.60  8.76740e-13
      1877.80  8.55092e-13
      1879.00  8.53898e-13
      1880.20  8.54591e-13
      1881.20  8.79859e-13
      1882.40  8.74356e-13
      1883.60  8.87448e-13
      1884.80  8.64007e-13
      1886.00  8.71332e-13
      1887.20  8.62445e-13
      1888.40  8.81976e-13
      1889.60  8.66718e-13
      1890.80  8.82746e-13
      1892.00  8.88005e-13
      1893.00  9.03072e-13
      1894.20  8.94698e-13
      1895.40  8.97920e-13
      1896.60  8.95029e-13
      1897.80  8.91044e-13
      1899.00  8.77049e-13
      1900.20  8.83600e-13
      1901.40  8.75461e-13
      1902.60  8.70805e-13
      1903.80  8.49707e-13
      1904.80  8.49372e-13
      1906.00  8.44982e-13
      1907.20  8.69755e-13
      1908.40  8.72618e-13
      1909.60  8.81504e-13
      1910.80  8.70743e-13
      1912.00  8.76717e-13
      1913.20  8.79164e-13
      1914.40  8.85747e-13
      1915.60  8.83582e-13
      1916.60  8.97617e-13
      1917.80  8.78270e-13
      1919.00  8.70597e-13
      1920.20  8.52006e-13
      1921.40  8.55653e-13
      1922.60  8.73449e-13
      1923.80  8.80391e-13
      1925.00  8.68052e-13
      1926.20  8.82507e-13
      1927.40  9.04005e-13
      1928.40  9.07833e-13
      1929.60  9.09724e-13
      1930.80  9.00447e-13
      1932.00  8.85632e-13
      1933.20  8.87745e-13
      1934.40  8.62717e-13
      1935.60  8.71308e-13
      1936.80  8.50826e-13
      1938.00  8.56429e-13
      1939.00  8.49721e-13
      1940.20  8.64315e-13
      1941.40  8.56888e-13
      1942.60  8.55110e-13
      1943.80  8.49514e-13
      1945.00  8.40282e-13
      1946.20  8.42839e-13
      1947.40  8.41151e-13
      1948.60  8.45706e-13
      1949.80  8.46740e-13
      1950.80  8.50668e-13
      1952.00  8.65740e-13
      1953.20  8.69180e-13
      1954.40  8.82580e-13
      1955.60  8.84873e-13
      1956.80  8.90060e-13
      1958.00  8.71841e-13
      1959.20  8.76348e-13
      1960.40  8.78340e-13
      1961.60  8.76408e-13
      1962.60  8.73482e-13
      1963.80  8.76310e-13
      1965.00  8.72391e-13
      1966.20  8.54339e-13
      1967.40  8.38843e-13
      1968.60  8.31253e-13
      1969.80  8.38676e-13
      1971.00  8.37616e-13
      1972.20  8.24685e-13
      1973.40  8.27186e-13
      1974.40  8.29359e-13
      1975.60  8.41836e-13
      1976.80  8.45486e-13
      1978.00  8.54392e-13
      1979.20  8.51170e-13
      1980.40  8.54412e-13
      1981.60  8.58148e-13
      1982.80  8.78720e-13
      2000.40  8.27129e-13
      2002.20  8.26077e-13
      2004.20  8.13100e-13
      2006.00  8.13968e-13
      2009.80  8.11608e-13
      2011.60  7.76301e-13
      2013.60  7.64399e-13
      2015.40  7.79952e-13
      2017.20  7.83437e-13
      2019.20  8.02249e-13
      2021.00  7.98108e-13
      2022.80  7.69029e-13
      2024.80  7.56335e-13
      2026.60  7.55447e-13
      2028.40  7.91780e-13
      2030.40  7.63592e-13
      2032.20  7.43074e-13
      2034.00  7.58783e-13
      2036.00  7.73590e-13
      2037.80  7.96627e-13
      2039.60  8.28727e-13
      2041.60  8.23499e-13
      2043.40  8.16787e-13
      2045.40  8.47513e-13
      2047.20  8.46929e-13
      2049.00  8.39907e-13
      2051.00  8.80814e-13
      2052.80  8.96394e-13
      2054.60  8.66242e-13
      2056.60  8.47937e-13
      2058.40  8.55984e-13
      2060.20  8.86650e-13
      2062.20  9.19416e-13
      2064.00  9.18367e-13
      2065.80  8.96980e-13
      2067.80  8.71271e-13
      2069.60  8.64659e-13
      2071.40  8.45233e-13
      2073.40  8.67215e-13
      2075.20  8.65876e-13
      2077.00  8.34914e-13
      2079.00  8.04307e-13
      2080.80  7.92596e-13
      2082.60  8.09752e-13
      2084.60  7.82469e-13
      2086.40  7.47799e-13
      2088.40  7.33398e-13
      2090.20  7.00365e-13
      2092.00  6.99835e-13
      2094.00  7.62204e-13
      2095.80  8.13582e-13
      2097.60  8.01165e-13
      2099.60  7.80965e-13
      2101.40  7.82864e-13
      2103.20  8.01485e-13
      2105.20  8.54057e-13
      2107.00  8.83904e-13
      2108.80  9.24711e-13
      2110.80  9.68268e-13
      2112.60  9.93518e-13
      2114.40  9.78305e-13
      2116.40  9.92948e-13
      2118.20  1.02378e-12
      2120.00  1.05962e-12
      2122.00  1.06238e-12
      2123.80  1.06641e-12
      2125.60  1.10926e-12
      2127.60  1.11323e-12
      2129.40  1.12768e-12
      2131.40  1.14538e-12
      2133.20  1.10829e-12
      2135.00  1.07821e-12
      2137.00  1.07792e-12
      2138.80  1.07394e-12
      2140.60  1.08679e-12
      2142.60  1.07834e-12
      2144.40  1.04546e-12
      2146.20  1.03184e-12
      2148.20  1.03820e-12
      2150.00  1.03227e-12
      2151.80  1.01465e-12
      2153.80  9.99527e-13
      2155.60  1.00419e-12
      2157.40  1.04217e-12
      2159.40  1.07971e-12
      2161.20  1.06003e-12
      2163.00  1.04051e-12
      2165.00  1.02714e-12
      2166.80  1.04317e-12
      2168.60  1.04755e-12
      2170.60  1.05217e-12
      2172.40  1.06119e-12
      2174.40  1.03886e-12
      2176.20  1.02478e-12
      2178.00  1.01860e-12
      2180.00  1.00330e-12
      2181.80  1.00536e-12
      2183.60  9.95509e-13
      2185.60  9.95916e-13
      2187.40  9.84178e-13
      2189.20  9.74540e-13
      2191.20  9.62639e-13
      2193.00  9.71608e-13
      2194.80  9.57182e-13
      2196.80  9.25607e-13
      2198.60  8.75112e-13
      2200.40  8.99439e-13
      2202.40  1.06710e-12
      2204.20  6.90961e-13
      2206.00  1.79206e-12
      2208.00  1.69924e-12
      2209.80  7.09521e-13
      2211.80  1.22692e-12
      2213.60  1.53037e-12
      2215.40  8.09128e-13
      2217.40  6.18951e-13
      2219.20  1.16498e-12
      2221.00  1.44348e-12
      2223.00  1.06938e-12
      2224.80  1.23316e-12
      2226.60  1.15142e-12
      2228.60  1.06030e-12
      2230.40  1.52200e-12
      2232.20  9.34638e-13
      2234.20  1.44566e-12
      2236.00  1.75147e-12
      2237.80  1.45884e-12
      2239.80  9.53508e-13
      2241.60  1.22895e-12
      2243.40  1.33232e-12
      2245.40  1.41581e-12
      2247.20  1.34693e-12
      2249.00  1.19477e-12
      2251.00  1.69714e-12
      2252.80  1.90448e-12
      2254.80  2.26614e-12
      2256.60  1.76391e-12
      2258.40  1.57999e-12
      2260.40  2.48651e-12
      2262.20  2.35680e-12
      2264.00  1.80635e-12
      2266.00  1.54065e-12
      2267.80  1.83636e-12
      2269.60  2.04488e-12
      2271.60  1.88088e-12
      2273.40  1.19647e-12
      2275.20  1.55497e-12
      2277.20  2.14681e-12
      2279.00  1.81512e-12
      2280.80  1.64307e-12
      2282.80  1.84756e-12
      2284.60  9.18149e-13
      2286.40  1.36253e-12
      2288.40  1.81246e-12
      2290.20  1.22652e-12
      2292.00  1.20022e-12
      2294.00  1.66791e-12
      2295.80  1.68016e-12
      2297.80  1.63456e-12
      2299.60  2.17450e-12
      2301.40  2.38422e-12
      2303.40  1.98413e-12
      2305.20  1.44689e-12
      2307.00  1.26733e-12
      2309.00  1.03234e-12
      2310.80  1.46654e-12
      2312.60  1.15366e-12
      2314.60  1.38003e-12
      2316.40  1.60796e-12
      2318.20  1.52971e-12
      2320.20  1.94645e-12
      2322.00  1.54627e-12
      2323.80  1.40310e-12
      2325.80  1.81659e-12
      2327.60  2.41838e-12
      2329.40  2.40383e-12
      2331.40  2.34006e-12
      2333.20  2.79171e-12
      2335.00  2.35902e-12
      2337.00  2.13091e-12
      2338.80  2.89503e-12
      2340.80  3.13011e-12
      2342.60  3.04665e-12
      2344.40  3.41295e-12
      2346.40  3.42249e-12
      2348.20  2.89449e-12
      2350.00  3.10706e-12
      2352.00  2.98661e-12
      2353.80  2.05523e-12
      2355.60  2.31190e-12
      2357.60  2.51165e-12
      2359.40  3.02473e-12
      2361.20  3.68812e-12
      2363.20  3.27472e-12
      2365.00  3.33287e-12
      2366.80  3.24712e-12
      2368.80  3.37346e-12
      2370.60  3.02167e-12
      2372.40  2.48904e-12
      2374.40  2.30446e-12
      2376.20  2.41771e-12
      2378.00  3.45391e-12
      2380.00  4.22862e-12
      2381.80  4.70586e-12
      2383.80  4.55572e-12
      2385.60  4.45346e-12
      2387.40  3.32320e-12
      2389.40  2.82878e-12
      2391.20  2.70014e-12
      2393.00  3.30606e-12
      2395.00  3.89637e-12
      2396.80  3.60801e-12
      2398.60  3.73768e-12
      2400.60  3.77797e-12
      2402.40  3.69356e-12
      2404.20  3.89074e-12
      2406.20  3.75071e-12
      2408.00  4.19539e-12
      2409.80  4.93672e-12
      2411.80  3.91804e-12
      2413.60  3.56181e-12
      2415.40  2.95428e-12
      2417.40  1.83938e-12
      2419.20  1.93771e-12
      2421.00  2.27600e-12
      2423.00  2.37537e-12
      2424.80  2.47116e-12
      2426.80  2.67292e-12
      2428.60  2.75718e-12
      2430.40  2.92503e-12
      2432.40  2.85720e-12
      2434.20  2.61226e-12
      2436.00  3.09306e-12
      2438.00  2.85555e-12
      2439.80  2.92325e-12
      2441.60  2.69002e-12
      2443.60  2.39098e-12
      2445.40  2.79838e-12
      2447.20  3.02952e-12
      2449.20  3.02248e-12
      2451.00  2.72731e-12
      2452.80  2.58974e-12
      2454.80  2.53392e-12
      2456.60  2.74040e-12
      2458.40  2.82034e-12
      2460.40  2.86417e-12
      2462.20  2.97108e-12
      2464.00  2.94493e-12
      2466.00  3.06033e-12
      2467.80  3.26162e-12
      2469.80  3.03194e-12
      2471.60  3.12026e-12
      2473.40  2.76548e-12
      2475.40  3.02812e-12
      2477.20  3.23260e-12
      2479.00  3.47185e-12
      2481.00  3.90755e-12
      2482.80  3.33427e-12
      2484.60  2.87969e-12
      2486.60  3.09555e-12
      2488.40  3.08957e-12
      2490.20  3.03498e-12
      2492.20  3.67160e-12
      2494.00  3.13182e-12
      2495.80  2.59777e-12
      2497.80  2.81441e-12
      2499.60  2.53565e-12
      2501.40  2.59478e-12
      2503.40  2.51080e-12
      2505.20  3.20296e-12
      2507.20  3.60234e-12
      2509.00  3.30165e-12
      2510.80  2.75207e-12
      2512.80  2.93210e-12
      2514.60  3.25421e-12
      2516.40  3.40002e-12
      2518.40  3.00759e-12
      2520.20  3.20739e-12
      2522.00  3.57367e-12
      2524.00  3.95293e-12
      2525.80  4.40569e-12
      2527.60  4.20158e-12
      2529.60  4.57224e-12
      2531.40  4.60818e-12
      2533.20  4.05650e-12
      2535.20  3.71048e-12
      2537.00  4.43068e-12
      2538.80  4.70823e-12
      2540.80  4.39289e-12
      2542.60  3.83575e-12
      2544.40  3.71813e-12
      2546.40  3.75625e-12
      2548.20  3.97704e-12
      2550.20  4.01545e-12
      2552.00  3.62856e-12
      2553.80  2.82380e-12
      2555.80  2.62014e-12
      2557.60  2.72497e-12
      2559.40  2.81208e-12
      2561.40  2.95272e-12
      2563.20  2.73751e-12
      2565.00  3.01446e-12
      2567.00  2.93885e-12
      2568.80  2.74819e-12
      2570.60  3.01781e-12
      2572.60  3.45270e-12
      2574.40  3.23266e-12
      2576.20  2.89831e-12
      2578.20  2.73498e-12
      2580.00  2.55780e-12
      2581.80  2.85579e-12
      2583.80  3.56038e-12
      2585.60  3.86810e-12
      2587.40  3.42435e-12
      2589.40  3.05298e-12
      2591.20  3.02144e-12
      2593.20  3.17766e-12
      2595.00  3.46951e-12
      2596.80  3.77938e-12
      2598.80  4.04950e-12
      2600.60  4.11430e-12
      2602.40  3.60990e-12
      2604.40  3.70956e-12
      2606.20  4.25638e-12
      2608.00  4.41788e-12
      2610.00  4.76032e-12
      2611.80  4.78033e-12
      2613.60  4.15890e-12
      2615.60  4.99051e-12
      2617.40  4.16982e-12
      2619.20  4.10443e-12
      2621.20  4.18294e-12
      2623.00  4.37240e-12
      2624.80  4.40993e-12
      2626.80  4.65471e-12
      2628.60  4.87801e-12
      2630.40  4.93007e-12
      2632.40  4.67843e-12
      2634.20  3.39439e-12
      2636.20  2.58798e-12
      2638.00  2.51526e-12
      2639.80  2.54408e-12
      2641.80  2.32094e-12
      2643.60  2.37777e-12
      2645.40  2.14259e-12
      2647.40  2.07530e-12
      2649.20  2.02570e-12
      2651.00  2.12880e-12
      2653.00  2.30583e-12
      2654.80  2.44627e-12
      2656.60  2.42604e-12
      2658.60  2.34931e-12
      2660.40  2.50072e-12
      2662.20  2.93650e-12
      2664.20  3.30410e-12
      2666.00  2.98247e-12
      2667.80  2.77887e-12
      2669.80  2.83362e-12
      2671.60  3.09325e-12
      2673.40  2.74425e-12
      2675.40  2.47484e-12
      2677.20  2.56918e-12
      2679.20  2.86764e-12
      2681.00  2.99007e-12
      2682.80  2.61951e-12
      2684.80  2.59000e-12
      2686.60  3.00186e-12
      2688.40  3.00717e-12
      2690.40  2.88152e-12
      2692.20  3.00147e-12
      2694.00  2.92848e-12
      2696.00  2.93862e-12
      2697.80  3.23317e-12
      2699.60  2.90557e-12
      2701.60  3.02001e-12
      2703.40  3.30185e-12
      2705.20  3.47166e-12
      2707.20  3.27201e-12
      2709.00  3.29964e-12
      2710.80  3.30648e-12
      2712.80  3.71239e-12
      2714.60  3.62107e-12
      2716.40  3.37842e-12
      2718.40  3.23925e-12
      2720.20  3.29150e-12
      2722.20  3.54976e-12
      2724.00  3.37262e-12
      2725.80  3.59543e-12
      2727.80  4.02747e-12
      2729.60  4.04852e-12
      2731.40  3.98694e-12
      2733.40  4.12997e-12
      2735.20  4.25849e-12
      2737.00  4.83468e-12
      2739.00  4.97175e-12
      2740.80  4.82402e-12
      2742.60  4.56865e-12
      2744.60  4.92300e-12
      2746.40  5.05821e-12
      2748.20  4.88280e-12
      2750.20  4.62128e-12
      2752.00  4.85237e-12
      2753.80  4.71299e-12
      2755.80  4.45405e-12
      2757.60  4.34102e-12
      2759.40  4.28535e-12
      2761.40  4.29643e-12
      2763.20  4.13323e-12
      2765.20  4.50806e-12
      2767.00  4.05022e-12
      2768.80  4.30639e-12
      2770.80  3.79710e-12
      2772.60  3.67190e-12
      2774.40  3.66981e-12
      2776.40  3.48726e-12
      2778.20  3.59696e-12
      2780.00  3.94918e-12
      2782.00  3.97036e-12
      2783.80  3.68492e-12
      2785.60  3.71096e-12
      2787.60  4.07716e-12
      2789.40  4.50976e-12
      2791.10  3.99064e-12
      2791.20  3.99064e-12
      2792.90  3.99064e-12
      2793.20  3.99064e-12
      2794.60  4.09930e-12
      2795.00  4.09930e-12
      2796.40  9.33553e-12
      2796.80  4.09930e-12
      2798.10  4.09930e-12
      2798.80  4.09930e-12
      2799.90  4.09930e-12
      2800.60  4.09930e-12
      2801.60  4.09930e-12
      2802.40  4.09930e-12
      2803.40  7.45885e-12
      2804.40  4.09930e-12
      2805.10  4.09930e-12
      2806.20  3.99064e-12
      2806.90  3.99064e-12
      2808.20  3.99064e-12
      2808.60  3.99064e-12
      2810.00  3.49991e-12
      2811.80  3.35424e-12
      2813.80  3.21655e-12
      2815.60  3.15023e-12
      2817.40  2.90382e-12
      2819.40  3.52130e-12
      2821.20  3.51453e-12
      2823.00  3.49568e-12
      2825.00  3.46352e-12
      2826.80  3.44545e-12
      2828.60  3.43409e-12
      2830.60  3.40969e-12
      2832.40  3.30652e-12
      2834.20  3.17028e-12
      2836.20  3.06806e-12
      2838.00  3.05122e-12
      2839.80  3.08313e-12
      2841.80  3.13631e-12
      2843.60  3.18238e-12
      2845.40  3.20900e-12
      2847.40  3.20875e-12
      2849.20  3.20399e-12
      2851.20  3.20972e-12
      2853.00  3.20957e-12
      2854.80  3.21357e-12
      2856.80  3.21549e-12
      2858.60  3.21571e-12
      2860.40  3.20196e-12
      2862.40  3.20664e-12
      2864.20  3.21316e-12
      2866.00  3.18901e-12
      2868.00  3.16044e-12
      2869.80  3.16980e-12
      2871.60  3.26582e-12
      2873.60  3.39299e-12
      2875.40  3.48519e-12
      2877.20  3.50658e-12
      2879.20  3.47576e-12
      2881.00  3.42590e-12
      2882.80  3.45224e-12
      2884.80  3.10412e-12
      2886.60  3.15214e-12
      2888.40  3.18400e-12
      2890.40  3.20412e-12
      2892.20  3.02615e-12
      2894.20  2.93960e-12
      2896.00  2.99920e-12
      2897.80  2.86968e-12
      2899.80  3.00205e-12
      2901.60  2.82281e-12
      2903.40  2.56783e-12
      2905.40  2.55951e-12
      2907.20  2.74903e-12
      2909.00  2.93890e-12
      2911.00  3.00122e-12
      2912.80  2.83972e-12
      2914.60  3.02198e-12
      2916.60  3.03929e-12
      2918.40  3.03692e-12
      2920.20  2.92766e-12
      2922.20  3.27585e-12
      2924.00  3.61029e-12
      2925.80  3.81317e-12
      2927.80  3.91419e-12
      2929.60  3.82694e-12
      2931.40  3.57298e-12
      2933.40  3.52998e-12
      2935.20  3.63808e-12
      2937.20  3.47603e-12
      2939.00  3.65658e-12
      2940.80  3.68108e-12
      2942.80  3.62225e-12
      2944.60  3.64646e-12
      2946.40  3.67580e-12
      2948.40  3.66659e-12
      2950.20  3.69647e-12
      2952.00  3.64957e-12
      2954.00  3.67238e-12
      2955.80  3.44326e-12
      2957.60  3.54591e-12
      2959.60  3.61641e-12
      2961.40  3.73292e-12
      2963.20  3.70233e-12
      2965.20  3.56676e-12
      2967.00  3.59328e-12
      2968.80  3.41360e-12
      2970.80  3.60468e-12
      2972.60  3.51721e-12
      2974.40  3.53975e-12
      2976.40  3.49938e-12
      2978.20  3.32538e-12
      2980.20  3.34542e-12
      2982.00  3.75081e-12
      2983.80  3.83845e-12
      2985.80  3.58710e-12
      2987.60  3.26774e-12
      2989.40  2.96527e-12
      2991.40  2.95908e-12
      2993.20  2.95355e-12
      2995.00  2.93916e-12
      2997.00  3.05783e-12
      2998.80  3.46631e-12
      3000.60  3.54470e-12
      3002.60  3.44348e-12
      3004.40  3.26397e-12
      3006.20  2.79040e-12
      3008.20  2.60474e-12
      3010.00  2.44547e-12
      3011.80  2.55627e-12
      3013.80  2.87758e-12
      3015.60  3.09989e-12
      3017.40  3.15972e-12
      3019.40  3.06586e-12
      3021.20  3.16533e-12
      3023.20  3.17036e-12
      3025.00  3.26679e-12
      3026.80  3.22420e-12
      3028.80  3.18710e-12
      3030.60  3.02651e-12
      3032.40  3.00063e-12
      3034.40  3.16064e-12
      3036.20  3.16919e-12
      3038.00  3.23459e-12
      3040.00  3.19550e-12
      3041.80  3.12480e-12
      3043.60  3.04484e-12
      3045.60  2.98615e-12
      3047.40  2.93686e-12
      3049.20  2.97257e-12
      3051.20  3.08114e-12
      3053.00  3.21660e-12
      3054.80  3.30495e-12
      3056.80  3.16598e-12
      3058.60  3.10129e-12
      3060.40  3.07053e-12
      3062.40  3.17253e-12
      3064.20  3.34916e-12
      3066.20  3.30465e-12
      3068.00  3.36838e-12
      3069.80  3.31306e-12
      3071.80  3.28817e-12
      3073.60  3.17493e-12
      3075.40  3.08302e-12
      3077.40  3.01979e-12
      3079.20  3.19553e-12
      3081.00  3.15876e-12
      3083.00  3.01144e-12
      3084.80  2.89647e-12
      3086.60  2.76889e-12
      3088.60  2.94133e-12
      3090.40  3.28837e-12
      3092.20  3.67685e-12
      3094.20  3.69816e-12
      3096.00  3.62424e-12
      3097.80  3.58201e-12
      3099.80  3.52715e-12
      3101.60  3.46647e-12
      3103.40  3.34554e-12
      3105.40  3.26912e-12
      3107.20  3.29152e-12
      3109.20  3.36548e-12
      3111.00  3.26722e-12
      3112.80  2.97828e-12
      3114.80  3.06078e-12
      3116.60  3.03019e-12
      3118.40  3.05237e-12
      3120.40  2.88819e-12
      3122.20  2.81250e-12
      3124.00  2.85345e-12
      3126.00  2.88250e-12
      3127.80  2.73663e-12
      3129.60  2.72999e-12
      3131.60  2.66223e-12
      3133.40  2.71237e-12
      3135.20  2.64624e-12
      3137.20  2.49908e-12
      3139.00  2.49525e-12
      3140.80  2.38636e-12
      3142.80  2.38775e-12
      3144.60  2.35922e-12
      3146.40  2.21935e-12
      3148.40  2.41958e-12
      3150.20  2.78628e-12
      3152.20  3.21485e-12
      3154.00  3.33916e-12
      3155.80  3.09328e-12
      3157.80  3.25253e-12
      3159.60  3.15420e-12
      3161.40  3.01497e-12
      3163.40  2.81982e-12
      3165.20  2.73096e-12
      3167.00  2.67217e-12
      3169.00  2.85024e-12
      3170.80  2.84234e-12
      3172.60  2.82974e-12
      3174.60  2.90514e-12
      3176.40  3.17901e-12
      3178.20  3.47808e-12
      3180.20  3.50587e-12
      3182.00  3.61550e-12
      3183.80  3.35489e-12
      3185.80  3.08892e-12
      3187.60  3.16682e-12
      3189.40  3.10118e-12
      3191.40  3.34157e-12
      3193.20  3.17896e-12
      3195.20  3.11990e-12
      3197.00  2.86476e-12
      3198.80  2.77551e-12
      3200.80  2.89212e-12
      3202.60  2.99304e-12
      3204.40  3.08721e-12
      3206.40  3.03376e-12
      3208.20  2.87010e-12
      3210.00  2.76957e-12
      3212.00  2.67247e-12
      3213.80  2.66167e-12
      3215.60  2.81232e-12
      3217.60  2.83550e-12
      3219.40  2.65853e-12
      3221.20  2.68106e-12
      3223.20  2.77523e-12
      3225.00  3.01638e-12
      3226.80  3.19659e-12
      3228.80  3.20630e-12
      3230.60  3.19980e-12
      3232.40  3.09788e-12
      3234.40  3.02280e-12
      3236.20  2.68557e-12
      3238.20  2.63138e-12
      3240.00  2.49849e-12
      3241.80  2.72017e-12
      3243.80  2.93385e-12
      3245.60  3.06504e-12
      3247.40  3.03078e-12
      3249.40  3.00628e-12
      3251.20  3.32095e-12
      3253.00  3.63117e-12
      3255.00  4.13023e-12
      3256.80  4.18236e-12
      3258.60  3.86226e-12
      3260.60  3.88057e-12
      3262.40  4.08201e-12
      3264.20  4.09690e-12
      3266.20  4.22481e-12
      3268.00  4.60144e-12
      3269.80  4.90817e-12
      3271.80  5.00996e-12
      3273.60  4.52221e-12
      3275.40  4.19027e-12
      3277.40  4.41365e-12
      3279.20  4.13189e-12
      3281.20  3.90207e-12
      3283.00  3.92520e-12
      3284.80  3.98538e-12
      3286.80  4.12287e-12
      3288.60  4.11068e-12
      3290.40  4.08976e-12
      3292.40  4.31506e-12
      3294.20  4.48545e-12
      3296.00  4.72013e-12
      3298.00  4.72091e-12
      3299.80  5.04420e-12
      3301.60  2.08140e-12
      3303.60  1.87674e-12
      3550.04  1.77151e-12
      3551.78  2.37063e-12
      3553.52  2.37887e-12
      3555.25  2.23130e-12
      3556.99  2.31020e-12
      3558.73  2.21564e-12
      3560.47  2.01034e-12
      3562.21  2.31279e-12
      3563.95  2.25124e-12
      3565.69  2.20268e-12
      3567.42  2.13765e-12
      3569.16  2.52677e-12
      3570.90  2.33785e-12
      3572.64  2.36958e-12
      3574.38  2.14067e-12
      3576.12  2.25836e-12
      3577.86  2.21450e-12
      3579.59  2.20878e-12
      3581.33  2.35692e-12
      3583.07  2.27353e-12
      3584.81  2.36585e-12
      3586.55  2.42549e-12
      3588.29  2.26500e-12
      3590.03  1.95800e-12
      3591.77  2.41150e-12
      3593.50  1.92656e-12
      3595.24  2.00541e-12
      3596.98  2.22800e-12
      3598.72  1.94250e-12
      3600.46  2.10350e-12
      3602.20  1.86450e-12
      3603.94  2.45250e-12
      3605.68  2.18400e-12
      3607.42  2.29060e-12
      3609.15  2.49600e-12
      3610.89  2.00500e-12
      3612.63  2.04700e-12
      3614.37  2.13300e-12
      3616.11  2.23050e-12
      3617.85  2.37007e-12
      3619.59  2.19442e-12
      3621.33  2.48681e-12
      3623.07  1.90764e-12
      3624.80  2.17500e-12
      3626.54  2.05100e-12
      3628.28  2.26077e-12
      3630.02  2.06366e-12
      3631.76  2.24541e-12
      3633.50  2.09340e-12
      3635.24  2.46822e-12
      3636.98  2.22376e-12
      3638.72  2.03556e-12
      3640.46  2.14545e-12
      3642.20  1.89114e-12
      3643.94  2.20779e-12
      3645.67  2.35160e-12
      3647.41  2.12639e-12
      3649.15  2.25463e-12
      3650.89  2.13886e-12
      3652.63  2.16974e-12
      3654.37  2.05980e-12
      3656.11  2.13898e-12
      3657.85  1.93866e-12
      3659.59  2.11177e-12
      3661.33  2.13863e-12
      3663.07  2.33330e-12
      3664.81  2.32788e-12
      3666.55  2.08808e-12
      3668.29  2.20512e-12
      3670.02  2.33383e-12
      3671.76  1.98858e-12
      3673.50  2.31745e-12
      3675.24  1.96637e-12
      3676.98  2.24879e-12
      3678.72  2.32300e-12
      3680.46  2.33188e-12
      3682.20  2.30613e-12
      3683.94  2.29859e-12
      3685.68  2.36397e-12
      3687.42  2.27395e-12
      3689.16  2.24993e-12
      3690.90  2.18359e-12
      3692.64  2.25486e-12
      3694.38  2.10357e-12
      3696.12  2.15046e-12
      3697.86  2.37577e-12
      3699.60  2.08153e-12
      3701.34  1.85056e-12
      3703.08  2.16074e-12
      3704.82  2.54874e-12
      3706.56  2.58926e-12
      3708.30  2.09424e-12
      3710.03  2.18535e-12
      3711.77  2.25900e-12
      3713.51  2.34622e-12
      3715.25  1.96125e-12
      3716.99  1.92202e-12
      3718.73  1.97493e-12
      3720.47  2.24056e-12
      3722.21  2.71675e-12
      3723.95  2.32348e-12
      3725.69  2.07420e-12
      3727.43  2.08765e-12
      3729.17  2.00347e-12
      3730.91  1.97018e-12
      3732.65  2.14718e-12
      3734.39  2.80155e-12
      3736.13  2.63152e-12
      3737.87  2.49039e-12
      3739.61  1.95958e-12
      3741.35  1.99241e-12
      3743.09  1.94727e-12
      3744.83  2.09485e-12
      3746.57  2.22411e-12
      3748.31  2.23712e-12
      3750.05  2.92170e-12
      3751.79  2.61745e-12
      3753.53  2.19873e-12
      3755.27  1.79480e-12
      3757.01  1.81188e-12
      3758.75  2.01460e-12
      3760.49  2.00320e-12
      3762.23  1.93432e-12
      3763.97  1.79652e-12
      3765.71  1.92295e-12
      3767.45  2.13570e-12
      3769.19  2.50614e-12
      3770.93  3.17451e-12
      3772.67  2.77302e-12
      3774.41  2.31656e-12
      3776.15  2.02369e-12
      3777.89  2.06810e-12
      3779.63  1.92834e-12
      3781.37  1.75098e-12
      3783.11  1.78302e-12
      3784.86  1.86438e-12
      3786.60  1.86689e-12
      3788.34  2.00865e-12
      3790.08  1.92779e-12
      3791.82  1.93648e-12
      3793.56  2.13221e-12
      3795.30  2.49539e-12
      3797.04  3.16262e-12
      3798.78  3.99098e-12
      3800.52  2.80591e-12
      3802.26  2.24527e-12
      3804.00  2.09752e-12
      3805.74  1.92799e-12
      3807.48  1.91477e-12
      3809.22  1.75477e-12
      3810.96  1.74984e-12
      3812.70  1.69099e-12
      3814.44  1.75723e-12
      3816.18  1.82168e-12
      3817.92  1.76006e-12
      3819.66  1.82053e-12
      3821.40  1.92361e-12
      3823.15  1.71275e-12
      3824.89  1.91003e-12
      3826.63  1.98092e-12
      3828.37  2.01807e-12
      3830.11  2.18656e-12
      3831.85  2.47363e-12
      3833.59  2.85509e-12
      3835.33  4.17317e-12
      3837.07  3.88684e-12
      3838.81  2.84496e-12
      3840.55  2.27782e-12
      3842.29  2.02686e-12
      3844.03  1.92039e-12
      3845.77  1.76690e-12
      3847.51  1.74579e-12
      3849.26  1.63210e-12
      3851.00  1.72272e-12
      3852.74  1.59059e-12
      3854.48  1.62152e-12
      3856.22  1.83374e-12
      3857.96  1.75491e-12
      3859.70  1.80153e-12
      3861.44  1.72183e-12
      3863.18  1.65826e-12
      3864.92  1.66324e-12
      3866.66  1.72371e-12
      3868.41  1.67621e-12
      3870.15  1.59934e-12
      3871.89  1.69110e-12
      3873.63  1.74318e-12
      3875.37  1.63488e-12
      3877.11  1.68560e-12
      3878.85  1.92960e-12
      3880.59  1.84149e-12
      3882.33  1.87038e-12
      3884.07  2.14752e-12
      3885.82  2.47578e-12
      3887.56  3.39386e-12
      3889.30  5.24715e-12
      3891.04  4.01252e-12
      3892.78  2.78958e-12
      3894.52  2.30277e-12
      3896.26  2.06452e-12
      3898.00  1.97051e-12
      3899.74  1.85498e-12
      3901.49  1.87197e-12
      3903.23  1.74958e-12
      3904.97  1.80611e-12
      3906.71  2.00977e-12
      3908.45  1.67276e-12
      3910.19  1.60826e-12
      3911.93  1.58692e-12
      3913.67  1.63030e-12
      3915.42  1.65966e-12
      3917.16  1.66532e-12
      3918.90  1.63927e-12
      3920.64  1.73510e-12
      3922.38  1.66880e-12
      3924.12  1.67259e-12
      3925.86  1.61921e-12
      3927.61  1.68759e-12
      3929.35  1.75639e-12
      3931.09  1.85723e-12
      3932.83  2.55078e-12
      3934.57  4.74443e-12
      3936.31  2.04188e-12
      3938.05  1.72871e-12
      3939.80  1.65974e-12
      3941.54  1.63306e-12
      3943.28  1.65173e-12
      3945.02  1.72808e-12
      3946.76  1.60021e-12
      3948.50  1.64528e-12
      3950.25  1.65029e-12
      3951.99  1.60504e-12
      3953.73  1.63555e-12
      3955.47  1.66721e-12
      3957.21  1.76949e-12
      3958.95  1.69490e-12
      3960.70  1.74767e-12
      3962.44  1.96460e-12
      3964.18  2.13280e-12
      3965.92  2.45563e-12
      3967.66  3.65373e-12
      3969.40  6.62333e-12
      3971.15  5.88702e-12
      3972.89  3.53267e-12
      3974.63  2.67195e-12
      3976.37  2.26448e-12
      3978.11  2.03244e-12
      3979.85  1.82210e-12
      3981.60  1.76480e-12
      3983.34  1.71675e-12
      3985.08  1.67350e-12
      3986.82  1.68693e-12
      3988.56  1.61152e-12
      3990.31  1.60402e-12
      3992.05  1.61441e-12
      3993.79  1.57212e-12
      3995.53  1.60460e-12
      3997.27  1.67607e-12
      3999.02  1.62812e-12
      4000.76  1.57594e-12
      4002.50  1.63360e-12
      4004.24  1.64022e-12
      4005.98  1.73410e-12
      4007.73  1.68822e-12
      4009.47  1.63876e-12
      4011.21  1.62201e-12
      4012.95  1.64707e-12
      4014.69  1.66406e-12
      4016.44  1.62990e-12
      4018.18  1.66723e-12
      4019.92  1.60973e-12
      4021.66  1.63584e-12
      4023.40  1.67364e-12
      4025.15  1.73436e-12
      4026.89  2.00872e-12
      4028.63  1.73263e-12
      4030.37  1.67043e-12
      4032.12  1.66485e-12
      4033.86  1.66913e-12
      4035.60  1.64578e-12
      4037.34  1.65428e-12
      4039.08  1.60179e-12
      4040.83  1.62478e-12
      4042.57  1.64487e-12
      4044.31  1.67896e-12
      4046.05  1.74925e-12
      4047.80  1.63626e-12
      4049.54  1.61542e-12
      4051.28  1.62642e-12
      4053.02  1.66182e-12
      4054.77  1.64245e-12
      4056.51  1.65519e-12
      4058.25  1.72377e-12
      4059.99  1.64066e-12
      4061.74  1.63726e-12
      4063.48  1.73194e-12
      4065.22  1.65647e-12
      4066.96  1.65600e-12
      4068.71  1.67776e-12
      4070.45  1.61531e-12
      4072.19  1.70328e-12
      4073.93  1.61134e-12
      4075.68  1.63312e-12
      4077.42  1.76196e-12
      4079.16  1.76625e-12
      4080.90  1.66355e-12
      4082.65  1.60528e-12
      4084.39  1.67555e-12
      4086.13  1.69073e-12
      4087.87  1.66206e-12
      4089.62  1.69858e-12
      4091.36  1.72834e-12
      4093.10  1.85608e-12
      4094.84  1.99774e-12
      4096.59  2.29939e-12
      4098.33  2.83137e-12
      4100.07  3.85476e-12
      4101.82  6.50555e-12
      4103.56  5.32076e-12
      4105.30  3.30774e-12
      4107.04  2.61609e-12
      4108.79  2.23535e-12
      4110.53  2.01445e-12
      4112.27  1.86443e-12
      4114.02  1.77137e-12
      4115.76  1.70115e-12
      4117.50  1.65046e-12
      4119.24  1.70650e-12
      4120.99  1.69835e-12
      4122.73  1.70874e-12
      4124.47  1.66992e-12
      4126.22  1.67870e-12
      4127.96  1.68594e-12
      4129.70  1.62293e-12
      4131.44  1.66455e-12
      4133.19  1.74981e-12
      4134.93  1.66206e-12
      4136.67  1.62858e-12
      4138.42  1.62127e-12
      4140.16  1.60369e-12
      4141.90  1.61053e-12
      4143.65  1.72452e-12
      4145.39  1.70844e-12
      4147.13  1.64330e-12
      4148.88  1.63595e-12
      4150.62  1.63676e-12
      4152.36  1.63422e-12
      4154.11  1.68701e-12
      4155.85  1.67347e-12
      4157.59  1.66756e-12
      4159.34  1.67392e-12
      4161.08  1.64887e-12
      4162.82  1.63828e-12
      4164.56  1.64378e-12
      4166.31  1.60826e-12
      4168.05  1.66098e-12
      4169.79  1.61384e-12
      4171.54  1.66487e-12
      4173.28  1.71268e-12
      4175.02  1.67190e-12
      4176.77  1.65514e-12
      4178.51  1.69056e-12
      4180.25  1.67398e-12
      4182.00  1.65878e-12
      4183.74  1.64460e-12
      4185.49  1.57770e-12
      4187.23  1.63534e-12
      4188.97  1.64668e-12
      4190.72  1.60861e-12
      4192.46  1.63318e-12
      4194.20  1.57817e-12
      4195.95  1.64422e-12
      4197.69  1.61957e-12
      4199.43  1.68881e-12
      4201.18  1.62093e-12
      4202.92  1.65090e-12
      4204.66  1.61396e-12
      4206.41  1.58194e-12
      4208.15  1.60454e-12
      4209.89  1.58914e-12
      4211.64  1.58985e-12
      4213.38  1.55540e-12
      4215.13  1.62002e-12
      4216.87  1.68560e-12
      4218.61  1.58056e-12
      4220.36  1.56662e-12
      4222.10  1.51280e-12
      4223.84  1.52152e-12
      4225.59  1.56065e-12
      4227.33  1.76186e-12
      4229.08  1.51271e-12
      4230.82  1.46480e-12
      4232.56  1.54798e-12
      4234.31  1.71369e-12
      4236.05  1.57726e-12
      4237.79  1.57059e-12
      4239.54  1.58056e-12
      4241.28  1.54564e-12
      4243.03  1.50752e-12
      4244.77  1.54948e-12
      4246.51  1.57360e-12
      4248.26  1.60920e-12
      4250.00  1.59207e-12
      4251.75  1.64677e-12
      4253.49  1.52455e-12
      4255.23  1.58577e-12
      4256.98  1.51802e-12
      4258.72  1.53228e-12
      4260.47  1.63524e-12
      4262.21  1.57640e-12
      4263.95  1.52543e-12
      4265.70  1.52376e-12
      4267.44  1.55729e-12
      4269.19  1.55826e-12
      4270.93  1.59948e-12
      4272.67  1.65349e-12
      4274.42  1.54910e-12
      4276.16  1.54617e-12
      4277.91  1.51207e-12
      4279.65  1.55031e-12
      4281.39  1.56776e-12
      4283.14  1.57610e-12
      4284.88  1.53686e-12
      4286.63  1.54800e-12
      4288.37  1.53862e-12
      4290.12  1.59834e-12
      4291.86  1.56595e-12
      4293.60  1.57177e-12
      4295.35  1.62768e-12
      4297.09  1.55372e-12
      4298.84  1.57897e-12
      4300.58  1.65989e-12
      4302.33  1.55783e-12
      4304.07  1.61537e-12
      4305.81  1.56080e-12
      4307.56  1.59095e-12
      4309.30  1.60634e-12
      4311.05  1.54370e-12
      4312.79  1.59481e-12
      4314.54  1.61335e-12
      4316.28  1.57120e-12
      4318.03  1.51143e-12
      4319.77  1.54603e-12
      4321.51  1.55953e-12
      4323.26  1.58581e-12
      4325.00  1.62481e-12
      4326.75  1.71569e-12
      4328.49  1.68096e-12
      4330.24  1.75161e-12
      4331.98  1.85800e-12
      4333.73  2.03458e-12
      4335.47  2.35763e-12
      4337.22  2.96335e-12
      4338.96  4.23254e-12
      4340.71  7.44547e-12
      4342.45  5.36903e-12
      4344.19  3.35175e-12
      4345.94  2.55858e-12
      4347.68  2.15429e-12
      4349.43  1.95852e-12
      4351.17  1.86182e-12
      4352.92  1.87483e-12
      4354.66  1.62511e-12
      4356.41  1.60994e-12
      4358.15  1.59812e-12
      4359.90  1.57603e-12
      4361.64  1.56158e-12
      4363.39  1.55060e-12
      4365.13  1.54198e-12
      4366.88  1.56824e-12
      4368.62  1.57298e-12
      4370.37  1.57873e-12
      4372.11  1.56706e-12
      4373.86  1.57573e-12
      4375.60  1.60612e-12
      4377.35  1.57248e-12
      4379.09  1.53957e-12
      4380.84  1.54539e-12
      4382.58  1.56988e-12
      4384.33  1.69930e-12
      4386.07  1.65429e-12
      4387.82  1.65921e-12
      4389.56  1.63789e-12
      4391.31  1.56341e-12
      4393.05  1.58390e-12
      4394.80  1.59612e-12
      4396.54  1.61963e-12
      4398.29  1.56108e-12
      4400.03  1.59532e-12
      4401.78  1.61073e-12
      4403.52  1.58086e-12
      4405.27  1.64565e-12
      4407.01  1.55224e-12
      4408.76  1.59005e-12
      4410.50  1.58123e-12
      4412.25  1.59113e-12
      4413.99  1.59212e-12
      4415.74  1.68569e-12
      4417.48  1.71331e-12
      4419.23  1.63858e-12
      4420.97  1.57727e-12
      4422.72  1.59477e-12
      4424.46  1.59540e-12
      4426.21  1.56189e-12
      4427.95  1.61125e-12
      4429.70  1.57196e-12
      4431.45  1.62349e-12
      4433.19  1.61377e-12
      4434.94  1.58748e-12
      4436.68  1.58000e-12
      4438.43  1.59315e-12
      4440.17  2.20873e-12
