      1003.60  1.91103e-14
      1007.00  9.15019e-14
      1008.20  1.46204e-13
      1011.80  1.59884e-13
      1013.00  3.59810e-14
      1015.40  9.61242e-14
      1016.60  1.68852e-13
      1017.60  5.19738e-14
      1018.80  4.44736e-14
      1023.60  2.76528e-14
      1024.80  6.04391e-15
      1026.00  4.74625e-14
      1027.20  4.24121e-14
      1029.40  1.54717e-14
      1030.60  6.73989e-14
      1035.40  7.62366e-14
      1036.60  3.96069e-14
      1044.80  4.76322e-14
      1046.00  1.53975e-14
      1048.40  3.02532e-14
      1050.80  1.31062e-13
      1052.00  1.25175e-13
      1053.00  2.91307e-14
      1056.60  1.55654e-13
      1057.80  1.07711e-13
      1063.80  1.17740e-15
      1069.60  4.79053e-14
      1072.00  9.28967e-15
      1076.60  3.41203e-15
      1079.00  1.75747e-14
      1080.20  2.92868e-14
      1083.80  3.05560e-14
      1086.20  1.47343e-14
      1088.40  3.35117e-14
      1089.60  1.32740e-13
      1094.40  1.97334e-14
      1095.60  6.48294e-14
      1098.00  1.30114e-14
      1099.20  2.99052e-14
      1103.80  6.79053e-14
      1105.00  1.15726e-14
      1106.20  9.33768e-15
      1108.60  2.66181e-14
      1112.00  3.38529e-14
      1113.20  4.15158e-14
      1114.40  2.40927e-15
      1115.60  7.45478e-14
      1116.80  9.31472e-14
      1118.00  7.39803e-14
      1119.20  7.87351e-14
      1120.40  8.90931e-14
      1121.60  2.33534e-14
      1122.60  3.19334e-14
      1125.00  2.13724e-14
      1129.80  1.29227e-14
      1132.20  1.11162e-14
      1133.40  5.50590e-15
      1134.40  1.07174e-13
      1135.60  3.89473e-14
      1136.80  8.50439e-14
      1138.00  3.73041e-14
      1139.20  8.16384e-14
      1140.40  8.14313e-14
      1141.60  1.90198e-13
      1142.80  1.11604e-13
      1144.00  1.69293e-13
      1145.20  1.84406e-13
      1146.20  2.85984e-13
      1147.40  2.36567e-13
      1148.60  3.55592e-13
      1149.80  3.56594e-13
      1151.00  5.57782e-14
      1152.20  6.02337e-14
      1153.40  6.15051e-14
      1154.60  5.82296e-14
      1155.80  5.87200e-14
      1157.00  7.74850e-14
      1158.00  8.81939e-14
      1159.20  7.98926e-14
      1160.40  1.13900e-13
      1161.60  1.67283e-13
      1162.80  1.16485e-13
      1164.00  8.13223e-14
      1165.20  7.47269e-14
      1166.40  8.40742e-14
      1167.60  7.72702e-14
      1168.80  8.34969e-14
      1169.80  8.47749e-14
      1171.00  1.11736e-13
      1172.20  1.83398e-13
      1173.40  2.65800e-13
      1174.60  2.96317e-13
      1175.80  2.98359e-13
      1177.00  2.22686e-13
      1178.20  1.50059e-13
      1179.40  1.10781e-13
      1180.60  8.98782e-14
      1181.60  7.84133e-14
      1182.80  7.12862e-14
      1184.00  7.74215e-14
      1185.20  7.17946e-14
      1186.40  6.66835e-14
      1187.60  7.90189e-14
      1188.80  7.62460e-14
      1190.00  7.23522e-14
      1191.20  7.63428e-14
      1192.40  7.63428e-14
      1193.40  7.63428e-14
      1194.60  7.63428e-14
      1195.80  7.63428e-14
      1197.00  7.63428e-14
      1198.20  7.63428e-14
      1199.40  7.63428e-14
      1200.91  7.63428e-14
      1202.61  7.63428e-14
      1204.41  7.61078e-14
      1206.11  4.46236e-13
      1207.91  7.61078e-14
      1209.61  7.61078e-14
      1211.41  7.61078e-14
      1213.11  1.95804e-13
      1214.91  2.46033e-12
      1216.61  2.72575e-12
      1218.41  3.17640e-13
      1220.11  7.63428e-14
      1221.91  7.63428e-14
      1223.61  7.63428e-14
      1225.41  7.63428e-14
      1227.11  7.63428e-14
      1228.91  7.63428e-14
      1231.20  7.95789e-14
      1232.40  8.15109e-14
      1233.60  8.31816e-14
      1234.80  8.06769e-14
      1236.00  9.54522e-14
      1237.20  1.05321e-13
      1238.40  9.83022e-14
      1239.40  1.01663e-13
      1240.60  1.03902e-13
      1241.80  1.01613e-13
      1243.00  9.33592e-14
      1244.20  9.85035e-14
      1245.40  1.00870e-13
      1246.60  1.02244e-13
      1247.80  1.05722e-13
      1249.00  9.36741e-14
      1250.20  8.96745e-14
      1251.20  8.65162e-14
      1252.40  8.29438e-14
      1253.60  8.25551e-14
      1254.80  8.03805e-14
      1256.00  9.23009e-14
      1257.20  8.57032e-14
      1258.40  7.81509e-14
      1259.60  7.88520e-14
      1260.80  8.43813e-14
      1262.00  9.67925e-14
      1263.00  9.21464e-14
      1264.20  9.16191e-14
      1265.40  8.54965e-14
      1266.60  8.82353e-14
      1267.80  9.60882e-14
      1269.00  9.22423e-14
      1270.20  8.95453e-14
      1271.40  8.37310e-14
      1272.60  8.47778e-14
      1273.80  9.58381e-14
      1274.80  9.36318e-14
      1276.00  8.48536e-14
      1277.20  8.96076e-14
      1278.40  8.53801e-14
      1279.60  9.59360e-14
      1280.80  8.53186e-14
      1282.00  9.07618e-14
      1283.20  8.93961e-14
      1284.40  8.87971e-14
      1285.60  9.49939e-14
      1286.60  9.61091e-14
      1287.80  1.03294e-13
      1289.00  9.47934e-14
      1290.20  1.11355e-13
      1291.40  9.74621e-14
      1292.60  1.01458e-13
      1293.80  1.07930e-13
      1295.00  1.18132e-13
      1296.20  1.29082e-13
      1297.40  1.38943e-13
      1298.40  1.33813e-13
      1299.60  1.18628e-13
      1300.80  1.26396e-13
      1302.00  1.25490e-13
      1303.20  1.32271e-13
      1304.40  1.13023e-13
      1305.60  1.00480e-13
      1306.80  1.02728e-13
      1308.00  9.60258e-14
      1309.20  8.51702e-14
      1310.20  9.74198e-14
      1311.40  1.08537e-13
      1312.60  9.59701e-14
      1313.80  9.48499e-14
      1315.00  9.29549e-14
      1316.20  9.43251e-14
      1317.40  9.36179e-14
      1318.60  8.50201e-14
      1319.80  9.64670e-14
      1320.80  8.66113e-14
      1322.00  8.91460e-14
      1323.20  9.58782e-14
      1324.40  9.73149e-14
      1325.60  9.68987e-14
      1326.80  9.57971e-14
      1328.00  8.56441e-14
      1329.20  9.85133e-14
      1330.40  9.75305e-14
      1331.60  1.04938e-13
      1332.60  1.39554e-13
      1333.80  1.62386e-13
      1335.00  1.77421e-13
      1336.20  1.75629e-13
      1337.40  1.59349e-13
      1338.60  1.25907e-13
      1339.80  1.01681e-13
      1341.00  8.28799e-14
      1342.20  9.50886e-14
      1343.40  9.87048e-14
      1344.40  8.95810e-14
      1345.60  9.59201e-14
      1346.80  8.76162e-14
      1348.00  9.29000e-14
      1349.20  8.53165e-14
      1350.40  7.86203e-14
      1351.60  8.51837e-14
      1352.80  8.74158e-14
      1354.00  9.25625e-14
      1355.20  9.84256e-14
      1356.20  9.24317e-14
      1357.40  8.44125e-14
      1358.60  8.42567e-14
      1359.80  8.59635e-14
      1361.00  8.72919e-14
      1362.20  8.44854e-14
      1363.40  8.92636e-14
      1364.60  9.40972e-14
      1365.80  9.61952e-14
      1367.00  9.23124e-14
      1368.00  8.79201e-14
      1369.20  9.05215e-14
      1370.40  8.31296e-14
      1371.60  8.86060e-14
      1372.80  1.02062e-13
      1374.00  9.21693e-14
      1375.20  8.52103e-14
      1376.40  7.82870e-14
      1377.60  8.86704e-14
      1378.80  9.08479e-14
      1379.80  8.17925e-14
      1381.00  8.91115e-14
      1382.20  9.64707e-14
      1383.40  8.17458e-14
      1384.60  8.43428e-14
      1385.80  8.73805e-14
      1387.00  8.71283e-14
      1388.20  9.63038e-14
      1389.40  1.05037e-13
      1390.60  1.24872e-13
      1391.60  1.62082e-13
      1392.80  2.00307e-13
      1394.00  2.05785e-13
      1395.20  1.85216e-13
      1396.40  1.41196e-13
      1397.60  1.13751e-13
      1398.80  1.17781e-13
      1400.00  1.33185e-13
      1401.20  1.61136e-13
      1402.40  1.62052e-13
      1403.40  1.57940e-13
      1404.60  1.53599e-13
      1405.80  1.16026e-13
      1407.00  9.81788e-14
      1408.20  9.14293e-14
      1409.40  9.91693e-14
      1410.60  8.49623e-14
      1411.80  8.22665e-14
      1413.00  8.95277e-14
      1414.00  9.16449e-14
      1415.20  9.10139e-14
      1416.40  9.48713e-14
      1417.60  9.39570e-14
      1418.80  9.36601e-14
      1420.00  8.63571e-14
      1421.20  8.52153e-14
      1422.40  9.44760e-14
      1423.60  9.02599e-14
      1424.80  9.15334e-14
      1425.80  8.98147e-14
      1427.00  8.46589e-14
      1428.20  8.70603e-14
      1429.40  8.85810e-14
      1430.60  9.20820e-14
      1431.80  8.89381e-14
      1433.00  9.75383e-14
      1434.20  8.73157e-14
      1435.40  8.38454e-14
      1436.60  8.55342e-14
      1437.60  8.55096e-14
      1438.80  8.49967e-14
      1440.00  8.56076e-14
      1441.20  8.22116e-14
      1442.40  8.60845e-14
      1443.60  8.88180e-14
      1444.80  9.25568e-14
      1446.00  8.96027e-14
      1447.20  9.00910e-14
      1448.40  8.88807e-14
      1449.40  8.95219e-14
      1450.60  9.72809e-14
      1451.80  9.06687e-14
      1453.00  8.38409e-14
      1454.20  8.40537e-14
      1455.40  9.02837e-14
      1456.60  9.03879e-14
      1457.80  9.68860e-14
      1459.00  9.27433e-14
      1460.20  8.91480e-14
      1461.20  9.05400e-14
      1462.40  9.31538e-14
      1463.60  8.67331e-14
      1464.80  9.02862e-14
      1466.00  9.76568e-14
      1467.20  9.36687e-14
      1468.40  9.68053e-14
      1469.60  1.01342e-13
      1470.80  9.73735e-14
      1472.00  9.10189e-14
      1473.00  9.37634e-14
      1474.20  9.86470e-14
      1475.40  9.50570e-14
      1476.60  9.72501e-14
      1477.80  9.81017e-14
      1479.00  9.18200e-14
      1480.20  9.61201e-14
      1481.40  1.02092e-13
      1482.60  9.32485e-14
      1483.80  9.55592e-14
      1484.80  1.02476e-13
      1486.00  9.94949e-14
      1487.20  1.07088e-13
      1488.40  9.95814e-14
      1489.60  1.03793e-13
      1490.80  9.57745e-14
      1492.00  9.67889e-14
      1493.20  9.80287e-14
      1494.40  1.03066e-13
      1495.60  1.02860e-13
      1496.60  1.00901e-13
      1497.80  1.03011e-13
      1499.00  1.03606e-13
      1500.20  1.06059e-13
      1501.40  1.05943e-13
      1502.60  1.06549e-13
      1503.80  9.55420e-14
      1505.00  9.68311e-14
      1506.20  9.43190e-14
      1507.40  9.58914e-14
      1508.40  9.31689e-14
      1509.60  9.12259e-14
      1510.80  9.52403e-14
      1512.00  9.84793e-14
      1513.20  9.12161e-14
      1514.40  8.36753e-14
      1515.60  8.44067e-14
      1516.80  8.37126e-14
      1518.00  9.20508e-14
      1519.00  1.02372e-13
      1520.20  9.65006e-14
      1521.40  9.45396e-14
      1522.60  9.70537e-14
      1523.80  9.97770e-14
      1525.00  1.09814e-13
      1526.20  9.91673e-14
      1527.40  9.36872e-14
      1528.60  1.03497e-13
      1529.80  1.09524e-13
      1530.80  1.02952e-13
      1532.00  1.00239e-13
      1533.20  9.80660e-14
      1534.40  1.03705e-13
      1535.60  9.61595e-14
      1536.80  9.61595e-14
      1538.00  9.61595e-14
      1539.20  9.61595e-14
      1540.40  9.61595e-14
      1541.60  9.61595e-14
      1542.60  9.61595e-14
      1543.80  9.61595e-14
      1545.00  9.61595e-14
      1546.20  1.06565e-13
      1547.40  1.25832e-13
      1548.60  1.34070e-13
      1549.80  1.33953e-13
      1551.00  1.25601e-13
      1552.20  1.16457e-13
      1553.40  9.63337e-14
      1554.40  9.61595e-14
      1555.60  9.61595e-14
      1556.80  9.61595e-14
      1558.00  9.61595e-14
      1559.20  9.61595e-14
      1560.40  9.61595e-14
      1561.60  9.61595e-14
      1562.80  9.61595e-14
      1564.00  9.61595e-14
      1565.20  1.05541e-13
      1566.20  1.07365e-13
      1567.40  1.06010e-13
      1568.60  1.01688e-13
      1569.80  1.02173e-13
      1571.00  9.98647e-14
      1572.20  9.20332e-14
      1573.40  9.81710e-14
      1574.60  9.53743e-14
      1575.80  1.00243e-13
      1577.00  1.03139e-13
      1578.00  1.07380e-13
      1579.20  1.04740e-13
      1580.40  1.10592e-13
      1581.60  1.05094e-13
      1582.80  1.00716e-13
      1584.00  1.00885e-13
      1585.20  1.01757e-13
      1586.40  1.03961e-13
      1587.60  9.75498e-14
      1588.80  9.98405e-14
      1589.80  9.83473e-14
      1591.00  9.78098e-14
      1592.20  9.83899e-14
      1593.40  9.80554e-14
      1594.60  1.02957e-13
      1595.80  1.03353e-13
      1597.00  1.00036e-13
      1598.20  9.50057e-14
      1599.40  9.79918e-14
      1600.60  9.86433e-14
      1601.60  9.20554e-14
      1602.80  1.00691e-13
      1604.00  1.00593e-13
      1605.20  9.58106e-14
      1606.40  9.33817e-14
      1607.60  9.74084e-14
      1608.80  1.06841e-13
      1610.00  9.85785e-14
      1611.20  9.39980e-14
      1612.40  9.15215e-14
      1613.40  9.36872e-14
      1614.60  1.00264e-13
      1615.80  9.61287e-14
      1617.00  8.78229e-14
      1618.20  8.94149e-14
      1619.40  9.77770e-14
      1620.60  1.03309e-13
      1621.80  1.00686e-13
      1623.00  9.61882e-14
      1624.00  9.77733e-14
      1625.20  9.48680e-14
      1626.40  9.39709e-14
      1627.60  9.66741e-14
      1628.80  9.10267e-14
      1630.00  9.25010e-14
      1631.20  9.61406e-14
      1632.40  9.77241e-14
      1633.60  1.00699e-13
      1634.80  1.06444e-13
      1635.80  1.08300e-13
      1637.00  1.08203e-13
      1638.20  1.30229e-13
      1639.40  1.36142e-13
      1640.60  1.42373e-13
      1641.80  1.41168e-13
      1643.00  1.25694e-13
      1644.20  1.10881e-13
      1645.40  9.90316e-14
      1646.60  9.74592e-14
      1647.60  9.76511e-14
      1648.80  9.94006e-14
      1650.00  8.77692e-14
      1651.20  8.91095e-14
      1652.40  9.97597e-14
      1653.60  9.63387e-14
      1654.80  9.95990e-14
      1656.00  1.06677e-13
      1657.20  1.12123e-13
      1658.40  1.12529e-13
      1659.40  1.09000e-13
      1660.60  1.03465e-13
      1661.80  1.01765e-13
      1663.00  1.01221e-13
      1664.20  9.72214e-14
      1665.40  1.00202e-13
      1666.60  9.86347e-14
      1667.80  9.52776e-14
      1669.00  9.52813e-14
      1670.20  9.00439e-14
      1671.20  9.28549e-14
      1672.40  9.72066e-14
      1673.60  9.85392e-14
      1674.80  9.97606e-14
      1676.00  9.61927e-14
      1677.20  9.60910e-14
      1678.40  9.75441e-14
      1679.60  8.98635e-14
      1680.80  9.20045e-14
      1682.00  9.59635e-14
      1683.00  9.50783e-14
      1684.20  9.32907e-14
      1685.40  9.06601e-14
      1686.60  8.74928e-14
      1687.80  9.34051e-14
      1689.00  9.78032e-14
      1690.20  9.40213e-14
      1691.40  9.54998e-14
      1692.60  9.82144e-14
      1693.80  9.98889e-14
      1694.80  1.04511e-13
      1696.00  9.89160e-14
      1697.20  9.29418e-14
      1698.40  9.61673e-14
      1699.60  9.88975e-14
      1700.80  9.64900e-14
      1702.00  9.82694e-14
      1703.20  9.18688e-14
      1704.40  9.14412e-14
      1705.60  9.41583e-14
      1706.60  9.43747e-14
      1707.80  9.39795e-14
      1709.00  8.92714e-14
      1710.20  9.04264e-14
      1711.40  9.57540e-14
      1712.60  9.78590e-14
      1713.80  9.60972e-14
      1715.00  9.83665e-14
      1716.20  9.89939e-14
      1717.40  9.52378e-14
      1718.40  9.99467e-14
      1719.60  1.04540e-13
      1720.80  1.01255e-13
      1722.00  9.68340e-14
      1723.20  9.22058e-14
      1724.40  9.28873e-14
      1725.60  9.72337e-14
      1726.80  9.57872e-14
      1728.00  9.54280e-14
      1729.00  9.70836e-14
      1730.20  9.44477e-14
      1731.40  9.47060e-14
      1732.60  9.13559e-14
      1733.80  9.06704e-14
      1735.00  9.30877e-14
      1736.20  9.77811e-14
      1737.40  9.78754e-14
      1738.60  9.59168e-14
      1739.80  9.83784e-14
      1740.80  9.65863e-14
      1742.00  9.30488e-14
      1743.20  9.27835e-14
      1744.40  9.47823e-14
      1745.60  9.59405e-14
      1746.80  1.00045e-13
      1748.00  1.03421e-13
      1749.20  1.00601e-13
      1750.40  9.98446e-14
      1751.60  1.00035e-13
      1752.60  9.73001e-14
      1753.80  1.00642e-13
      1755.00  1.02276e-13
      1756.20  1.01071e-13
      1757.40  1.02399e-13
      1758.60  1.01686e-13
      1759.80  9.64186e-14
      1761.00  9.31037e-14
      1762.20  9.94449e-14
      1763.40  1.03075e-13
      1764.40  1.01482e-13
      1765.60  9.78483e-14
      1766.80  1.00947e-13
      1768.00  1.01662e-13
      1769.20  9.95129e-14
      1770.40  9.88667e-14
      1771.60  9.71136e-14
      1772.80  9.88967e-14
      1774.00  1.01079e-13
      1775.20  1.02115e-13
      1776.20  1.02554e-13
      1777.40  1.01362e-13
      1778.60  9.92809e-14
      1779.80  9.90402e-14
      1781.00  9.65342e-14
      1782.20  9.95728e-14
      1783.40  1.00246e-13
      1784.60  1.02224e-13
      1785.80  1.02611e-13
      1787.00  1.01464e-13
      1788.00  9.58344e-14
      1789.20  9.10168e-14
      1790.40  8.18696e-14
      1791.60  6.95556e-14
      1792.80  6.47950e-14
      1794.00  7.19656e-14
      1795.20  8.12427e-14
      1796.40  8.81205e-14
      1797.60  9.34633e-14
      1798.80  9.65998e-14
      1799.80  9.64063e-14
      1801.00  9.93444e-14
      1802.20  9.97040e-14
      1803.40  9.92435e-14
      1804.60  9.74313e-14
      1805.80  1.00853e-13
      1807.00  1.01544e-13
      1808.20  1.03056e-13
      1809.40  1.01623e-13
      1810.60  1.00861e-13
      1811.60  9.77163e-14
      1812.80  9.61907e-14
      1814.00  9.65527e-14
      1815.20  9.86663e-14
      1816.40  9.90402e-14
      1817.60  1.03358e-13
      1818.80  1.01310e-13
      1820.00  9.93944e-14
      1821.20  9.64227e-14
      1822.40  9.62284e-14
      1823.40  9.68167e-14
      1824.60  9.83678e-14
      1825.80  9.89516e-14
      1827.00  1.00160e-13
      1828.20  9.97319e-14
      1829.40  9.74141e-14
      1830.60  9.44104e-14
      1831.80  9.41427e-14
      1833.00  9.17909e-14
      1834.00  9.12481e-14
      1835.20  9.17470e-14
      1836.40  9.33284e-14
      1837.60  9.31419e-14
      1838.80  9.33768e-14
      1840.00  9.40709e-14
      1841.20  9.28184e-14
      1842.40  9.45289e-14
      1843.60  9.53063e-14
      1844.80  9.30410e-14
      1845.80  9.33899e-14
      1847.00  9.40549e-14
      1848.20  9.54129e-14
      1849.40  9.38762e-14
      1850.60  9.67532e-14
      1851.80  9.82821e-14
      1853.00  9.99553e-14
      1854.20  9.95162e-14
      1855.40  9.94936e-14
      1856.60  9.86642e-14
      1857.60  1.00229e-13
      1858.80  1.00855e-13
      1860.00  1.00646e-13
      1861.20  9.95777e-14
      1862.40  1.00694e-13
      1863.60  9.80623e-14
      1864.80  9.88996e-14
      1866.00  9.65285e-14
      1867.20  9.37028e-14
      1868.40  9.02378e-14
      1869.40  9.31312e-14
      1870.60  9.22497e-14
      1871.80  9.46876e-14
      1873.00  9.42895e-14
      1874.20  9.42243e-14
      1875.40  9.27561e-14
      1876.60  9.33276e-14
      1877.80  9.10234e-14
      1879.00  9.08963e-14
      1880.20  9.09701e-14
      1881.20  9.36597e-14
      1882.40  9.30738e-14
      1883.60  9.44674e-14
      1884.80  9.19721e-14
      1886.00  9.27520e-14
      1887.20  9.18061e-14
      1888.40  9.38852e-14
      1889.60  9.22608e-14
      1890.80  9.39672e-14
      1892.00  9.45269e-14
      1893.00  9.61308e-14
      1894.20  9.52394e-14
      1895.40  9.55822e-14
      1896.60  9.52747e-14
      1897.80  9.48504e-14
      1899.00  9.33604e-14
      1900.20  9.40578e-14
      1901.40  9.31915e-14
      1902.60  9.26958e-14
      1903.80  9.04502e-14
      1904.80  9.04145e-14
      1906.00  8.99471e-14
      1907.20  9.25843e-14
      1908.40  9.28889e-14
      1909.60  9.38348e-14
      1910.80  9.26892e-14
      1912.00  9.33251e-14
      1913.20  9.35859e-14
      1914.40  9.42866e-14
      1915.60  9.40558e-14
      1916.60  9.55502e-14
      1917.80  9.34908e-14
      1919.00  9.26736e-14
      1920.20  9.06950e-14
      1921.40  9.10832e-14
      1922.60  9.29775e-14
      1923.80  9.37163e-14
      1925.00  9.24030e-14
      1926.20  9.39418e-14
      1927.40  9.62300e-14
      1928.40  9.66376e-14
      1929.60  9.68389e-14
      1930.80  9.58512e-14
      1932.00  9.42743e-14
      1933.20  9.44990e-14
      1934.40  9.18348e-14
      1935.60  9.27495e-14
      1936.80  9.05691e-14
      1938.00  9.11656e-14
      1939.00  9.04514e-14
      1940.20  9.20053e-14
      1941.40  9.12144e-14
      1942.60  9.10254e-14
      1943.80  9.04297e-14
      1945.00  8.94469e-14
      1946.20  8.97192e-14
      1947.40  8.95392e-14
      1948.60  9.00242e-14
      1949.80  9.01345e-14
      1950.80  9.05523e-14
      1952.00  9.21566e-14
      1953.20  9.25232e-14
      1954.40  9.39496e-14
      1955.60  9.41935e-14
      1956.80  9.47454e-14
      1958.00  9.28061e-14
      1959.20  9.32862e-14
      1960.40  9.34982e-14
      1961.60  9.32923e-14
      1962.60  9.29811e-14
      1963.80  9.32821e-14
      1965.00  9.28647e-14
      1966.20  9.09430e-14
      1967.40  8.92936e-14
      1968.60  8.84859e-14
      1969.80  8.92759e-14
      1971.00  8.91632e-14
      1972.20  8.77864e-14
      1973.40  8.80529e-14
      1974.40  8.82841e-14
      1975.60  8.96121e-14
      1976.80  9.00008e-14
      1978.00  9.09488e-14
      1979.20  9.06056e-14
      1980.40  9.09508e-14
      1981.60  9.13485e-14
      1982.80  9.35383e-14
      2000.40  2.13385e-14
      2002.20  1.17939e-13
      2004.20  1.77764e-13
      2006.00  8.49203e-14
      2008.00  1.06173e-13
      2009.80  1.05371e-13
      2011.60 -4.79072e-14
      2013.60  1.14233e-13
      2015.40  1.46174e-13
      2017.20  2.95682e-13
      2019.20  1.05612e-13
      2021.00  1.40807e-13
      2022.80  1.47977e-13
      2024.80  2.00309e-13
      2026.60  1.08541e-13
      2028.40  9.03895e-14
      2030.40  3.02929e-13
      2032.20  2.89056e-13
      2034.00  2.43702e-13
      2036.00  2.05519e-13
      2037.80  2.77580e-13
      2039.60  1.18354e-13
      2041.60  1.40137e-14
      2043.40  1.58309e-13
      2045.40  2.39763e-13
      2047.20  1.47929e-13
      2049.00  1.18530e-13
      2051.00  2.24635e-13
      2052.80  2.71226e-13
      2054.60  1.15975e-13
      2056.60  2.75283e-14
      2058.40  2.44412e-13
      2060.20  3.55868e-13
      2062.20  2.13475e-13
      2064.00  1.51478e-13
      2065.80  9.81106e-14
      2067.80  1.19224e-13
      2069.60  1.04667e-13
      2071.40  4.70116e-14
      2073.40  9.96704e-14
      2075.20  1.09511e-13
      2077.00  9.35976e-14
      2079.00  1.18217e-13
      2080.80  1.60457e-13
      2082.60  1.29019e-13
      2084.60  9.96999e-14
      2086.40  5.71091e-14
      2088.40  1.42752e-13
      2090.20  9.77628e-14
      2092.00  1.67978e-13
      2094.00  1.64802e-13
      2095.80  6.31346e-14
      2097.60  6.85049e-14
      2099.60  8.10962e-14
      2101.40  1.43457e-13
      2103.20  1.03217e-13
      2105.20  5.22189e-14
      2107.00 -4.05543e-15
      2108.80 -2.81664e-14
      2110.80  3.97309e-14
      2112.60  1.45888e-13
      2114.40  9.58976e-14
      2116.40  1.08131e-13
      2118.20  1.22160e-13
      2120.00  2.09698e-14
      2122.00  1.94726e-13
      2123.80  2.24258e-13
      2125.60  1.81712e-13
      2127.60  2.68705e-13
      2129.40  1.75736e-13
      2131.40  7.16339e-14
      2133.20  1.26700e-13
      2135.00  1.23022e-13
      2137.00  1.03997e-13
      2138.80  2.05420e-13
      2140.60  1.79148e-13
      2142.60  1.19543e-13
      2144.40  7.43673e-14
      2146.20  1.04968e-13
      2148.20  2.00907e-13
      2150.00  2.13663e-13
      2151.80  1.63336e-13
      2153.80  1.82078e-13
      2155.60  1.46007e-13
      2157.40  5.74968e-14
      2159.40  1.29791e-13
      2161.20  1.79044e-13
      2163.00  1.89893e-13
      2165.00  1.85159e-13
      2166.80  1.86822e-13
      2168.60  1.49167e-13
      2170.60  1.36013e-13
      2172.40  1.58920e-13
      2174.40  1.54718e-13
      2176.20  3.09000e-13
      2178.00  2.98742e-13
      2180.00  8.37890e-14
      2181.80  8.07605e-14
      2183.60  1.08109e-13
      2185.60  9.51850e-14
      2187.40  1.89254e-13
      2189.20  2.10878e-13
      2191.20  7.70179e-14
      2193.00  1.23105e-13
      2194.80  1.33541e-13
      2196.80  6.85719e-14
      2198.60  5.49703e-14
      2200.40  3.85763e-13
      2202.40  2.67049e-13
      2204.20  6.66084e-13
      2206.00  5.29863e-13
      2208.00  3.49729e-13
      2209.80  7.71635e-13
      2211.80  8.10780e-13
      2213.60  6.00280e-13
      2215.40  6.66616e-13
      2217.40  7.61591e-13
      2219.20  7.67283e-13
      2221.00  8.38498e-13
      2223.00  5.26800e-13
      2224.80  5.06981e-13
      2226.60  5.02105e-13
      2228.60  5.95398e-13
      2230.40  5.78321e-13
      2232.20  6.40582e-13
      2234.20  5.47922e-13
      2236.00  2.49154e-13
      2237.80  3.47370e-13
      2239.80  5.21387e-13
      2241.60  6.22919e-13
      2243.40  6.14183e-13
      2245.40  6.42783e-13
      2247.20  5.88118e-13
      2249.00  7.15988e-13
      2251.00  6.70291e-13
      2252.80  7.18611e-13
      2254.80  8.04849e-13
      2256.60  7.74108e-13
      2258.40  8.37324e-13
      2260.40  7.78407e-13
      2262.20  6.63316e-13
      2264.00  7.38425e-13
      2266.00  6.99961e-13
      2267.80  8.49538e-13
      2269.60  7.31347e-13
      2271.60  5.08407e-13
      2273.40  6.35362e-13
      2275.20  6.12332e-13
      2277.20  6.83893e-13
      2279.00  6.63467e-13
      2280.80  5.06875e-13
      2282.80  4.71747e-13
      2284.60  4.85888e-13
      2286.40  5.96219e-13
      2288.40  4.69970e-13
      2290.20  5.12705e-13
      2292.00  2.90273e-13
      2294.00  3.20166e-13
      2295.80  5.09099e-13
      2297.80  7.69127e-13
      2299.60  7.94518e-13
      2301.40  6.51914e-13
      2303.40  6.13428e-13
      2305.20  6.42628e-13
      2307.00  5.77980e-13
      2309.00  6.01844e-13
      2310.80  7.95990e-13
      2312.60  6.10001e-13
      2314.60  6.19553e-13
      2316.40  7.54395e-13
      2318.20  6.24423e-13
      2320.20  5.70761e-13
      2322.00  4.82140e-13
      2323.80  5.74914e-13
      2325.80  6.69833e-13
      2327.60  7.75061e-13
      2329.40  8.71268e-13
      2331.40  7.81356e-13
      2333.20  6.54406e-13
      2335.00  6.85648e-13
      2337.00  8.46075e-13
      2338.80  9.63367e-13
      2340.80  9.68590e-13
      2342.60  9.95198e-13
      2344.40  1.08722e-12
      2346.40  1.12976e-12
      2348.20  1.22789e-12
      2350.00  1.24072e-12
      2352.00  1.07401e-12
      2353.80  7.91725e-13
      2355.60  9.59711e-13
      2357.60  9.08663e-13
      2359.40  1.09267e-12
      2361.20  1.36940e-12
      2363.20  1.39545e-12
      2365.00  1.20149e-12
      2366.80  9.37067e-13
      2368.80  8.98972e-13
      2370.60  7.99301e-13
      2372.40  8.87575e-13
      2374.40  9.78700e-13
      2376.20  9.92632e-13
      2378.00  1.10176e-12
      2380.00  1.33770e-12
      2381.80  1.37733e-12
      2383.80  1.49926e-12
      2385.60  1.53104e-12
      2387.40  1.20347e-12
      2389.40  1.19922e-12
      2391.20  1.02558e-12
      2393.00  1.08789e-12
      2395.00  1.20748e-12
      2396.80  1.10174e-12
      2398.60  1.14269e-12
      2400.60  1.37450e-12
      2402.40  1.09202e-12
      2404.20  1.03548e-12
      2406.20  1.35507e-12
      2408.00  1.52491e-12
      2409.80  1.22471e-12
      2411.80  1.09561e-12
      2413.60  1.27148e-12
      2415.40  8.27876e-13
      2417.40  7.06401e-13
      2419.20  6.84240e-13
      2421.00  6.57289e-13
      2423.00  5.27840e-13
      2424.80  7.39556e-13
      2426.80  7.48636e-13
      2428.60  7.57472e-13
      2430.40  8.92928e-13
      2432.40  8.47918e-13
      2434.20  9.33389e-13
      2436.00  8.61994e-13
      2438.00  9.05226e-13
      2439.80  8.83722e-13
      2441.60  8.33453e-13
      2443.60  1.09068e-12
      2445.40  9.35255e-13
      2447.20  9.00986e-13
      2449.20  8.67686e-13
      2451.00  7.66255e-13
      2452.80  8.02253e-13
      2454.80  7.23099e-13
      2456.60  8.60715e-13
      2458.40  8.35748e-13
      2460.40  7.90534e-13
      2462.20  9.27941e-13
      2464.00  8.98424e-13
      2466.00  1.01723e-12
      2467.80  1.06842e-12
      2469.80  9.47520e-13
      2471.60  9.70304e-13
      2473.40  8.98328e-13
      2475.40  1.05780e-12
      2477.20  1.21738e-12
      2479.00  1.28594e-12
      2481.00  1.04985e-12
      2482.80  9.41534e-13
      2484.60  9.85647e-13
      2486.60  1.09193e-12
      2488.40  1.04202e-12
      2490.20  1.07368e-12
      2492.20  1.11521e-12
      2494.00  1.10962e-12
      2495.80  1.10896e-12
      2497.80  9.76900e-13
      2499.60  8.94661e-13
      2501.40  9.64702e-13
      2503.40  9.01734e-13
      2505.20  1.02220e-12
      2507.20  9.84569e-13
      2509.00  9.01415e-13
      2510.80  1.12094e-12
      2512.80  1.08347e-12
      2514.60  9.88903e-13
      2516.40  1.03714e-12
      2518.40  1.08938e-12
      2520.20  1.17390e-12
      2522.00  1.23207e-12
      2524.00  1.30956e-12
      2525.80  1.23492e-12
      2527.60  1.23274e-12
      2529.60  1.59077e-12
      2531.40  1.38407e-12
      2533.20  1.18077e-12
      2535.20  1.27192e-12
      2537.00  1.18587e-12
      2538.80  1.17978e-12
      2540.80  1.16009e-12
      2542.60  1.15110e-12
      2544.40  1.22429e-12
      2546.40  1.23947e-12
      2548.20  1.21558e-12
      2550.20  1.02331e-12
      2552.00  9.76350e-13
      2553.80  8.14953e-13
      2555.80  8.47688e-13
      2557.60  9.52007e-13
      2559.40  9.70457e-13
      2561.40  9.65318e-13
      2563.20  9.94334e-13
      2565.00  1.14869e-12
      2567.00  1.03392e-12
      2568.80  9.89492e-13
      2570.60  9.06657e-13
      2572.60  8.91506e-13
      2574.40  9.38451e-13
      2576.20  1.09086e-12
      2578.20  1.08308e-12
      2580.00  1.08124e-12
      2581.80  1.15030e-12
      2583.80  1.13111e-12
      2585.60  1.03662e-12
      2587.40  1.00069e-12
      2589.40  1.07815e-12
      2591.20  1.03010e-12
      2593.20  1.16379e-12
      2595.00  1.14917e-12
      2596.80  1.16589e-12
      2598.80  1.32516e-12
      2600.60  1.34429e-12
      2602.40  1.19684e-12
      2604.40  1.19817e-12
      2606.20  1.29181e-12
      2608.00  1.31501e-12
      2610.00  1.56428e-12
      2611.80  1.50422e-12
      2613.60  1.52289e-12
      2615.60  1.40729e-12
      2617.40  1.47028e-12
      2619.20  1.46099e-12
      2621.20  1.37295e-12
      2623.00  1.39265e-12
      2624.80  1.45558e-12
      2626.80  1.42734e-12
      2628.60  1.48224e-12
      2630.40  1.54259e-12
      2632.40  1.33474e-12
      2634.20  1.09694e-12
      2636.20  8.88711e-13
      2638.00  6.90233e-13
      2639.80  5.59006e-13
      2641.80  5.78442e-13
      2643.60  6.31189e-13
      2645.40  5.95276e-13
      2647.40  5.69514e-13
      2649.20  5.36778e-13
      2651.00  5.49587e-13
      2653.00  5.11490e-13
      2654.80  5.26186e-13
      2656.60  5.42631e-13
      2658.60  5.80187e-13
      2660.40  7.43936e-13
      2662.20  8.47933e-13
      2664.20  8.58000e-13
      2666.00  7.30848e-13
      2667.80  7.25845e-13
      2669.80  7.21579e-13
      2671.60  6.46455e-13
      2673.40  5.80727e-13
      2675.40  6.37714e-13
      2677.20  6.36508e-13
      2679.20  6.42859e-13
      2681.00  6.33312e-13
      2682.80  6.32677e-13
      2684.80  6.61713e-13
      2686.60  6.83689e-13
      2688.40  7.19651e-13
      2690.40  7.42257e-13
      2692.20  8.04748e-13
      2694.00  7.22145e-13
      2696.00  6.75208e-13
      2697.80  6.85360e-13
      2699.60  6.83964e-13
      2701.60  7.08742e-13
      2703.40  7.03186e-13
      2705.20  6.81834e-13
      2707.20  7.70578e-13
      2709.00  7.97636e-13
      2710.80  8.17351e-13
      2712.80  8.88657e-13
      2714.60  9.73658e-13
      2716.40  8.92259e-13
      2718.40  8.07746e-13
      2720.20  8.11570e-13
      2722.20  8.08669e-13
      2724.00  8.38952e-13
      2725.80  9.12909e-13
      2727.80  9.59077e-13
      2729.60  8.91880e-13
      2731.40  9.05532e-13
      2733.40  8.87493e-13
      2735.20  9.69673e-13
      2737.00  1.02590e-12
      2739.00  1.04480e-12
      2740.80  1.22889e-12
      2742.60  1.24540e-12
      2744.60  1.24561e-12
      2746.40  1.47819e-12
      2748.20  1.52173e-12
      2750.20  1.42227e-12
      2752.00  1.34795e-12
      2753.80  1.31642e-12
      2755.80  1.22116e-12
      2757.60  1.14485e-12
      2759.40  1.09951e-12
      2761.40  9.38082e-13
      2763.20  8.96719e-13
      2765.20  8.29480e-13
      2767.00  9.69994e-13
      2768.80  9.40189e-13
      2770.80  9.54756e-13
      2772.60  9.28113e-13
      2774.40  8.58168e-13
      2776.40  7.63532e-13
      2778.20  7.92851e-13
      2780.00  8.98313e-13
      2782.00  8.55319e-13
      2783.80  8.78982e-13
      2785.60  9.63470e-13
      2787.60  1.05855e-12
      2789.40  1.17086e-12
      2791.10  1.03608e-12
      2791.20  1.03608e-12
      2792.90  1.03608e-12
      2793.20  1.03608e-12
      2794.60  1.06429e-12
      2795.00  1.06429e-12
      2796.40  2.42376e-12
      2796.80  1.06429e-12
      2798.10  1.06429e-12
      2798.80  1.06429e-12
      2799.90  1.06429e-12
      2800.60  1.06429e-12
      2801.60  1.06429e-12
      2802.40  1.06429e-12
      2803.40  1.93653e-12
      2804.40  1.06429e-12
      2805.10  1.06429e-12
      2806.20  1.03608e-12
      2806.90  1.03608e-12
      2808.20  1.03608e-12
      2808.60  1.03608e-12
      2811.80  8.15637e-13
      2813.80  6.90061e-13
      2815.60  6.84515e-13
      2817.40  7.25809e-13
      2819.40  7.66655e-13
      2821.20  7.60109e-13
      2823.00  7.42559e-13
      2825.00  7.86064e-13
      2826.80  8.85839e-13
      2828.60  9.20949e-13
      2830.60  9.56130e-13
      2832.40  8.39836e-13
      2834.20  7.95516e-13
      2836.20  9.14524e-13
      2838.00  9.48640e-13
      2839.80  1.01678e-12
      2841.80  9.43474e-13
      2843.60  8.98562e-13
      2845.40  9.21833e-13
      2847.40  1.02794e-12
      2849.20  1.11951e-12
      2851.20  1.29302e-12
      2853.00  1.19191e-12
      2854.80  1.17114e-12
      2856.80  1.16848e-12
      2858.60  1.03659e-12
      2860.40  1.04254e-12
      2862.40  1.06816e-12
      2864.20  1.08809e-12
      2866.00  1.08938e-12
      2868.00  1.04479e-12
      2869.80  1.05124e-12
      2871.60  1.10091e-12
      2873.60  1.09473e-12
      2875.40  1.16364e-12
      2877.20  1.16505e-12
      2879.20  1.23373e-12
      2881.00  1.11118e-12
      2882.80  1.09608e-12
      2884.80  1.03135e-12
      2886.60  9.60655e-13
      2888.40  9.14808e-13
      2890.40  8.97990e-13
      2892.20  9.00111e-13
      2894.20  8.74583e-13
      2896.00  8.30048e-13
      2897.80  7.86207e-13
      2899.80  7.46971e-13
      2901.60  7.12974e-13
      2903.40  7.62045e-13
      2905.40  8.01312e-13
      2907.20  7.88457e-13
      2909.00  8.17022e-13
      2911.00  8.67066e-13
      2912.80  8.31222e-13
      2914.60  8.06189e-13
      2916.60  8.00382e-13
      2918.40  8.49301e-13
      2920.20  8.47583e-13
      2922.20  9.35571e-13
      2924.00  1.04698e-12
      2925.80  1.15193e-12
      2927.80  1.11622e-12
      2929.60  1.09764e-12
      2931.40  1.05286e-12
      2933.40  1.06776e-12
      2935.20  1.13965e-12
      2937.20  1.13681e-12
      2939.00  1.07123e-12
      2940.80  9.97663e-13
      2942.80  1.04024e-12
      2944.60  1.09774e-12
      2946.40  1.13365e-12
      2948.40  1.01845e-12
      2950.20  1.00551e-12
      2952.00  1.03116e-12
      2954.00  1.06968e-12
      2955.80  9.05742e-13
      2957.60  8.87574e-13
      2959.60  1.00413e-12
      2961.40  1.08145e-12
      2963.20  1.15083e-12
      2965.20  1.15345e-12
      2967.00  1.14395e-12
      2968.80  1.09873e-12
      2970.80  1.03412e-12
      2972.60  1.00173e-12
      2974.40  9.78080e-13
      2976.40  1.01806e-12
      2978.20  1.08611e-12
      2980.20  1.21069e-12
      2982.00  1.32894e-12
      2983.80  1.22386e-12
      2985.80  1.19079e-12
      2987.60  1.08693e-12
      2989.40  9.65046e-13
      2991.40  9.08249e-13
      2993.20  9.14906e-13
      2995.00  8.85069e-13
      2997.00  9.17498e-13
      2998.80  9.48787e-13
      3000.60  9.66760e-13
      3002.60  9.65439e-13
      3004.40  9.27327e-13
      3006.20  9.09622e-13
      3008.20  8.59381e-13
      3010.00  8.56252e-13
      3011.80  8.91171e-13
      3013.80  9.16674e-13
      3015.60  9.17034e-13
      3017.40  1.03708e-12
      3019.40  1.00185e-12
      3021.20  9.66476e-13
      3023.20  9.68672e-13
      3025.00  9.53759e-13
      3026.80  9.11887e-13
      3028.80  8.42332e-13
      3030.60  8.19289e-13
      3032.40  9.24669e-13
      3034.40  9.55024e-13
      3036.20  9.37720e-13
      3038.00  8.90146e-13
      3040.00  8.19719e-13
      3041.80  8.14678e-13
      3043.60  9.21886e-13
      3045.60  9.83765e-13
      3047.40  1.03624e-12
      3049.20  9.60755e-13
      3051.20  9.54065e-13
      3053.00  1.04556e-12
      3054.80  1.05385e-12
      3056.80  1.03317e-12
      3058.60  9.73531e-13
      3060.40  1.00238e-12
      3062.40  1.02645e-12
      3064.20  9.93233e-13
      3066.20  9.40984e-13
      3068.00  9.84891e-13
      3069.80  9.44469e-13
      3071.80  9.50100e-13
      3073.60  9.76176e-13
      3075.40  9.55925e-13
      3077.40  9.44283e-13
      3079.20  9.07854e-13
      3081.00  9.09191e-13
      3083.00  9.12022e-13
      3084.80  8.90096e-13
      3086.60  9.89273e-13
      3088.60  1.03285e-12
      3090.40  1.03714e-12
      3092.20  1.13811e-12
      3094.20  1.13434e-12
      3096.00  1.05375e-12
      3097.80  9.87397e-13
      3099.80  9.93617e-13
      3101.60  9.64891e-13
      3103.40  9.70118e-13
      3105.40  9.58771e-13
      3107.20  9.30388e-13
      3109.20  8.84529e-13
      3111.00  9.10227e-13
      3112.80  9.65683e-13
      3114.80  1.05394e-12
      3116.60  1.09267e-12
      3118.40  1.12795e-12
      3120.40  1.05791e-12
      3122.20  1.04665e-12
      3124.00  1.08523e-12
      3126.00  1.09730e-12
      3127.80  1.10382e-12
      3129.60  1.17403e-12
      3131.60  1.14542e-12
      3133.40  1.22053e-12
      3135.20  1.08293e-12
      3137.20  9.57119e-13
      3139.00  9.09619e-13
      3140.80  8.94723e-13
      3142.80  9.56097e-13
      3144.60  9.04440e-13
      3146.40  8.85826e-13
      3148.40  9.18778e-13
      3150.20  1.00504e-12
      3152.20  1.03821e-12
      3154.00  1.09979e-12
      3155.80  1.19308e-12
      3157.80  1.19520e-12
      3159.60  1.16622e-12
      3161.40  1.11274e-12
      3163.40  1.13741e-12
      3165.20  1.20491e-12
      3167.00  1.20236e-12
      3169.00  1.07531e-12
      3170.80  1.05425e-12
      3172.60  1.16165e-12
      3174.60  1.28264e-12
      3176.40  1.35211e-12
      3178.20  1.39752e-12
      3180.20  1.55233e-12
      3182.00  1.38795e-12
      3183.80  1.27331e-12
      3185.80  1.23773e-12
      3187.60  1.27596e-12
      3189.40  1.30930e-12
      3191.40  1.28930e-12
      3193.20  1.18632e-12
      3195.20  1.09208e-12
      3197.00  1.10733e-12
      3198.80  1.14416e-12
      3200.80  1.13149e-12
      3202.60  1.12207e-12
      3204.40  1.10328e-12
      3206.40  1.14718e-12
      3208.20  1.18273e-12
      3210.00  1.17041e-12
      3212.00  1.13408e-12
      3213.80  1.27021e-12
      3215.60  1.36301e-12
      3217.60  1.44715e-12
      3219.40  1.46936e-12
      3221.20  1.48585e-12
      3223.20  1.47736e-12
      3225.00  1.36863e-12
      3226.80  1.38831e-12
      3228.80  1.41481e-12
      3230.60  1.39522e-12
      3232.40  1.39236e-12
      3234.40  1.37644e-12
      3236.20  1.33627e-12
      3238.20  1.30255e-12
      3240.00  1.29482e-12
      3241.80  1.11921e-12
      3243.80  9.79720e-13
      3245.60  9.67566e-13
      3247.40  9.42703e-13
      3249.40  9.07506e-13
      3251.20  9.34108e-13
      3253.00  9.45062e-13
      3255.00  8.99856e-13
      3256.80  9.12706e-13
      3258.60  9.35673e-13
      3260.60  9.16990e-13
      3262.40  9.12428e-13
      3264.20  8.78931e-13
      3266.20  9.03121e-13
      3268.00  9.18155e-13
      3269.80  9.06549e-13
      3271.80  9.65680e-13
      3273.60  1.01449e-12
      3275.40  1.03108e-12
      3277.40  9.41896e-13
      3279.20  9.50971e-13
      3281.20  1.00877e-12
      3283.00  1.07499e-12
      3284.80  1.09653e-12
      3286.80  1.07547e-12
      3288.60  1.08633e-12
      3290.40  1.05035e-12
      3292.40  9.18977e-13
      3294.20  9.16989e-13
      3296.00  1.01038e-12
      3298.00  1.10401e-12
      3299.80  1.18969e-12
      3301.60  3.49891e-13
      3303.60  3.34020e-13
      3305.40  3.85591e-13
      3307.20  3.86583e-13
      3309.20  4.28653e-13
      3311.00  4.40130e-13
      3312.80  3.62185e-13
      3314.80  3.50820e-13
      3316.60  4.08755e-13
      3318.40  4.03878e-13
      3320.40  3.29168e-13
      3322.20  2.96671e-13
      3324.20  3.27409e-13
      3326.00  3.64009e-13
      3327.80  3.43197e-13
      3329.80  2.44935e-13
      3331.60  2.02518e-13
      3333.40  2.53985e-13
      3335.40  3.18487e-13
      3337.20  3.69814e-13
      3339.00  3.93712e-13
      3341.00  4.12129e-13
      3342.80  3.75007e-13
      3344.60  3.62229e-13
      3346.60  4.34524e-13
      3348.40  5.19551e-13
      3350.20  5.41412e-13
      3352.20  4.32983e-13
      3354.00  3.27645e-13
      3355.80  3.43122e-13
      3357.80  4.32493e-13
      3359.60  4.34838e-13
      3361.40  4.28642e-13
      3363.40  4.73286e-13
      3365.20  4.60464e-13
      3367.20  3.60686e-13
      3369.00  3.56084e-13
      3370.80  4.29267e-13
      3372.80  4.96926e-13
      3374.60  4.32001e-13
      3376.40  3.54434e-13
      3378.40  4.09740e-13
      3380.20  4.48323e-13
      3382.00  4.40850e-13
      3384.00  5.11759e-13
      3550.06  5.38700e-14
      3551.80  2.27900e-13
      3553.53 -1.81400e-13
      3555.27  4.41900e-13
      3557.01  1.52000e-13
      3558.75  2.87500e-15
      3560.49 -6.82500e-14
      3562.22 -8.04400e-14
      3563.96  2.08400e-13
      3565.70  3.05300e-14
      3567.44  6.42000e-15
      3569.17  4.36600e-13
      3570.91 -3.75000e-14
      3572.65  2.28300e-13
      3574.39  4.57200e-13
      3576.13 -2.80700e-13
      3577.86  4.83000e-14
      3579.60  1.72700e-13
      3581.34  5.87200e-13
      3583.08  1.01900e-13
      3584.82  6.14100e-13
      3586.56  1.48600e-13
      3588.29  1.99000e-13
      3590.03  5.19100e-14
      3591.77  2.05400e-13
      3593.51  1.71800e-13
      3595.25  4.23800e-13
      3596.98  2.46200e-14
      3598.72  2.10300e-13
      3600.46  3.40600e-13
      3602.20  2.47200e-13
      3603.94 -1.46900e-14
      3605.68  3.45200e-13
      3607.41  2.12700e-13
      3609.15  7.25400e-13
      3610.89  1.00500e-13
      3612.63  4.11300e-13
      3614.37  6.05900e-13
      3616.11  2.82100e-13
      3617.84  9.62700e-14
      3619.58  4.16200e-13
      3621.32  1.29700e-13
      3623.06  2.53400e-13
      3624.80 -3.39300e-14
      3626.54  4.94600e-13
      3628.27  3.22000e-13
      3630.01  5.70000e-13
      3631.75  6.43600e-13
      3633.49  3.54600e-13
      3635.23  3.39900e-13
      3636.97  2.72100e-13
      3638.71  1.92600e-13
      3640.44  2.99700e-13
      3642.18  3.98400e-13
      3643.92  2.77000e-13
      3645.66 -4.17700e-14
      3647.40  3.97300e-13
      3649.14  3.44300e-13
      3650.88  2.43300e-13
      3652.62  1.38200e-13
      3654.35  2.56500e-14
      3656.09  3.97600e-13
      3657.83  2.86200e-13
      3659.57  3.51600e-13
      3661.31  3.67100e-13
      3663.05  3.80700e-13
      3664.79  4.51000e-13
      3666.53  2.32000e-13
      3668.26  1.55800e-13
      3670.00  3.80600e-13
      3671.74  1.75400e-13
      3673.48  1.88400e-13
      3675.22  1.79200e-13
      3676.96  4.87600e-14
      3678.70  3.11100e-13
      3680.44  3.10500e-13
      3682.18  1.04000e-13
      3683.92  5.08400e-13
      3685.65  4.92100e-13
      3687.39  2.62300e-13
      3689.13  2.14400e-13
      3690.87  1.00800e-13
      3692.61  2.60500e-13
      3694.35  3.99400e-13
      3696.09  3.18200e-13
      3697.83  4.09600e-13
      3699.57  3.39500e-13
      3701.31  1.97800e-13
      3703.05  4.31300e-13
      3704.78  3.87500e-13
      3706.52  5.46200e-13
      3708.26  5.51200e-13
      3710.00  5.31700e-13
      3711.74  3.29800e-13
      3713.48  3.39200e-13
      3715.22  4.00300e-13
      3716.96  1.65300e-13
      3718.70  2.94900e-13
      3720.44  3.19600e-13
      3722.18  5.71300e-13
      3723.92  5.11100e-13
      3725.66  1.42500e-13
      3727.40  3.90500e-13
      3729.14  3.13500e-13
      3730.87  3.25800e-13
      3732.61  2.79900e-13
      3734.35  7.57100e-13
      3736.09  5.20000e-13
      3737.83  4.15700e-13
      3739.57  4.08200e-13
      3741.31  2.65700e-13
      3743.05  2.27800e-13
      3744.79  2.45700e-13
      3746.53  5.38400e-13
      3748.27  3.14500e-13
      3750.01  9.51300e-13
      3751.75  5.26000e-13
      3753.49  4.72900e-13
      3755.23  1.74600e-13
      3756.97  2.00000e-13
      3758.71  2.87800e-13
      3760.45  3.15700e-13
      3762.19  2.79300e-13
      3763.93  3.18700e-13
      3765.67  2.32200e-13
      3767.41  4.21500e-13
      3769.15  5.34900e-13
      3770.89  1.21100e-12
      3772.63  6.17000e-13
      3774.37  2.17200e-13
      3776.11  3.37300e-13
      3777.85  5.94000e-14
      3779.59  2.96100e-13
      3781.33  1.35500e-13
      3783.07  2.29200e-13
      3784.81  9.19400e-14
      3786.55  9.36800e-14
      3788.29  2.43100e-13
      3790.03  2.59300e-13
      3791.77  2.63000e-13
      3793.51  2.09100e-13
      3795.25  3.46700e-13
      3796.99  8.11800e-13
      3798.73  1.58400e-12
      3800.47  5.99600e-13
      3802.21  2.04800e-13
      3803.95  1.52600e-13
      3805.69  2.99300e-13
      3807.43  2.88300e-13
      3809.17  1.32600e-13
      3810.91  1.97600e-13
      3812.65  2.42500e-13
      3814.39  2.58200e-13
      3816.13  2.76400e-13
      3817.87  1.46400e-13
      3819.61  2.15500e-13
      3821.35  3.67600e-13
      3823.09  2.65000e-13
      3824.83  3.48600e-13
      3826.57  3.44400e-13
      3828.31  3.43000e-13
      3830.05  4.31900e-13
      3831.79  4.35100e-13
      3833.53  7.08600e-13
      3835.27  1.75100e-12
      3837.01  1.33300e-12
      3838.75  7.08900e-13
      3840.49  3.84400e-13
      3842.23  3.27600e-13
      3843.97  2.47000e-13
      3845.71  1.65200e-13
      3847.45  1.99800e-13
      3849.19  5.51500e-14
      3850.93  2.62900e-13
      3852.68  1.38100e-13
      3854.42  2.07400e-13
      3856.16  2.48600e-13
      3857.90  1.95700e-13
      3859.64  2.18200e-13
      3861.38  2.00800e-13
      3863.12  1.37900e-13
      3864.86  1.98400e-13
      3866.60  2.04800e-13
      3868.34  1.71300e-13
      3870.08  1.52200e-13
      3871.82  1.76800e-13
      3873.56  2.89600e-13
      3875.30  1.81900e-13
      3877.04  2.13100e-13
      3878.79  3.16600e-13
      3880.53  2.57600e-13
      3882.27  2.73000e-13
      3884.01  2.32600e-13
      3885.75  3.79500e-13
      3887.49  9.71200e-13
      3889.23  2.69100e-12
      3890.97  1.47700e-12
      3892.71  4.49300e-13
      3894.45  2.98700e-13
      3896.19  3.48800e-13
      3897.94  2.29800e-13
      3899.68  2.64900e-13
      3901.42  1.84900e-13
      3903.16  2.54000e-13
      3904.90  1.99800e-13
      3906.64  4.46200e-13
      3908.38  1.97000e-13
      3910.12  1.91700e-13
      3911.86  1.11900e-13
      3913.60  2.15400e-13
      3915.35  1.79800e-13
      3917.09  2.16100e-13
      3918.83  1.94000e-13
      3920.57  2.53700e-13
      3922.31  1.72900e-13
      3924.05  1.53100e-13
      3925.79  1.71000e-13
      3927.53  2.12900e-13
      3929.28  2.61000e-13
      3931.02  2.62200e-13
      3932.76  7.69700e-13
      3934.50  2.89800e-12
      3936.24  4.41200e-13
      3937.98  2.50200e-13
      3939.72  2.04800e-13
      3941.46  2.01200e-13
      3943.21  1.80200e-13
      3944.95  2.51000e-13
      3946.69  1.63300e-13
      3948.43  2.39000e-13
      3950.17  1.54300e-13
      3951.91  1.89200e-13
      3953.65  2.09200e-13
      3955.40  1.68700e-13
      3957.14  2.08900e-13
      3958.88  2.11800e-13
      3960.62  2.25500e-13
      3962.36  2.86500e-13
      3964.10  3.19700e-13
      3965.85  4.28100e-13
      3967.59  1.13700e-12
      3969.33  3.89800e-12
      3971.07  3.20200e-12
      3972.81  1.07300e-12
      3974.55  4.92000e-13
      3976.30  3.91800e-13
      3978.04  2.91400e-13
      3979.78  2.67400e-13
      3981.52  2.59100e-13
      3983.26  2.05000e-13
      3985.00  2.74200e-13
      3986.75  1.55100e-13
      3988.49  2.00100e-13
      3990.23  2.28400e-13
      3991.97  1.80500e-13
      3993.71  2.22600e-13
      3995.45  1.89000e-13
      3997.20  2.07000e-13
      3998.94  1.70100e-13
      4000.68  2.22000e-13
      4002.42  2.28200e-13
      4004.16  1.59300e-13
      4005.91  3.07200e-13
      4007.65  2.34600e-13
      4009.39  1.93300e-13
      4011.13  2.49500e-13
      4012.87  2.76500e-13
      4014.62  1.83100e-13
      4016.36  2.25500e-13
      4018.10  2.10600e-13
      4019.84  1.74400e-13
      4021.58  2.18400e-13
      4023.33  2.11500e-13
      4025.07  2.52500e-13
      4026.81  4.18100e-13
      4028.55  2.30800e-13
      4030.30  2.15700e-13
      4032.04  2.22500e-13
      4033.78  2.51100e-13
      4035.52  2.10400e-13
      4037.26  1.76600e-13
      4039.01  1.93900e-13
      4040.75  1.97100e-13
      4042.49  2.39600e-13
      4044.23  2.24600e-13
      4045.98  2.79500e-13
      4047.72  1.73300e-13
      4049.46  2.51900e-13
      4051.20  2.30100e-13
      4052.95  2.44100e-13
      4054.69  1.99400e-13
      4056.43  2.28000e-13
      4058.17  2.04200e-13
      4059.91  2.40200e-13
      4061.66  2.22500e-13
      4063.40  2.64400e-13
      4065.14  2.51800e-13
      4066.88  2.53000e-13
      4068.63  2.42900e-13
      4070.37  2.16300e-13
      4072.11  2.44300e-13
      4073.85  2.13400e-13
      4075.60  2.21300e-13
      4077.34  3.06800e-13
      4079.08  3.15700e-13
      4080.83  2.19500e-13
      4082.57  2.38700e-13
      4084.31  2.63200e-13
      4086.05  2.46900e-13
      4087.80  2.31400e-13
      4089.54  2.65800e-13
      4091.28  2.69100e-13
      4093.02  2.49000e-13
      4094.77  2.87500e-13
      4096.51  3.69900e-13
      4098.25  5.74700e-13
      4100.00  1.14800e-12
      4101.74  3.60900e-12
      4103.48  2.43200e-12
      4105.22  8.61800e-13
      4106.97  5.11900e-13
      4108.71  3.39200e-13
      4110.45  3.14300e-13
      4112.20  2.66300e-13
      4113.94  2.28700e-13
      4115.68  2.27300e-13
      4117.42  2.16100e-13
      4119.17  2.51500e-13
      4120.91  2.76900e-13
      4122.65  2.52800e-13
      4124.40  2.32300e-13
      4126.14  2.42600e-13
      4127.88  2.56100e-13
      4129.63  2.18000e-13
      4131.37  2.81800e-13
      4133.11  2.95600e-13
      4134.85  2.54000e-13
      4136.60  2.33700e-13
      4138.34  2.20500e-13
      4140.08  1.96900e-13
      4141.83  2.35900e-13
      4143.57  3.25500e-13
      4145.31  2.76100e-13
      4147.06  2.84900e-13
      4148.80  2.33800e-13
      4150.54  2.38300e-13
      4152.29  2.36200e-13
      4154.03  2.55900e-13
      4155.77  2.76400e-13
      4157.52  2.63200e-13
      4159.26  2.56900e-13
      4161.00  2.49000e-13
      4162.75  2.21600e-13
      4164.49  2.29400e-13
      4166.23  2.02800e-13
      4167.98  2.63900e-13
      4169.72  2.38200e-13
      4171.46  2.55900e-13
      4173.21  2.99400e-13
      4174.95  2.75500e-13
      4176.69  2.78600e-13
      4178.44  3.02900e-13
      4180.18  2.63600e-13
      4181.93  2.74000e-13
      4183.67  2.39600e-13
      4185.41  2.35400e-13
      4187.16  2.46900e-13
      4188.90  2.78400e-13
      4190.64  2.09800e-13
      4192.39  2.92100e-13
      4194.13  2.45600e-13
      4195.87  2.77700e-13
      4197.62  2.59400e-13
      4199.36  3.15600e-13
      4201.11  2.44900e-13
      4202.85  2.85600e-13
      4204.59  2.36200e-13
      4206.34  2.34400e-13
      4208.08  2.48400e-13
      4209.82  2.19100e-13
      4211.57  2.08400e-13
      4213.31  2.12300e-13
      4215.06  2.97400e-13
      4216.80  3.03000e-13
      4218.54  1.87100e-13
      4220.29  1.84800e-13
      4222.03  1.68500e-13
      4223.78  1.97100e-13
      4225.52  2.02900e-13
      4227.26  3.93500e-13
      4229.01  1.84700e-13
      4230.75  1.35700e-13
      4232.50  1.97200e-13
      4234.24  3.22900e-13
      4235.98  2.04500e-13
      4237.73  2.13900e-13
      4239.47  2.13500e-13
      4241.22  1.88900e-13
      4242.96  2.03700e-13
      4244.70  2.02400e-13
      4246.45  2.15700e-13
      4248.19  2.36200e-13
      4249.94  2.60400e-13
      4251.68  2.67300e-13
      4253.43  2.02200e-13
      4255.17  2.57900e-13
      4256.91  2.03700e-13
      4258.66  2.23200e-13
      4260.40  2.55700e-13
      4262.15  2.13200e-13
      4263.89  1.96300e-13
      4265.64  1.91400e-13
      4267.38  2.24000e-13
      4269.12  2.22100e-13
      4270.87  2.40700e-13
      4272.61  3.17400e-13
      4274.36  2.56700e-13
      4276.10  2.32500e-13
      4277.85  2.34400e-13
      4279.59  2.53000e-13
      4281.33  2.17600e-13
      4283.08  2.54400e-13
      4284.82  2.31700e-13
      4286.57  2.30600e-13
      4288.31  2.44700e-13
      4290.06  2.91900e-13
      4291.80  2.54700e-13
      4293.55  2.70900e-13
      4295.29  2.99700e-13
      4297.04  2.49000e-13
      4298.78  2.72300e-13
      4300.52  3.36200e-13
      4302.27  2.79300e-13
      4304.01  2.83000e-13
      4305.76  2.65000e-13
      4307.50  2.66600e-13
      4309.25  3.07500e-13
      4310.99  2.59600e-13
      4312.74  2.96300e-13
      4314.48  2.96300e-13
      4316.23  2.83900e-13
      4317.97  2.42300e-13
      4319.72  2.74500e-13
      4321.46  2.80600e-13
      4323.21  2.75100e-13
      4324.95  3.07800e-13
      4326.70  3.33900e-13
      4328.44  2.96300e-13
      4330.19  3.16400e-13
      4331.93  3.40100e-13
      4333.68  3.65400e-13
      4335.42  4.91800e-13
      4337.17  7.50200e-13
      4338.91  1.55300e-12
      4340.66  4.66000e-12
      4342.40  2.48900e-12
      4344.15  9.50900e-13
      4345.89  5.50900e-13
      4347.64  4.32300e-13
      4349.38  3.74000e-13
      4351.13  3.73100e-13
      4352.87  4.17100e-13
      4354.62  2.94600e-13
      4356.36  2.80700e-13
      4358.11  2.99200e-13
      4359.85  2.80300e-13
      4361.60  2.45700e-13
      4363.34  2.38100e-13
      4365.09  2.86200e-13
      4366.83  2.58700e-13
      4368.58  2.89500e-13
      4370.32  3.02100e-13
      4372.07  2.78800e-13
      4373.81  2.96300e-13
      4375.56  2.95700e-13
      4377.30  3.03100e-13
      4379.05  2.54700e-13
      4380.80  2.41600e-13
      4382.54  2.84900e-13
      4384.29  3.55500e-13
      4386.03  3.03500e-13
      4387.78  3.19500e-13
      4389.52  3.13400e-13
      4391.27  2.95300e-13
      4393.01  2.64900e-13
      4394.76  3.33400e-13
      4396.50  3.01800e-13
      4398.25  2.84100e-13
      4400.00  2.99200e-13
      4401.74  2.87200e-13
      4403.49  3.00000e-13
      4405.23  3.56000e-13
      4406.98  2.63100e-13
      4408.72  3.11300e-13
      4410.47  3.13700e-13
      4412.21  2.99400e-13
      4413.96  3.32400e-13
      4415.71  3.86000e-13
      4417.45  3.91100e-13
      4419.20  3.30600e-13
      4420.94  3.14700e-13
      4422.69  3.19300e-13
      4424.44  3.21200e-13
      4426.18  2.73800e-13
      4427.93  3.22600e-13
      4429.67  3.16400e-13
      4431.42  3.44300e-13
      4433.16  3.19400e-13
      4434.91  3.03700e-13
      4436.66  2.88700e-13
      4438.40  3.14700e-13
      4440.15  4.50400e-13
