      1003.60  2.33049e-14
      1007.00  1.11587e-13
      1008.20  1.78296e-13
      1011.80  1.94979e-13
      1013.00  4.38789e-14
      1015.40  1.17224e-13
      1016.60  2.05914e-13
      1017.60  6.33820e-14
      1018.80  5.42355e-14
      1023.60  3.37226e-14
      1024.80  7.37055e-15
      1026.00  5.78805e-14
      1027.20  5.17215e-14
      1029.40  1.88678e-14
      1030.60  8.21930e-14
      1035.40  9.29705e-14
      1036.60  4.83007e-14
      1044.80  5.80875e-14
      1046.00  1.87772e-14
      1048.40  3.68938e-14
      1050.80  1.59830e-13
      1052.00  1.52651e-13
      1053.00  3.55248e-14
      1056.60  1.89820e-13
      1057.80  1.31353e-13
      1063.80  1.43585e-15
      1069.60  5.84205e-14
      1072.00  1.13287e-14
      1076.60  4.16097e-15
      1079.00  2.14324e-14
      1080.20  3.57152e-14
      1083.80  3.72631e-14
      1086.20  1.79685e-14
      1088.40  4.08676e-14
      1089.60  1.61876e-13
      1094.40  2.40648e-14
      1095.60  7.90595e-14
      1098.00  1.58674e-14
      1099.20  3.64694e-14
      1103.80  8.28105e-14
      1105.00  1.41128e-14
      1106.20  1.13873e-14
      1108.60  3.24607e-14
      1112.00  4.12835e-14
      1113.20  5.06285e-14
      1114.40  2.93810e-15
      1115.60  9.09110e-14
      1116.80  1.13593e-13
      1118.00  9.02190e-14
      1119.20  9.60175e-14
      1120.40  1.08649e-13
      1121.60  2.84794e-14
      1122.60  3.89427e-14
      1125.00  2.60636e-14
      1129.80  1.57592e-14
      1132.20  1.35562e-14
      1133.40  6.71445e-15
      1134.40  1.30699e-13
      1135.60  4.74962e-14
      1136.80  1.03711e-13
      1138.00  4.54924e-14
      1139.20  9.95580e-14
      1140.40  9.93055e-14
      1141.60  2.31946e-13
      1142.80  1.36101e-13
      1144.00  2.06453e-13
      1145.20  2.24883e-13
      1146.20  3.48758e-13
      1147.40  2.88493e-13
      1148.60  4.33644e-13
      1149.80  4.34866e-13
      1151.00  6.80215e-14
      1152.20  7.34550e-14
      1153.40  7.50055e-14
      1154.60  7.10110e-14
      1155.80  7.16090e-14
      1157.00  9.44930e-14
      1158.00  1.07553e-13
      1159.20  9.74290e-14
      1160.40  1.38901e-13
      1161.60  2.04001e-13
      1162.80  1.42053e-13
      1164.00  9.91725e-14
      1165.20  9.11295e-14
      1166.40  1.02529e-13
      1167.60  9.42310e-14
      1168.80  1.01825e-13
      1169.80  1.03383e-13
      1171.00  1.36263e-13
      1172.20  2.23654e-13
      1173.40  3.24143e-13
      1174.60  3.61359e-13
      1175.80  3.63849e-13
      1177.00  2.71566e-13
      1178.20  1.82997e-13
      1179.40  1.35098e-13
      1180.60  1.09606e-13
      1181.60  9.56250e-14
      1182.80  8.69335e-14
      1184.00  9.44155e-14
      1185.20  8.75535e-14
      1186.40  8.13205e-14
      1187.60  9.63635e-14
      1188.80  9.29820e-14
      1190.00  8.82335e-14
      1191.20  9.31000e-14
      1192.40  9.31000e-14
      1193.40  9.31000e-14
      1194.60  9.31000e-14
      1195.80  9.31000e-14
      1197.00  9.31000e-14
      1198.20  9.31000e-14
      1199.40  9.31000e-14
      1200.91  9.31000e-14
      1202.61  9.31000e-14
      1204.41  9.28135e-14
      1206.11  5.44185e-13
      1207.91  9.28135e-14
      1209.61  9.28135e-14
      1211.41  9.28135e-14
      1213.11  2.38782e-13
      1214.91  3.00037e-12
      1216.61  3.32405e-12
      1218.41  3.87362e-13
      1220.11  9.31000e-14
      1221.91  9.31000e-14
      1223.61  9.31000e-14
      1225.41  9.31000e-14
      1227.11  9.31000e-14
      1228.91  9.31000e-14
      1231.20  9.70465e-14
      1232.40  9.94025e-14
      1233.60  1.01440e-13
      1234.80  9.83855e-14
      1236.00  1.16404e-13
      1237.20  1.28439e-13
      1238.40  1.19880e-13
      1239.40  1.23979e-13
      1240.60  1.26708e-13
      1241.80  1.23918e-13
      1243.00  1.13852e-13
      1244.20  1.20125e-13
      1245.40  1.23012e-13
      1246.60  1.24687e-13
      1247.80  1.28928e-13
      1249.00  1.14235e-13
      1250.20  1.09358e-13
      1251.20  1.05506e-13
      1252.40  1.01150e-13
      1253.60  1.00676e-13
      1254.80  9.80240e-14
      1256.00  1.12561e-13
      1257.20  1.04515e-13
      1258.40  9.53050e-14
      1259.60  9.61600e-14
      1260.80  1.02903e-13
      1262.00  1.18038e-13
      1263.00  1.12373e-13
      1264.20  1.11730e-13
      1265.40  1.04263e-13
      1266.60  1.07603e-13
      1267.80  1.17180e-13
      1269.00  1.12489e-13
      1270.20  1.09200e-13
      1271.40  1.02110e-13
      1272.60  1.03386e-13
      1273.80  1.16875e-13
      1274.80  1.14184e-13
      1276.00  1.03479e-13
      1277.20  1.09276e-13
      1278.40  1.04121e-13
      1279.60  1.16994e-13
      1280.80  1.04046e-13
      1282.00  1.10684e-13
      1283.20  1.09019e-13
      1284.40  1.08288e-13
      1285.60  1.15845e-13
      1286.60  1.17205e-13
      1287.80  1.25968e-13
      1289.00  1.15600e-13
      1290.20  1.35798e-13
      1291.40  1.18855e-13
      1292.60  1.23728e-13
      1293.80  1.31621e-13
      1295.00  1.44062e-13
      1296.20  1.57416e-13
      1297.40  1.69440e-13
      1298.40  1.63186e-13
      1299.60  1.44667e-13
      1300.80  1.54140e-13
      1302.00  1.53035e-13
      1303.20  1.61304e-13
      1304.40  1.37832e-13
      1305.60  1.22535e-13
      1306.80  1.25276e-13
      1308.00  1.17103e-13
      1309.20  1.03865e-13
      1310.20  1.18803e-13
      1311.40  1.32360e-13
      1312.60  1.17036e-13
      1313.80  1.15670e-13
      1315.00  1.13359e-13
      1316.20  1.15030e-13
      1317.40  1.14167e-13
      1318.60  1.03682e-13
      1319.80  1.17642e-13
      1320.80  1.05623e-13
      1322.00  1.08714e-13
      1323.20  1.16924e-13
      1324.40  1.18675e-13
      1325.60  1.18168e-13
      1326.80  1.16825e-13
      1328.00  1.04443e-13
      1329.20  1.20137e-13
      1330.40  1.18938e-13
      1331.60  1.27971e-13
      1332.60  1.70186e-13
      1333.80  1.98029e-13
      1335.00  2.16365e-13
      1336.20  2.14180e-13
      1337.40  1.94325e-13
      1338.60  1.53544e-13
      1339.80  1.23999e-13
      1341.00  1.01072e-13
      1342.20  1.15961e-13
      1343.40  1.20370e-13
      1344.40  1.09244e-13
      1345.60  1.16975e-13
      1346.80  1.06848e-13
      1348.00  1.13291e-13
      1349.20  1.04044e-13
      1350.40  9.58775e-14
      1351.60  1.03882e-13
      1352.80  1.06604e-13
      1354.00  1.12880e-13
      1355.20  1.20030e-13
      1356.20  1.12721e-13
      1357.40  1.02941e-13
      1358.60  1.02751e-13
      1359.80  1.04832e-13
      1361.00  1.06452e-13
      1362.20  1.03030e-13
      1363.40  1.08857e-13
      1364.60  1.14751e-13
      1365.80  1.17310e-13
      1367.00  1.12575e-13
      1368.00  1.07219e-13
      1369.20  1.10391e-13
      1370.40  1.01377e-13
      1371.60  1.08055e-13
      1372.80  1.24465e-13
      1374.00  1.12400e-13
      1375.20  1.03914e-13
      1376.40  9.54710e-14
      1377.60  1.08133e-13
      1378.80  1.10789e-13
      1379.80  9.97460e-14
      1381.00  1.08672e-13
      1382.20  1.17646e-13
      1383.40  9.96890e-14
      1384.60  1.02856e-13
      1385.80  1.06560e-13
      1387.00  1.06253e-13
      1388.20  1.17443e-13
      1389.40  1.28092e-13
      1390.60  1.52282e-13
      1391.60  1.97660e-13
      1392.80  2.44274e-13
      1394.00  2.50955e-13
      1395.20  2.25870e-13
      1396.40  1.72188e-13
      1397.60  1.38719e-13
      1398.80  1.43634e-13
      1400.00  1.62418e-13
      1401.20  1.96506e-13
      1402.40  1.97623e-13
      1403.40  1.92607e-13
      1404.60  1.87314e-13
      1405.80  1.41494e-13
      1407.00  1.19729e-13
      1408.20  1.11498e-13
      1409.40  1.20937e-13
      1410.60  1.03612e-13
      1411.80  1.00324e-13
      1413.00  1.09179e-13
      1414.00  1.11761e-13
      1415.20  1.10991e-13
      1416.40  1.15695e-13
      1417.60  1.14581e-13
      1418.80  1.14219e-13
      1420.00  1.05313e-13
      1421.20  1.03920e-13
      1422.40  1.15214e-13
      1423.60  1.10072e-13
      1424.80  1.11625e-13
      1425.80  1.09529e-13
      1427.00  1.03241e-13
      1428.20  1.06170e-13
      1429.40  1.08024e-13
      1430.60  1.12294e-13
      1431.80  1.08460e-13
      1433.00  1.18948e-13
      1434.20  1.06482e-13
      1435.40  1.02250e-13
      1436.60  1.04309e-13
      1437.60  1.04279e-13
      1438.80  1.03654e-13
      1440.00  1.04398e-13
      1441.20  1.00257e-13
      1442.40  1.04980e-13
      1443.60  1.08313e-13
      1444.80  1.12873e-13
      1446.00  1.09271e-13
      1447.20  1.09866e-13
      1448.40  1.08390e-13
      1449.40  1.09172e-13
      1450.60  1.18634e-13
      1451.80  1.10571e-13
      1453.00  1.02244e-13
      1454.20  1.02504e-13
      1455.40  1.10101e-13
      1456.60  1.10228e-13
      1457.80  1.18153e-13
      1459.00  1.13101e-13
      1460.20  1.08716e-13
      1461.20  1.10414e-13
      1462.40  1.13601e-13
      1463.60  1.05771e-13
      1464.80  1.10104e-13
      1466.00  1.19092e-13
      1467.20  1.14229e-13
      1468.40  1.18054e-13
      1469.60  1.23587e-13
      1470.80  1.18747e-13
      1472.00  1.10998e-13
      1473.00  1.14345e-13
      1474.20  1.20300e-13
      1475.40  1.15922e-13
      1476.60  1.18596e-13
      1477.80  1.19635e-13
      1479.00  1.11975e-13
      1480.20  1.17219e-13
      1481.40  1.24501e-13
      1482.60  1.13717e-13
      1483.80  1.16534e-13
      1484.80  1.24969e-13
      1486.00  1.21334e-13
      1487.20  1.30594e-13
      1488.40  1.21440e-13
      1489.60  1.26575e-13
      1490.80  1.16797e-13
      1492.00  1.18034e-13
      1493.20  1.19546e-13
      1494.40  1.25689e-13
      1495.60  1.25438e-13
      1496.60  1.23049e-13
      1497.80  1.25622e-13
      1499.00  1.26347e-13
      1500.20  1.29339e-13
      1501.40  1.29197e-13
      1502.60  1.29937e-13
      1503.80  1.16514e-13
      1505.00  1.18086e-13
      1506.20  1.15022e-13
      1507.40  1.16939e-13
      1508.40  1.13620e-13
      1509.60  1.11250e-13
      1510.80  1.16145e-13
      1512.00  1.20096e-13
      1513.20  1.11238e-13
      1514.40  1.02042e-13
      1515.60  1.02934e-13
      1516.80  1.02088e-13
      1518.00  1.12256e-13
      1519.00  1.24843e-13
      1520.20  1.17683e-13
      1521.40  1.15291e-13
      1522.60  1.18357e-13
      1523.80  1.21678e-13
      1525.00  1.33918e-13
      1526.20  1.20934e-13
      1527.40  1.14252e-13
      1528.60  1.26214e-13
      1529.80  1.33565e-13
      1530.80  1.25551e-13
      1532.00  1.22242e-13
      1533.20  1.19591e-13
      1534.40  1.26468e-13
      1535.60  1.17266e-13
      1536.80  1.17266e-13
      1538.00  1.17266e-13
      1539.20  1.17266e-13
      1540.40  1.17266e-13
      1541.60  1.17266e-13
      1542.60  1.17266e-13
      1543.80  1.17266e-13
      1545.00  1.17266e-13
      1546.20  1.29956e-13
      1547.40  1.53452e-13
      1548.60  1.63498e-13
      1549.80  1.63356e-13
      1551.00  1.53170e-13
      1552.20  1.42019e-13
      1553.40  1.17479e-13
      1554.40  1.17266e-13
      1555.60  1.17266e-13
      1556.80  1.17266e-13
      1558.00  1.17266e-13
      1559.20  1.17266e-13
      1560.40  1.17266e-13
      1561.60  1.17266e-13
      1562.80  1.17266e-13
      1564.00  1.17266e-13
      1565.20  1.28707e-13
      1566.20  1.30931e-13
      1567.40  1.29279e-13
      1568.60  1.24009e-13
      1569.80  1.24600e-13
      1571.00  1.21785e-13
      1572.20  1.12235e-13
      1573.40  1.19720e-13
      1574.60  1.16309e-13
      1575.80  1.22247e-13
      1577.00  1.25778e-13
      1578.00  1.30950e-13
      1579.20  1.27731e-13
      1580.40  1.34866e-13
      1581.60  1.28162e-13
      1582.80  1.22824e-13
      1584.00  1.23029e-13
      1585.20  1.24092e-13
      1586.40  1.26781e-13
      1587.60  1.18962e-13
      1588.80  1.21755e-13
      1589.80  1.19934e-13
      1591.00  1.19279e-13
      1592.20  1.19986e-13
      1593.40  1.19579e-13
      1594.60  1.25556e-13
      1595.80  1.26039e-13
      1597.00  1.21994e-13
      1598.20  1.15859e-13
      1599.40  1.19501e-13
      1600.60  1.20295e-13
      1601.60  1.12261e-13
      1602.80  1.22793e-13
      1604.00  1.22673e-13
      1605.20  1.16841e-13
      1606.40  1.13879e-13
      1607.60  1.18789e-13
      1608.80  1.30293e-13
      1610.00  1.20216e-13
      1611.20  1.14631e-13
      1612.40  1.11611e-13
      1613.40  1.14252e-13
      1614.60  1.22271e-13
      1615.80  1.17229e-13
      1617.00  1.07100e-13
      1618.20  1.09041e-13
      1619.40  1.19239e-13
      1620.60  1.25985e-13
      1621.80  1.22787e-13
      1623.00  1.17302e-13
      1624.00  1.19234e-13
      1625.20  1.15692e-13
      1626.40  1.14597e-13
      1627.60  1.17894e-13
      1628.80  1.11007e-13
      1630.00  1.12805e-13
      1631.20  1.17243e-13
      1632.40  1.19174e-13
      1633.60  1.22802e-13
      1634.80  1.29809e-13
      1635.80  1.32072e-13
      1637.00  1.31953e-13
      1638.20  1.58814e-13
      1639.40  1.66025e-13
      1640.60  1.73624e-13
      1641.80  1.72154e-13
      1643.00  1.53284e-13
      1644.20  1.35219e-13
      1645.40  1.20769e-13
      1646.60  1.18852e-13
      1647.60  1.19086e-13
      1648.80  1.21219e-13
      1650.00  1.07034e-13
      1651.20  1.08669e-13
      1652.40  1.21657e-13
      1653.60  1.17485e-13
      1654.80  1.21461e-13
      1656.00  1.30092e-13
      1657.20  1.36734e-13
      1658.40  1.37229e-13
      1659.40  1.32926e-13
      1660.60  1.26176e-13
      1661.80  1.24102e-13
      1663.00  1.23439e-13
      1664.20  1.18562e-13
      1665.40  1.22196e-13
      1666.60  1.20285e-13
      1667.80  1.16191e-13
      1669.00  1.16196e-13
      1670.20  1.09808e-13
      1671.20  1.13237e-13
      1672.40  1.18543e-13
      1673.60  1.20168e-13
      1674.80  1.21658e-13
      1676.00  1.17307e-13
      1677.20  1.17183e-13
      1678.40  1.18955e-13
      1679.60  1.09588e-13
      1680.80  1.12200e-13
      1682.00  1.17027e-13
      1683.00  1.15948e-13
      1684.20  1.13768e-13
      1685.40  1.10560e-13
      1686.60  1.06698e-13
      1687.80  1.13907e-13
      1689.00  1.19271e-13
      1690.20  1.14659e-13
      1691.40  1.16462e-13
      1692.60  1.19773e-13
      1693.80  1.21815e-13
      1694.80  1.27451e-13
      1696.00  1.20628e-13
      1697.20  1.13343e-13
      1698.40  1.17276e-13
      1699.60  1.20605e-13
      1700.80  1.17670e-13
      1702.00  1.19839e-13
      1703.20  1.12034e-13
      1704.40  1.11512e-13
      1705.60  1.14826e-13
      1706.60  1.15090e-13
      1707.80  1.14608e-13
      1709.00  1.08867e-13
      1710.20  1.10275e-13
      1711.40  1.16772e-13
      1712.60  1.19339e-13
      1713.80  1.17191e-13
      1715.00  1.19958e-13
      1716.20  1.20723e-13
      1717.40  1.16143e-13
      1718.40  1.21885e-13
      1719.60  1.27486e-13
      1720.80  1.23481e-13
      1722.00  1.18089e-13
      1723.20  1.12445e-13
      1724.40  1.13276e-13
      1725.60  1.18576e-13
      1726.80  1.16812e-13
      1728.00  1.16374e-13
      1729.00  1.18393e-13
      1730.20  1.15179e-13
      1731.40  1.15494e-13
      1732.60  1.11409e-13
      1733.80  1.10573e-13
      1735.00  1.13521e-13
      1736.20  1.19244e-13
      1737.40  1.19359e-13
      1738.60  1.16971e-13
      1739.80  1.19972e-13
      1740.80  1.17787e-13
      1742.00  1.13473e-13
      1743.20  1.13150e-13
      1744.40  1.15587e-13
      1745.60  1.16999e-13
      1746.80  1.22004e-13
      1748.00  1.26123e-13
      1749.20  1.22683e-13
      1750.40  1.21760e-13
      1751.60  1.21993e-13
      1752.60  1.18657e-13
      1753.80  1.22733e-13
      1755.00  1.24726e-13
      1756.20  1.23256e-13
      1757.40  1.24876e-13
      1758.60  1.24006e-13
      1759.80  1.17582e-13
      1761.00  1.13540e-13
      1762.20  1.21273e-13
      1763.40  1.25699e-13
      1764.40  1.23758e-13
      1765.60  1.19326e-13
      1766.80  1.23105e-13
      1768.00  1.23977e-13
      1769.20  1.21356e-13
      1770.40  1.20568e-13
      1771.60  1.18430e-13
      1772.80  1.20604e-13
      1774.00  1.23266e-13
      1775.20  1.24529e-13
      1776.20  1.25065e-13
      1777.40  1.23610e-13
      1778.60  1.21073e-13
      1779.80  1.20779e-13
      1781.00  1.17723e-13
      1782.20  1.21429e-13
      1783.40  1.22251e-13
      1784.60  1.24662e-13
      1785.80  1.25134e-13
      1787.00  1.23735e-13
      1788.00  1.16870e-13
      1789.20  1.10995e-13
      1790.40  9.98400e-14
      1791.60  8.48230e-14
      1792.80  7.90175e-14
      1794.00  8.77620e-14
      1795.20  9.90755e-14
      1796.40  1.07463e-13
      1797.60  1.13979e-13
      1798.80  1.17803e-13
      1799.80  1.17567e-13
      1801.00  1.21150e-13
      1802.20  1.21589e-13
      1803.40  1.21027e-13
      1804.60  1.18817e-13
      1805.80  1.22990e-13
      1807.00  1.23833e-13
      1808.20  1.25677e-13
      1809.40  1.23929e-13
      1810.60  1.23000e-13
      1811.60  1.19165e-13
      1812.80  1.17304e-13
      1814.00  1.17746e-13
      1815.20  1.20323e-13
      1816.40  1.20779e-13
      1817.60  1.26045e-13
      1818.80  1.23547e-13
      1820.00  1.21211e-13
      1821.20  1.17587e-13
      1822.40  1.17351e-13
      1823.40  1.18068e-13
      1824.60  1.19960e-13
      1825.80  1.20671e-13
      1827.00  1.22145e-13
      1828.20  1.21623e-13
      1829.40  1.18797e-13
      1830.60  1.15134e-13
      1831.80  1.14807e-13
      1833.00  1.11939e-13
      1834.00  1.11277e-13
      1835.20  1.11885e-13
      1836.40  1.13814e-13
      1837.60  1.13587e-13
      1838.80  1.13873e-13
      1840.00  1.14719e-13
      1841.20  1.13192e-13
      1842.40  1.15278e-13
      1843.60  1.16226e-13
      1844.80  1.13463e-13
      1845.80  1.13889e-13
      1847.00  1.14700e-13
      1848.20  1.16356e-13
      1849.40  1.14482e-13
      1850.60  1.17990e-13
      1851.80  1.19855e-13
      1853.00  1.21895e-13
      1854.20  1.21360e-13
      1855.40  1.21332e-13
      1856.60  1.20321e-13
      1857.60  1.22229e-13
      1858.80  1.22993e-13
      1860.00  1.22738e-13
      1861.20  1.21435e-13
      1862.40  1.22796e-13
      1863.60  1.19587e-13
      1864.80  1.20608e-13
      1866.00  1.17717e-13
      1867.20  1.14271e-13
      1868.40  1.10045e-13
      1869.40  1.13573e-13
      1870.60  1.12498e-13
      1871.80  1.15472e-13
      1873.00  1.14986e-13
      1874.20  1.14906e-13
      1875.40  1.13116e-13
      1876.60  1.13813e-13
      1877.80  1.11003e-13
      1879.00  1.10848e-13
      1880.20  1.10938e-13
      1881.20  1.14218e-13
      1882.40  1.13503e-13
      1883.60  1.15203e-13
      1884.80  1.12160e-13
      1886.00  1.13111e-13
      1887.20  1.11958e-13
      1888.40  1.14493e-13
      1889.60  1.12512e-13
      1890.80  1.14593e-13
      1892.00  1.15276e-13
      1893.00  1.17232e-13
      1894.20  1.16144e-13
      1895.40  1.16562e-13
      1896.60  1.16187e-13
      1897.80  1.15670e-13
      1899.00  1.13853e-13
      1900.20  1.14703e-13
      1901.40  1.13647e-13
      1902.60  1.13043e-13
      1903.80  1.10304e-13
      1904.80  1.10261e-13
      1906.00  1.09691e-13
      1907.20  1.12906e-13
      1908.40  1.13278e-13
      1909.60  1.14431e-13
      1910.80  1.13035e-13
      1912.00  1.13810e-13
      1913.20  1.14128e-13
      1914.40  1.14982e-13
      1915.60  1.14701e-13
      1916.60  1.16524e-13
      1917.80  1.14012e-13
      1919.00  1.13015e-13
      1920.20  1.10602e-13
      1921.40  1.11076e-13
      1922.60  1.13386e-13
      1923.80  1.14287e-13
      1925.00  1.12686e-13
      1926.20  1.14562e-13
      1927.40  1.17352e-13
      1928.40  1.17849e-13
      1929.60  1.18095e-13
      1930.80  1.16891e-13
      1932.00  1.14967e-13
      1933.20  1.15242e-13
      1934.40  1.11993e-13
      1935.60  1.13108e-13
      1936.80  1.10449e-13
      1938.00  1.11177e-13
      1939.00  1.10306e-13
      1940.20  1.12200e-13
      1941.40  1.11236e-13
      1942.60  1.11005e-13
      1943.80  1.10279e-13
      1945.00  1.09081e-13
      1946.20  1.09412e-13
      1947.40  1.09193e-13
      1948.60  1.09785e-13
      1949.80  1.09919e-13
      1950.80  1.10428e-13
      1952.00  1.12385e-13
      1953.20  1.12832e-13
      1954.40  1.14572e-13
      1955.60  1.14869e-13
      1956.80  1.15542e-13
      1958.00  1.13177e-13
      1959.20  1.13763e-13
      1960.40  1.14021e-13
      1961.60  1.13770e-13
      1962.60  1.13390e-13
      1963.80  1.13758e-13
      1965.00  1.13249e-13
      1966.20  1.10905e-13
      1967.40  1.08893e-13
      1968.60  1.07909e-13
      1969.80  1.08872e-13
      1971.00  1.08735e-13
      1972.20  1.07055e-13
      1973.40  1.07381e-13
      1974.40  1.07663e-13
      1975.60  1.09282e-13
      1976.80  1.09756e-13
      1978.00  1.10912e-13
      1979.20  1.10494e-13
      1980.40  1.10914e-13
      1981.60  1.11400e-13
      1982.80  1.14070e-13
      2000.40  1.07373e-13
      2002.20  1.07236e-13
      2004.20  1.05552e-13
      2006.00  1.05665e-13
      2009.80  1.05358e-13
      2011.60  1.00774e-13
      2013.60  9.92295e-14
      2015.40  1.01249e-13
      2017.20  1.01701e-13
      2019.20  1.04143e-13
      2021.00  1.03605e-13
      2022.80  9.98305e-14
      2024.80  9.81830e-14
      2026.60  9.80675e-14
      2028.40  1.02784e-13
      2030.40  9.91250e-14
      2032.20  9.64615e-14
      2034.00  9.85010e-14
      2036.00  1.00423e-13
      2037.80  1.03414e-13
      2039.60  1.07581e-13
      2041.60  1.06902e-13
      2043.40  1.06031e-13
      2045.40  1.10019e-13
      2047.20  1.09944e-13
      2049.00  1.09031e-13
      2051.00  1.14342e-13
      2052.80  1.16365e-13
      2054.60  1.12451e-13
      2056.60  1.10074e-13
      2058.40  1.11118e-13
      2060.20  1.15099e-13
      2062.20  1.19353e-13
      2064.00  1.19217e-13
      2065.80  1.16440e-13
      2067.80  1.13104e-13
      2069.60  1.12245e-13
      2071.40  1.09723e-13
      2073.40  1.12576e-13
      2075.20  1.12403e-13
      2077.00  1.08383e-13
      2079.00  1.04410e-13
      2080.80  1.02890e-13
      2082.60  1.05117e-13
      2084.60  1.01575e-13
      2086.40  9.70750e-14
      2088.40  9.52055e-14
      2090.20  9.09170e-14
      2092.00  9.08485e-14
      2094.00  9.89445e-14
      2095.80  1.05614e-13
      2097.60  1.04002e-13
      2099.60  1.01380e-13
      2101.40  1.01626e-13
      2103.20  1.04044e-13
      2105.20  1.10869e-13
      2107.00  1.14743e-13
      2108.80  1.20041e-13
      2110.80  1.25695e-13
      2112.60  1.28973e-13
      2114.40  1.26998e-13
      2116.40  1.28899e-13
      2118.20  1.32901e-13
      2120.00  1.37554e-13
      2122.00  1.37912e-13
      2123.80  1.38434e-13
      2125.60  1.43997e-13
      2127.60  1.44513e-13
      2129.40  1.46389e-13
      2131.40  1.48686e-13
      2133.20  1.43872e-13
      2135.00  1.39967e-13
      2137.00  1.39929e-13
      2138.80  1.39412e-13
      2140.60  1.41080e-13
      2142.60  1.39984e-13
      2144.40  1.35715e-13
      2146.20  1.33948e-13
      2148.20  1.34772e-13
      2150.00  1.34003e-13
      2151.80  1.31716e-13
      2153.80  1.29753e-13
      2155.60  1.30358e-13
      2157.40  1.35288e-13
      2159.40  1.40161e-13
      2161.20  1.37607e-13
      2163.00  1.35073e-13
      2165.00  1.33337e-13
      2166.80  1.35418e-13
      2168.60  1.35986e-13
      2170.60  1.36587e-13
      2172.40  1.37758e-13
      2174.40  1.34859e-13
      2176.20  1.33030e-13
      2178.00  1.32228e-13
      2180.00  1.30242e-13
      2181.80  1.30509e-13
      2183.60  1.29231e-13
      2185.60  1.29284e-13
      2187.40  1.27760e-13
      2189.20  1.26509e-13
      2191.20  1.24964e-13
      2193.00  1.26129e-13
      2194.80  1.24256e-13
      2196.80  1.20157e-13
      2198.60  1.13601e-13
      2200.40  1.16760e-13
      2202.40  1.38525e-13
      2204.20  8.96965e-14
      2206.00  2.32633e-13
      2208.00  2.20585e-13
      2209.80  9.21060e-14
      2211.80  1.59271e-13
      2213.60  1.98662e-13
      2215.40  1.05036e-13
      2217.40  8.03485e-14
      2219.20  1.51230e-13
      2221.00  1.87384e-13
      2223.00  1.38821e-13
      2224.80  1.60080e-13
      2226.60  1.49471e-13
      2228.60  1.37641e-13
      2230.40  1.97577e-13
      2232.20  1.21329e-13
      2234.20  1.87667e-13
      2236.00  2.27366e-13
      2237.80  1.89378e-13
      2239.80  1.23778e-13
      2241.60  1.59534e-13
      2243.40  1.72954e-13
      2245.40  1.83792e-13
      2247.20  1.74851e-13
      2249.00  1.55098e-13
      2251.00  2.20312e-13
      2252.80  2.47229e-13
      2254.80  2.94176e-13
      2256.60  2.28981e-13
      2258.40  2.05104e-13
      2260.40  3.22784e-13
      2262.20  3.05946e-13
      2264.00  2.34489e-13
      2266.00  1.99999e-13
      2267.80  2.38386e-13
      2269.60  2.65454e-13
      2271.60  2.44164e-13
      2273.40  1.55319e-13
      2275.20  2.01857e-13
      2277.20  2.78686e-13
      2279.00  2.35627e-13
      2280.80  2.13293e-13
      2282.80  2.39839e-13
      2284.60  1.19188e-13
      2286.40  1.76875e-13
      2288.40  2.35283e-13
      2290.20  1.59219e-13
      2292.00  1.55806e-13
      2294.00  2.16518e-13
      2295.80  2.18109e-13
      2297.80  2.12190e-13
      2299.60  2.82280e-13
      2301.40  3.09505e-13
      2303.40  2.57568e-13
      2305.20  1.87826e-13
      2307.00  1.64518e-13
      2309.00  1.34012e-13
      2310.80  1.90376e-13
      2312.60  1.49761e-13
      2314.60  1.79148e-13
      2316.40  2.08735e-13
      2318.20  1.98578e-13
      2320.20  2.52677e-13
      2322.00  2.00727e-13
      2323.80  1.82142e-13
      2325.80  2.35818e-13
      2327.60  3.13940e-13
      2329.40  3.12051e-13
      2331.40  3.03772e-13
      2333.20  3.62403e-13
      2335.00  3.06233e-13
      2337.00  2.76621e-13
      2338.80  3.75816e-13
      2340.80  4.06331e-13
      2342.60  3.95498e-13
      2344.40  4.43049e-13
      2346.40  4.44288e-13
      2348.20  3.75745e-13
      2350.00  4.03341e-13
      2352.00  3.87703e-13
      2353.80  2.66798e-13
      2355.60  3.00117e-13
      2357.60  3.26048e-13
      2359.40  3.92652e-13
      2361.20  4.78769e-13
      2363.20  4.25104e-13
      2365.00  4.32654e-13
      2366.80  4.21521e-13
      2368.80  4.37923e-13
      2370.60  3.92256e-13
      2372.40  3.23112e-13
      2374.40  2.99150e-13
      2376.20  3.13853e-13
      2378.00  4.48365e-13
      2380.00  5.48935e-13
      2381.80  6.10885e-13
      2383.80  5.91395e-13
      2385.60  5.78120e-13
      2387.40  4.31398e-13
      2389.40  3.67216e-13
      2391.20  3.50516e-13
      2393.00  4.29173e-13
      2395.00  5.05805e-13
      2396.80  4.68370e-13
      2398.60  4.85203e-13
      2400.60  4.90435e-13
      2402.40  4.79476e-13
      2404.20  5.05075e-13
      2406.20  4.86894e-13
      2408.00  5.44620e-13
      2409.80  6.40855e-13
      2411.80  5.08615e-13
      2413.60  4.62372e-13
      2415.40  3.83506e-13
      2417.40  2.38777e-13
      2419.20  2.51542e-13
      2421.00  2.95457e-13
      2423.00  3.08356e-13
      2424.80  3.20792e-13
      2426.80  3.46982e-13
      2428.60  3.57920e-13
      2430.40  3.79709e-13
      2432.40  3.70905e-13
      2434.20  3.39108e-13
      2436.00  4.01523e-13
      2438.00  3.70690e-13
      2439.80  3.79479e-13
      2441.60  3.49202e-13
      2443.60  3.10382e-13
      2445.40  3.63268e-13
      2447.20  3.93274e-13
      2449.20  3.92360e-13
      2451.00  3.54044e-13
      2452.80  3.36185e-13
      2454.80  3.28938e-13
      2456.60  3.55742e-13
      2458.40  3.66120e-13
      2460.40  3.71809e-13
      2462.20  3.85687e-13
      2464.00  3.82293e-13
      2466.00  3.97273e-13
      2467.80  4.23404e-13
      2469.80  3.93589e-13
      2471.60  4.05054e-13
      2473.40  3.58998e-13
      2475.40  3.93092e-13
      2477.20  4.19636e-13
      2479.00  4.50695e-13
      2481.00  5.07255e-13
      2482.80  4.32835e-13
      2484.60  3.73823e-13
      2486.60  4.01845e-13
      2488.40  4.01070e-13
      2490.20  3.93983e-13
      2492.20  4.76626e-13
      2494.00  4.06554e-13
      2495.80  3.37228e-13
      2497.80  3.65350e-13
      2499.60  3.29164e-13
      2501.40  3.36839e-13
      2503.40  3.25937e-13
      2505.20  4.15789e-13
      2507.20  4.67633e-13
      2509.00  4.28601e-13
      2510.80  3.57257e-13
      2512.80  3.80627e-13
      2514.60  4.22442e-13
      2516.40  4.41369e-13
      2518.40  3.90427e-13
      2520.20  4.16365e-13
      2522.00  4.63912e-13
      2524.00  5.13145e-13
      2525.80  5.71920e-13
      2527.60  5.45425e-13
      2529.60  5.93540e-13
      2531.40  5.98205e-13
      2533.20  5.26590e-13
      2535.20  4.81672e-13
      2537.00  5.75165e-13
      2538.80  6.11195e-13
      2540.80  5.70260e-13
      2542.60  4.97933e-13
      2544.40  4.82666e-13
      2546.40  4.87613e-13
      2548.20  5.16275e-13
      2550.20  5.21260e-13
      2552.00  4.71038e-13
      2553.80  3.66569e-13
      2555.80  3.40131e-13
      2557.60  3.53738e-13
      2559.40  3.65048e-13
      2561.40  3.83305e-13
      2563.20  3.55367e-13
      2565.00  3.91318e-13
      2567.00  3.81504e-13
      2568.80  3.56755e-13
      2570.60  3.91754e-13
      2572.60  4.48209e-13
      2574.40  4.19644e-13
      2576.20  3.76241e-13
      2578.20  3.55039e-13
      2580.00  3.32038e-13
      2581.80  3.70721e-13
      2583.80  4.62187e-13
      2585.60  5.02135e-13
      2587.40  4.44530e-13
      2589.40  3.96320e-13
      2591.20  3.92226e-13
      2593.20  4.12505e-13
      2595.00  4.50391e-13
      2596.80  4.90616e-13
      2598.80  5.25680e-13
      2600.60  5.34095e-13
      2602.40  4.68615e-13
      2604.40  4.81553e-13
      2606.20  5.52535e-13
      2608.00  5.73505e-13
      2610.00  6.17955e-13
      2611.80  6.20555e-13
      2613.60  5.39885e-13
      2615.60  6.47835e-13
      2617.40  5.41300e-13
      2619.20  5.32810e-13
      2621.20  5.43005e-13
      2623.00  5.67600e-13
      2624.80  5.72470e-13
      2626.80  6.04245e-13
      2628.60  6.33235e-13
      2630.40  6.39990e-13
      2632.40  6.07325e-13
      2634.20  4.40638e-13
      2636.20  3.35956e-13
      2638.00  3.26517e-13
      2639.80  3.30257e-13
      2641.80  3.01290e-13
      2643.60  3.08668e-13
      2645.40  2.78138e-13
      2647.40  2.69403e-13
      2649.20  2.62965e-13
      2651.00  2.76348e-13
      2653.00  2.99329e-13
      2654.80  3.17560e-13
      2656.60  3.14933e-13
      2658.60  3.04974e-13
      2660.40  3.24629e-13
      2662.20  3.81198e-13
      2664.20  4.28919e-13
      2666.00  3.87167e-13
      2667.80  3.60736e-13
      2669.80  3.67844e-13
      2671.60  4.01548e-13
      2673.40  3.56242e-13
      2675.40  3.21269e-13
      2677.20  3.33516e-13
      2679.20  3.72260e-13
      2681.00  3.88154e-13
      2682.80  3.40049e-13
      2684.80  3.36218e-13
      2686.60  3.89684e-13
      2688.40  3.90373e-13
      2690.40  3.74062e-13
      2692.20  3.89632e-13
      2694.00  3.80158e-13
      2696.00  3.81473e-13
      2697.80  4.19710e-13
      2699.60  3.77183e-13
      2701.60  3.92040e-13
      2703.40  4.28627e-13
      2705.20  4.50671e-13
      2707.20  4.24752e-13
      2709.00  4.28339e-13
      2710.80  4.29228e-13
      2712.80  4.81920e-13
      2714.60  4.70066e-13
      2716.40  4.38566e-13
      2718.40  4.20500e-13
      2720.20  4.27282e-13
      2722.20  4.60808e-13
      2724.00  4.37813e-13
      2725.80  4.66737e-13
      2727.80  5.22825e-13
      2729.60  5.25555e-13
      2731.40  5.17560e-13
      2733.40  5.36130e-13
      2735.20  5.52810e-13
      2737.00  6.27610e-13
      2739.00  6.45400e-13
      2740.80  6.26225e-13
      2742.60  5.93075e-13
      2744.60  6.39075e-13
      2746.40  6.56625e-13
      2748.20  6.33855e-13
      2750.20  5.99905e-13
      2752.00  6.29905e-13
      2753.80  6.11810e-13
      2755.80  5.78200e-13
      2757.60  5.63525e-13
      2759.40  5.56300e-13
      2761.40  5.57735e-13
      2763.20  5.36550e-13
      2765.20  5.85210e-13
      2767.00  5.25775e-13
      2768.80  5.59030e-13
      2770.80  4.92917e-13
      2772.60  4.76663e-13
      2774.40  4.76393e-13
      2776.40  4.52695e-13
      2778.20  4.66936e-13
      2780.00  5.12660e-13
      2782.00  5.15410e-13
      2783.80  4.78355e-13
      2785.60  4.81735e-13
      2787.60  5.29275e-13
      2789.40  5.85430e-13
      2791.10  5.18040e-13
      2791.20  5.18040e-13
      2792.90  5.18040e-13
      2793.20  5.18040e-13
      2794.60  5.32145e-13
      2795.00  5.32145e-13
      2796.40  1.21188e-12
      2796.80  5.32145e-13
      2798.10  5.32145e-13
      2798.80  5.32145e-13
      2799.90  5.32145e-13
      2800.60  5.32145e-13
      2801.60  5.32145e-13
      2802.40  5.32145e-13
      2803.40  9.68265e-13
      2804.40  5.32145e-13
      2805.10  5.32145e-13
      2806.20  5.18040e-13
      2806.90  5.18040e-13
      2808.20  5.18040e-13
      2808.60  5.18040e-13
      2810.00  4.54337e-13
      2811.80  4.35427e-13
      2813.80  4.17553e-13
      2815.60  4.08944e-13
      2817.40  3.76956e-13
      2819.40  4.57114e-13
      2821.20  4.56236e-13
      2823.00  4.53788e-13
      2825.00  4.49613e-13
      2826.80  4.47268e-13
      2828.60  4.45792e-13
      2830.60  4.42627e-13
      2832.40  4.29233e-13
      2834.20  4.11548e-13
      2836.20  3.98277e-13
      2838.00  3.96090e-13
      2839.80  4.00235e-13
      2841.80  4.07138e-13
      2843.60  4.13118e-13
      2845.40  4.16573e-13
      2847.40  4.16541e-13
      2849.20  4.15923e-13
      2851.20  4.16667e-13
      2853.00  4.16648e-13
      2854.80  4.17165e-13
      2856.80  4.17416e-13
      2858.60  4.17444e-13
      2860.40  4.15660e-13
      2862.40  4.16267e-13
      2864.20  4.17114e-13
      2866.00  4.13979e-13
      2868.00  4.10270e-13
      2869.80  4.11485e-13
      2871.60  4.23949e-13
      2873.60  4.40458e-13
      2875.40  4.52427e-13
      2877.20  4.55203e-13
      2879.20  4.51202e-13
      2881.00  4.44730e-13
      2882.80  4.48149e-13
      2884.80  4.02958e-13
      2886.60  4.09191e-13
      2888.40  4.13328e-13
      2890.40  4.15941e-13
      2892.20  3.92837e-13
      2894.20  3.81601e-13
      2896.00  3.89338e-13
      2897.80  3.72525e-13
      2899.80  3.89709e-13
      2901.60  3.66440e-13
      2903.40  3.33340e-13
      2905.40  3.32261e-13
      2907.20  3.56863e-13
      2909.00  3.81511e-13
      2911.00  3.89600e-13
      2912.80  3.68636e-13
      2914.60  3.92295e-13
      2916.60  3.94542e-13
      2918.40  3.94236e-13
      2920.20  3.80051e-13
      2922.20  4.25252e-13
      2924.00  4.68666e-13
      2925.80  4.95002e-13
      2927.80  5.08120e-13
      2929.60  4.96792e-13
      2931.40  4.63823e-13
      2933.40  4.58241e-13
      2935.20  4.72274e-13
      2937.20  4.51236e-13
      2939.00  4.74675e-13
      2940.80  4.77857e-13
      2942.80  4.70218e-13
      2944.60  4.73361e-13
      2946.40  4.77170e-13
      2948.40  4.75975e-13
      2950.20  4.79853e-13
      2952.00  4.73766e-13
      2954.00  4.76727e-13
      2955.80  4.46983e-13
      2957.60  4.60308e-13
      2959.60  4.69461e-13
      2961.40  4.84585e-13
      2963.20  4.80614e-13
      2965.20  4.63015e-13
      2967.00  4.66459e-13
      2968.80  4.43134e-13
      2970.80  4.67939e-13
      2972.60  4.56583e-13
      2974.40  4.59509e-13
      2976.40  4.54269e-13
      2978.20  4.31680e-13
      2980.20  4.34281e-13
      2982.00  4.86907e-13
      2983.80  4.98285e-13
      2985.80  4.65655e-13
      2987.60  4.24198e-13
      2989.40  3.84934e-13
      2991.40  3.84130e-13
      2993.20  3.83412e-13
      2995.00  3.81544e-13
      2997.00  3.96950e-13
      2998.80  4.49976e-13
      3000.60  4.60152e-13
      3002.60  4.47012e-13
      3004.40  4.23708e-13
      3006.20  3.62232e-13
      3008.20  3.38132e-13
      3010.00  3.17456e-13
      3011.80  3.31840e-13
      3013.80  3.73551e-13
      3015.60  4.02410e-13
      3017.40  4.10176e-13
      3019.40  3.97992e-13
      3021.20  4.10905e-13
      3023.20  4.11557e-13
      3025.00  4.24076e-13
      3026.80  4.18547e-13
      3028.80  4.13730e-13
      3030.60  3.92884e-13
      3032.40  3.89525e-13
      3034.40  4.10295e-13
      3036.20  4.11406e-13
      3038.00  4.19896e-13
      3040.00  4.14821e-13
      3041.80  4.05642e-13
      3043.60  3.95262e-13
      3045.60  3.87645e-13
      3047.40  3.81245e-13
      3049.20  3.85882e-13
      3051.20  3.99974e-13
      3053.00  4.17560e-13
      3054.80  4.29029e-13
      3056.80  4.10988e-13
      3058.60  4.02591e-13
      3060.40  3.98597e-13
      3062.40  4.11839e-13
      3064.20  4.34768e-13
      3066.20  4.28990e-13
      3068.00  4.37264e-13
      3069.80  4.30082e-13
      3071.80  4.26851e-13
      3073.60  4.12151e-13
      3075.40  4.00219e-13
      3077.40  3.92012e-13
      3079.20  4.14826e-13
      3081.00  4.10052e-13
      3083.00  3.90926e-13
      3084.80  3.76003e-13
      3086.60  3.59441e-13
      3088.60  3.81826e-13
      3090.40  4.26875e-13
      3092.20  4.77307e-13
      3094.20  4.80073e-13
      3096.00  4.70477e-13
      3097.80  4.64995e-13
      3099.80  4.57873e-13
      3101.60  4.49997e-13
      3103.40  4.34298e-13
      3105.40  4.24377e-13
      3107.20  4.27286e-13
      3109.20  4.36886e-13
      3111.00  4.24131e-13
      3112.80  3.86622e-13
      3114.80  3.97333e-13
      3116.60  3.93361e-13
      3118.40  3.96241e-13
      3120.40  3.74927e-13
      3122.20  3.65102e-13
      3124.00  3.70419e-13
      3126.00  3.74189e-13
      3127.80  3.55253e-13
      3129.60  3.54391e-13
      3131.60  3.45595e-13
      3133.40  3.52103e-13
      3135.20  3.43520e-13
      3137.20  3.24415e-13
      3139.00  3.23918e-13
      3140.80  3.09783e-13
      3142.80  3.09964e-13
      3144.60  3.06259e-13
      3146.40  2.88102e-13
      3148.40  3.14096e-13
      3150.20  3.61698e-13
      3152.20  4.17333e-13
      3154.00  4.33470e-13
      3155.80  4.01551e-13
      3157.80  4.22225e-13
      3159.60  4.09460e-13
      3161.40  3.91385e-13
      3163.40  3.66052e-13
      3165.20  3.54516e-13
      3167.00  3.46886e-13
      3169.00  3.70002e-13
      3170.80  3.68976e-13
      3172.60  3.67339e-13
      3174.60  3.77128e-13
      3176.40  4.12679e-13
      3178.20  4.51503e-13
      3180.20  4.55111e-13
      3182.00  4.69343e-13
      3183.80  4.35511e-13
      3185.80  4.00985e-13
      3187.60  4.11098e-13
      3189.40  4.02577e-13
      3191.40  4.33783e-13
      3193.20  4.12675e-13
      3195.20  4.05007e-13
      3197.00  3.71886e-13
      3198.80  3.60300e-13
      3200.80  3.75439e-13
      3202.60  3.88538e-13
      3204.40  4.00764e-13
      3206.40  3.93825e-13
      3208.20  3.72579e-13
      3210.00  3.59529e-13
      3212.00  3.46923e-13
      3213.80  3.45522e-13
      3215.60  3.65078e-13
      3217.60  3.68088e-13
      3219.40  3.45116e-13
      3221.20  3.48039e-13
      3223.20  3.60263e-13
      3225.00  3.91569e-13
      3226.80  4.14963e-13
      3228.80  4.16223e-13
      3230.60  4.15379e-13
      3232.40  4.02148e-13
      3234.40  3.92402e-13
      3236.20  3.48625e-13
      3238.20  3.41590e-13
      3240.00  3.24339e-13
      3241.80  3.53116e-13
      3243.80  3.80856e-13
      3245.60  3.97886e-13
      3247.40  3.93437e-13
      3249.40  3.90257e-13
      3251.20  4.31105e-13
      3253.00  4.71377e-13
      3255.00  5.36160e-13
      3256.80  5.42930e-13
      3258.60  5.01375e-13
      3260.60  5.03750e-13
      3262.40  5.29900e-13
      3264.20  5.31835e-13
      3266.20  5.48440e-13
      3268.00  5.97330e-13
      3269.80  6.37150e-13
      3271.80  6.50360e-13
      3273.60  5.87045e-13
      3275.40  5.43955e-13
      3277.40  5.72955e-13
      3279.20  5.36380e-13
      3281.20  5.06545e-13
      3283.00  5.09545e-13
      3284.80  5.17360e-13
      3286.80  5.35205e-13
      3288.60  5.33625e-13
      3290.40  5.30910e-13
      3292.40  5.60155e-13
      3294.20  5.82275e-13
      3296.00  6.12740e-13
      3298.00  6.12840e-13
      3299.80  6.54810e-13
      3301.60  2.70195e-13
      3303.60  2.43626e-13
      3550.06 -1.56000e-13
      3551.80  3.80950e-13
      3553.53  5.55500e-13
      3555.27  1.41250e-13
      3557.01  1.88600e-13
      3558.75  1.58800e-13
      3560.49  2.42350e-13
      3562.22  2.65900e-13
      3563.96  1.93600e-13
      3565.70  3.99200e-14
      3567.44  2.25850e-13
      3569.17  2.55500e-13
      3570.91  1.81700e-13
      3572.65  3.85350e-13
      3574.39  2.97500e-13
      3576.13  4.60100e-13
      3577.86  1.37050e-13
      3579.60  3.93250e-13
      3581.34  3.75500e-13
      3583.08  2.02850e-13
      3584.82  3.76300e-13
      3586.56  5.59500e-13
      3588.29  2.80800e-13
      3590.03  3.55900e-13
      3591.77  3.13800e-13
      3593.51  4.28900e-13
      3595.25  4.32450e-13
      3596.98  2.87900e-13
      3598.72  1.90850e-13
      3600.46  3.74000e-13
      3602.20  7.67500e-14
      3603.94  2.77150e-13
      3605.68  2.17300e-13
      3607.41  2.07800e-13
      3609.15  3.07900e-13
      3610.89  1.95700e-13
      3612.63  2.47400e-13
      3614.37  3.73100e-13
      3616.11  3.50300e-13
      3617.84  1.37750e-13
      3619.58  2.92250e-13
      3621.32  4.28950e-13
      3623.06  4.20450e-13
      3624.80  4.41500e-13
      3626.54  2.40650e-13
      3628.27  2.80900e-13
      3630.01  3.12850e-13
      3631.75  3.35900e-13
      3633.49  2.97050e-13
      3635.23  4.17300e-13
      3636.97  2.80650e-13
      3638.71  3.65050e-13
      3640.44  1.86900e-13
      3642.18  2.34850e-13
      3643.92  3.13950e-13
      3645.66  3.56250e-13
      3647.40  2.83450e-13
      3649.14  2.31900e-13
      3650.88  3.47150e-13
      3652.62  4.11000e-13
      3654.35  7.47500e-14
      3656.09  3.46550e-13
      3657.83  1.79850e-13
      3659.57  3.92100e-13
      3661.31  3.59200e-13
      3663.05  2.73500e-13
      3664.79  1.94650e-13
      3666.53  2.30900e-13
      3668.26  2.96100e-13
      3670.00  2.98800e-13
      3671.74  1.94800e-13
      3673.48  3.00550e-13
      3675.22  3.71900e-13
      3676.96  2.86000e-13
      3678.70  4.20950e-13
      3680.44  2.71100e-13
      3682.18  3.66100e-13
      3683.92  3.29550e-13
      3685.65  2.55500e-13
      3687.39  4.96900e-13
      3689.13  3.22750e-13
      3690.87  3.46750e-13
      3692.61  2.06200e-13
      3694.35  3.35100e-13
      3696.09  2.48750e-13
      3697.83  3.45900e-13
      3699.57  2.65100e-13
      3701.31  2.88150e-13
      3703.05  3.42850e-13
      3704.78  4.06350e-13
      3706.52  5.66500e-13
      3708.26  2.66750e-13
      3710.00  3.32350e-13
      3711.74  4.90200e-13
      3713.48  3.71400e-13
      3715.22  3.09450e-13
      3716.96  1.93250e-13
      3718.70  1.77450e-13
      3720.44  2.88850e-13
      3722.18  6.26000e-13
      3723.92  3.19000e-13
      3725.66  1.96350e-13
      3727.40  2.25700e-13
      3729.14  2.73050e-13
      3730.87  2.37900e-13
      3732.61  2.60150e-13
      3734.35  6.28000e-13
      3736.09  6.62000e-13
      3737.83  5.04500e-13
      3739.57  2.84750e-13
      3741.31  2.60400e-13
      3743.05  2.09900e-13
      3744.79  2.95950e-13
      3746.53  4.02750e-13
      3748.27  2.68650e-13
      3750.01  6.75500e-13
      3751.75  5.68000e-13
      3753.49  4.11000e-13
      3755.23  2.76850e-13
      3756.97  1.84850e-13
      3758.71  2.64200e-13
      3760.45  2.19600e-13
      3762.19  2.31650e-13
      3763.93  2.27850e-13
      3765.67  2.51100e-13
      3767.41  2.80200e-13
      3769.15  4.18800e-13
      3770.89  8.98000e-13
      3772.63  5.91000e-13
      3774.37  3.34550e-13
      3776.11  2.44250e-13
      3777.85  1.94450e-13
      3779.59  1.89800e-13
      3781.33  1.88800e-13
      3783.07  1.61100e-13
      3784.81  1.97650e-13
      3786.55  1.78000e-13
      3788.29  1.85750e-13
      3790.03  2.31550e-13
      3791.77  2.28150e-13
      3793.51  2.13450e-13
      3795.25  3.65650e-13
      3796.99  6.18000e-13
      3798.73  1.29650e-12
      3800.47  5.70500e-13
      3802.21  3.33850e-13
      3803.95  2.51400e-13
      3805.69  1.87750e-13
      3807.43  2.68400e-13
      3809.17  1.64750e-13
      3810.91  1.99300e-13
      3812.65  1.94600e-13
      3814.39  2.04700e-13
      3816.13  1.80050e-13
      3817.87  1.70150e-13
      3819.61  2.33000e-13
      3821.35  2.90100e-13
      3823.09  1.45800e-13
      3824.83  3.06900e-13
      3826.57  3.01200e-13
      3828.31  2.88000e-13
      3830.05  3.58350e-13
      3831.79  3.49300e-13
      3833.53  6.33000e-13
      3835.27  1.35650e-12
      3837.01  1.18200e-12
      3838.75  5.72000e-13
      3840.49  3.86200e-13
      3842.23  3.31400e-13
      3843.97  2.15000e-13
      3845.71  1.93800e-13
      3847.45  2.20050e-13
      3849.19  1.77900e-13
      3850.93  1.70150e-13
      3852.68  1.79150e-13
      3854.42  1.43850e-13
      3856.16  2.41650e-13
      3857.90  2.31050e-13
      3859.64  2.56300e-13
      3861.38  2.22550e-13
      3863.12  2.06600e-13
      3864.86  1.43200e-13
      3866.60  1.95200e-13
      3868.34  1.81150e-13
      3870.08  1.86650e-13
      3871.82  1.62550e-13
      3873.56  2.34800e-13
      3875.30  1.63950e-13
      3877.04  1.49550e-13
      3878.79  3.29450e-13
      3880.53  2.22150e-13
      3882.27  2.19950e-13
      3884.01  2.88000e-13
      3885.75  3.86050e-13
      3887.49  7.68500e-13
      3889.23  2.03100e-12
      3890.97  1.25900e-12
      3892.71  5.29500e-13
      3894.45  3.56200e-13
      3896.19  3.19900e-13
      3897.94  2.41950e-13
      3899.68  2.58850e-13
      3901.42  2.48000e-13
      3903.16  2.22700e-13
      3904.90  2.58700e-13
      3906.64  3.61950e-13
      3908.38  1.76400e-13
      3910.12  1.69550e-13
      3911.86  1.33600e-13
      3913.60  1.66750e-13
      3915.35  1.62850e-13
      3917.09  1.94350e-13
      3918.83  1.60550e-13
      3920.57  2.31850e-13
      3922.31  1.55400e-13
      3924.05  1.96600e-13
      3925.79  1.48750e-13
      3927.53  2.13550e-13
      3929.28  2.33700e-13
      3931.02  2.76050e-13
      3932.76  5.53000e-13
      3934.50  2.07650e-12
      3936.24  3.90250e-13
      3937.98  1.74800e-13
      3939.72  1.63550e-13
      3941.46  1.75850e-13
      3943.21  1.54100e-13
      3944.95  2.19900e-13
      3946.69  1.96750e-13
      3948.43  1.64600e-13
      3950.17  1.76000e-13
      3951.91  1.78650e-13
      3953.65  1.69250e-13
      3955.40  1.61700e-13
      3957.14  2.13050e-13
      3958.88  1.58150e-13
      3960.62  1.85800e-13
      3962.36  3.02100e-13
      3964.10  3.04450e-13
      3965.85  4.14700e-13
      3967.59  8.69000e-13
      3969.33  2.81900e-12
      3971.07  2.43250e-12
      3972.81  9.11000e-13
      3974.55  4.63200e-13
      3976.30  3.47550e-13
      3978.04  2.73200e-13
      3979.78  2.13150e-13
      3981.52  2.04650e-13
      3983.26  1.87250e-13
      3985.00  2.09050e-13
      3986.75  2.08550e-13
      3988.49  1.63200e-13
      3990.23  1.56650e-13
      3991.97  1.80700e-13
      3993.71  1.73250e-13
      3995.45  1.78900e-13
      3997.20  1.76100e-13
      3998.94  1.98200e-13
      4000.68  1.59250e-13
      4002.42  1.73550e-13
      4004.16  1.80200e-13
      4005.91  2.45050e-13
      4007.65  1.99350e-13
      4009.39  1.73600e-13
      4011.13  2.05600e-13
      4012.87  1.63500e-13
      4014.62  1.75700e-13
      4016.36  1.98700e-13
      4018.10  1.89800e-13
      4019.84  1.67300e-13
      4021.58  1.94650e-13
      4023.33  1.88750e-13
      4025.07  2.23300e-13
      4026.81  3.00150e-13
      4028.55  2.03650e-13
      4030.30  1.92250e-13
      4032.04  2.23900e-13
      4033.78  2.28000e-13
      4035.52  1.99800e-13
      4037.26  1.85900e-13
      4039.01  2.11000e-13
      4040.75  1.82850e-13
      4042.49  1.85450e-13
      4044.23  2.12450e-13
      4045.98  2.48350e-13
      4047.72  1.78000e-13
      4049.46  1.89200e-13
      4051.20  1.84500e-13
      4052.95  2.17350e-13
      4054.69  1.89800e-13
      4056.43  1.88650e-13
      4058.17  1.92750e-13
      4059.91  2.08250e-13
      4061.66  1.69300e-13
      4063.40  2.44350e-13
      4065.14  2.25300e-13
      4066.88  1.94100e-13
      4068.63  1.82000e-13
      4070.37  1.79250e-13
      4072.11  2.11900e-13
      4073.85  2.02500e-13
      4075.60  2.02450e-13
      4077.34  2.48450e-13
      4079.08  2.63550e-13
      4080.83  2.13850e-13
      4082.57  1.84400e-13
      4084.31  1.98050e-13
      4086.05  2.22800e-13
      4087.80  2.06350e-13
      4089.54  2.02900e-13
      4091.28  2.36000e-13
      4093.02  2.45550e-13
      4094.77  2.61550e-13
      4096.51  3.60400e-13
      4098.25  5.22000e-13
      4100.00  9.53500e-13
      4101.74  2.68000e-12
      4103.48  1.94600e-12
      4105.22  7.63000e-13
      4106.97  4.56600e-13
      4108.71  3.42000e-13
      4110.45  2.86000e-13
      4112.20  2.48350e-13
      4113.94  2.25100e-13
      4115.68  2.04550e-13
      4117.42  2.11200e-13
      4119.17  2.23650e-13
      4120.91  2.28200e-13
      4122.65  2.26500e-13
      4124.40  1.98700e-13
      4126.14  2.19250e-13
      4127.88  2.14450e-13
      4129.63  2.04000e-13
      4131.37  2.23750e-13
      4133.11  2.62000e-13
      4134.85  2.16550e-13
      4136.60  2.12650e-13
      4138.34  2.01300e-13
      4140.08  1.92800e-13
      4141.83  2.06300e-13
      4143.57  2.33250e-13
      4145.31  2.44000e-13
      4147.06  2.05350e-13
      4148.80  2.07000e-13
      4150.54  2.06700e-13
      4152.29  2.16950e-13
      4154.03  2.20250e-13
      4155.77  2.17200e-13
      4157.52  2.23300e-13
      4159.26  2.20200e-13
      4161.00  1.96900e-13
      4162.75  1.95400e-13
      4164.49  2.02950e-13
      4166.23  1.88700e-13
      4167.98  2.31850e-13
      4169.72  1.96450e-13
      4171.46  2.12000e-13
      4173.21  2.48400e-13
      4174.95  2.32400e-13
      4176.69  2.30050e-13
      4178.44  2.50750e-13
      4180.18  2.40700e-13
      4181.93  2.33200e-13
      4183.67  2.16100e-13
      4185.41  2.09350e-13
      4187.16  2.29450e-13
      4188.90  2.20800e-13
      4190.64  2.06500e-13
      4192.39  2.05050e-13
      4194.13  1.93550e-13
      4195.87  2.27800e-13
      4197.62  2.15350e-13
      4199.36  2.46750e-13
      4201.11  2.09600e-13
      4202.85  2.43800e-13
      4204.59  2.11700e-13
      4206.34  2.14300e-13
      4208.08  2.05600e-13
      4209.82  1.91850e-13
      4211.57  1.98550e-13
      4213.31  1.77650e-13
      4215.06  2.25450e-13
      4216.80  2.78300e-13
      4218.54  1.78300e-13
      4220.29  1.73900e-13
      4222.03  1.55150e-13
      4223.78  1.55400e-13
      4225.52  1.92100e-13
      4227.26  3.32850e-13
      4229.01  1.62100e-13
      4230.75  1.54450e-13
      4232.50  1.89550e-13
      4234.24  3.02650e-13
      4235.98  2.12450e-13
      4237.73  1.92000e-13
      4239.47  2.04400e-13
      4241.22  1.85250e-13
      4242.96  1.77250e-13
      4244.70  1.79450e-13
      4246.45  1.90750e-13
      4248.19  2.12350e-13
      4249.94  2.04650e-13
      4251.68  2.37050e-13
      4253.43  1.96150e-13
      4255.17  2.26150e-13
      4256.91  1.90050e-13
      4258.66  1.88100e-13
      4260.40  2.40600e-13
      4262.15  2.11950e-13
      4263.89  1.73200e-13
      4265.64  1.99700e-13
      4267.38  1.98400e-13
      4269.12  1.98400e-13
      4270.87  2.39050e-13
      4272.61  2.74950e-13
      4274.36  2.13350e-13
      4276.10  2.12300e-13
      4277.85  1.81900e-13
      4279.59  2.10000e-13
      4281.33  1.96950e-13
      4283.08  2.23550e-13
      4284.82  2.01850e-13
      4286.57  2.13550e-13
      4288.31  2.17500e-13
      4290.06  2.66550e-13
      4291.80  1.96500e-13
      4293.55  2.22300e-13
      4295.29  2.57450e-13
      4297.04  2.30300e-13
      4298.78  2.25050e-13
      4300.52  2.64200e-13
      4302.27  2.38250e-13
      4304.01  2.55050e-13
      4305.76  2.29800e-13
      4307.50  2.44550e-13
      4309.25  2.51050e-13
      4310.99  2.17850e-13
      4312.74  2.42550e-13
      4314.48  2.56500e-13
      4316.23  2.29900e-13
      4317.97  2.06500e-13
      4319.72  2.08450e-13
      4321.46  2.33000e-13
      4323.21  2.33150e-13
      4324.95  2.57750e-13
      4326.70  2.75900e-13
      4328.44  2.60900e-13
      4330.19  2.70200e-13
      4331.93  2.87950e-13
      4333.68  3.30200e-13
      4335.42  4.25350e-13
      4337.17  6.57000e-13
      4338.91  1.25850e-12
      4340.66  3.46500e-12
      4342.40  2.04150e-12
      4344.15  8.44000e-13
      4345.89  5.11000e-13
      4347.64  3.81650e-13
      4349.38  3.33800e-13
      4351.13  3.10100e-13
      4352.87  3.57950e-13
      4354.62  2.33500e-13
      4356.36  2.36700e-13
      4358.11  2.43050e-13
      4359.85  2.51150e-13
      4361.60  2.18400e-13
      4363.34  2.28750e-13
      4365.09  2.31050e-13
      4366.83  2.35300e-13
      4368.58  2.41050e-13
      4370.32  2.36450e-13
      4372.07  2.35050e-13
      4373.81  2.40150e-13
      4375.56  2.57400e-13
      4377.30  2.49100e-13
      4379.05  2.38650e-13
      4380.80  2.09700e-13
      4382.54  2.53100e-13
      4384.29  3.13150e-13
      4386.03  2.78250e-13
      4387.78  2.66450e-13
      4389.52  2.64500e-13
      4391.27  2.36650e-13
      4393.01  2.48650e-13
      4394.76  2.53250e-13
      4396.50  2.54650e-13
      4398.25  2.44950e-13
      4400.00  2.58800e-13
      4401.74  2.51100e-13
      4403.49  2.54900e-13
      4405.23  3.06200e-13
      4406.98  2.41150e-13
      4408.72  2.53800e-13
      4410.47  2.53900e-13
      4412.21  2.38200e-13
      4413.96  2.76650e-13
      4415.71  2.96200e-13
      4417.45  3.02200e-13
      4419.20  2.75000e-13
      4420.94  2.45850e-13
      4422.69  2.67000e-13
      4424.44  2.59450e-13
      4426.18  2.27700e-13
      4427.93  2.62050e-13
      4429.67  2.48550e-13
      4431.42  2.75050e-13
      4433.16  2.75300e-13
      4434.91  2.56100e-13
      4436.66  2.41450e-13
      4438.40  2.63550e-13
      4440.15  3.71600e-13
