      1003.60  4.66099e-14
      1007.00  2.23173e-13
      1008.20  3.56591e-13
      1011.80  3.89958e-13
      1013.00  8.77577e-14
      1015.40  2.34447e-13
      1016.60  4.11829e-13
      1017.60  1.26764e-13
      1018.80  1.08471e-13
      1023.60  6.74452e-14
      1024.80  1.47411e-14
      1026.00  1.15761e-13
      1027.20  1.03443e-13
      1029.40  3.77355e-14
      1030.60  1.64386e-13
      1035.40  1.85941e-13
      1036.60  9.66013e-14
      1044.80  1.16175e-13
      1046.00  3.75544e-14
      1048.40  7.37876e-14
      1050.80  3.19660e-13
      1052.00  3.05302e-13
      1053.00  7.10497e-14
      1056.60  3.79640e-13
      1057.80  2.62706e-13
      1063.80  2.87169e-15
      1069.60  1.16841e-13
      1072.00  2.26575e-14
      1076.60  8.32194e-15
      1079.00  4.28648e-14
      1080.20  7.14304e-14
      1083.80  7.45262e-14
      1086.20  3.59370e-14
      1088.40  8.17351e-14
      1089.60  3.23753e-13
      1094.40  4.81297e-14
      1095.60  1.58119e-13
      1098.00  3.17349e-14
      1099.20  7.29388e-14
      1103.80  1.65621e-13
      1105.00  2.82256e-14
      1106.20  2.27746e-14
      1108.60  6.49215e-14
      1112.00  8.25671e-14
      1113.20  1.01257e-13
      1114.40  5.87620e-15
      1115.60  1.81822e-13
      1116.80  2.27186e-13
      1118.00  1.80438e-13
      1119.20  1.92035e-13
      1120.40  2.17298e-13
      1121.60  5.69589e-14
      1122.60  7.78855e-14
      1125.00  5.21272e-14
      1129.80  3.15185e-14
      1132.20  2.71124e-14
      1133.40  1.34289e-14
      1134.40  2.61398e-13
      1135.60  9.49924e-14
      1136.80  2.07422e-13
      1138.00  9.09847e-14
      1139.20  1.99116e-13
      1140.40  1.98611e-13
      1141.60  4.63893e-13
      1142.80  2.72203e-13
      1144.00  4.12906e-13
      1145.20  4.49767e-13
      1146.20  6.97516e-13
      1147.40  5.76986e-13
      1148.60  8.67288e-13
      1149.80  8.69733e-13
      1151.00  4.68988e-13
      1152.20  5.06451e-13
      1153.40  5.17140e-13
      1154.60  4.89600e-13
      1155.80  4.93723e-13
      1157.00  6.51501e-13
      1158.00  7.41541e-13
      1159.20  6.71744e-13
      1160.40  9.57679e-13
      1161.60  1.40652e-12
      1162.80  9.79411e-13
      1164.00  6.83762e-13
      1165.20  6.28310e-13
      1166.40  7.06904e-13
      1167.60  6.49692e-13
      1168.80  7.02050e-13
      1169.80  7.12794e-13
      1171.00  9.39487e-13
      1172.20  1.54202e-12
      1173.40  2.23487e-12
      1174.60  2.49145e-12
      1175.80  2.50863e-12
      1177.00  1.87236e-12
      1178.20  1.26171e-12
      1179.40  9.31460e-13
      1180.60  7.55703e-13
      1181.60  6.59306e-13
      1182.80  5.99381e-13
      1184.00  6.50967e-13
      1185.20  6.03654e-13
      1186.40  5.60680e-13
      1187.60  6.64397e-13
      1188.80  6.41082e-13
      1190.00  6.08342e-13
      1191.20  6.41896e-13
      1192.40  6.41896e-13
      1193.40  6.41896e-13
      1194.60  6.41896e-13
      1195.80  6.41896e-13
      1197.00  6.41896e-13
      1198.20  6.41896e-13
      1199.40  6.41896e-13
      1200.91  6.41896e-13
      1202.61  6.41896e-13
      1204.41  6.39922e-13
      1206.11  3.75198e-12
      1207.91  6.39922e-13
      1209.61  6.39922e-13
      1211.41  6.39922e-13
      1213.11  1.64633e-12
      1214.91  2.06867e-11
      1216.61  2.29183e-11
      1218.41  2.67074e-12
      1220.11  6.41896e-13
      1221.91  6.41896e-13
      1223.61  6.41896e-13
      1225.41  6.41896e-13
      1227.11  6.41896e-13
      1228.91  6.41896e-13
      1231.20  6.69105e-13
      1232.40  6.85350e-13
      1233.60  6.99398e-13
      1234.80  6.78336e-13
      1236.00  8.02569e-13
      1237.20  8.85549e-13
      1238.40  8.26532e-13
      1239.40  8.54793e-13
      1240.60  8.73617e-13
      1241.80  8.54372e-13
      1243.00  7.84969e-13
      1244.20  8.28225e-13
      1245.40  8.48127e-13
      1246.60  8.59677e-13
      1247.80  8.88918e-13
      1249.00  7.87618e-13
      1250.20  7.53989e-13
      1251.20  7.27435e-13
      1252.40  6.97398e-13
      1253.60  6.94129e-13
      1254.80  6.75846e-13
      1256.00  7.76072e-13
      1257.20  7.20598e-13
      1258.40  6.57097e-13
      1259.60  6.62994e-13
      1260.80  7.09484e-13
      1262.00  8.13839e-13
      1263.00  7.74774e-13
      1264.20  7.70341e-13
      1265.40  7.18860e-13
      1266.60  7.41888e-13
      1267.80  8.07917e-13
      1269.00  7.75582e-13
      1270.20  7.52902e-13
      1271.40  7.04016e-13
      1272.60  7.12819e-13
      1273.80  8.05812e-13
      1274.80  7.87264e-13
      1276.00  7.13456e-13
      1277.20  7.53426e-13
      1278.40  7.17883e-13
      1279.60  8.06637e-13
      1280.80  7.17364e-13
      1282.00  7.63133e-13
      1283.20  7.51649e-13
      1284.40  7.46613e-13
      1285.60  7.98714e-13
      1286.60  8.08091e-13
      1287.80  8.68506e-13
      1289.00  7.97029e-13
      1290.20  9.36287e-13
      1291.40  8.19469e-13
      1292.60  8.53068e-13
      1293.80  9.07484e-13
      1295.00  9.93263e-13
      1296.20  1.08534e-12
      1297.40  1.16824e-12
      1298.40  1.12511e-12
      1299.60  9.97434e-13
      1300.80  1.06274e-12
      1302.00  1.05513e-12
      1303.20  1.11215e-12
      1304.40  9.50308e-13
      1305.60  8.44846e-13
      1306.80  8.63744e-13
      1308.00  8.07394e-13
      1309.20  7.16119e-13
      1310.20  8.19113e-13
      1311.40  9.12587e-13
      1312.60  8.06922e-13
      1313.80  7.97506e-13
      1315.00  7.81571e-13
      1316.20  7.93093e-13
      1317.40  7.87146e-13
      1318.60  7.14856e-13
      1319.80  8.11102e-13
      1320.80  7.28235e-13
      1322.00  7.49546e-13
      1323.20  8.06151e-13
      1324.40  8.18230e-13
      1325.60  8.14730e-13
      1326.80  8.05469e-13
      1328.00  7.20104e-13
      1329.20  8.28306e-13
      1330.40  8.20044e-13
      1331.60  8.82325e-13
      1332.60  1.17338e-12
      1333.80  1.36535e-12
      1335.00  1.49177e-12
      1336.20  1.47670e-12
      1337.40  1.33981e-12
      1338.60  1.05864e-12
      1339.80  8.54939e-13
      1341.00  6.96862e-13
      1342.20  7.99512e-13
      1343.40  8.29918e-13
      1344.40  7.53204e-13
      1345.60  8.06503e-13
      1346.80  7.36685e-13
      1348.00  7.81110e-13
      1349.20  7.17347e-13
      1350.40  6.61047e-13
      1351.60  7.16230e-13
      1352.80  7.35000e-13
      1354.00  7.78272e-13
      1355.20  8.27569e-13
      1356.20  7.77172e-13
      1357.40  7.09747e-13
      1358.60  7.08437e-13
      1359.80  7.22787e-13
      1361.00  7.33957e-13
      1362.20  7.10361e-13
      1363.40  7.50535e-13
      1364.60  7.91177e-13
      1365.80  8.08816e-13
      1367.00  7.76169e-13
      1368.00  7.39238e-13
      1369.20  7.61111e-13
      1370.40  6.98959e-13
      1371.60  7.45006e-13
      1372.80  8.58146e-13
      1374.00  7.74967e-13
      1375.20  7.16456e-13
      1376.40  6.58242e-13
      1377.60  7.45548e-13
      1378.80  7.63856e-13
      1379.80  6.87717e-13
      1381.00  7.49257e-13
      1382.20  8.11134e-13
      1383.40  6.87324e-13
      1384.60  7.09161e-13
      1385.80  7.34703e-13
      1387.00  7.32580e-13
      1388.20  8.09729e-13
      1389.40  8.83159e-13
      1390.60  1.04994e-12
      1391.60  1.36280e-12
      1392.80  1.68419e-12
      1394.00  1.73026e-12
      1395.20  1.55731e-12
      1396.40  1.18718e-12
      1397.60  9.56424e-13
      1398.80  9.90314e-13
      1400.00  1.11983e-12
      1401.20  1.35485e-12
      1402.40  1.36255e-12
      1403.40  1.32797e-12
      1404.60  1.29147e-12
      1405.80  9.75556e-13
      1407.00  8.25495e-13
      1408.20  7.68744e-13
      1409.40  8.33822e-13
      1410.60  7.14368e-13
      1411.80  6.91702e-13
      1413.00  7.52754e-13
      1414.00  7.70559e-13
      1415.20  7.65251e-13
      1416.40  7.97686e-13
      1417.60  7.89999e-13
      1418.80  7.87502e-13
      1420.00  7.26096e-13
      1421.20  7.16496e-13
      1422.40  7.94361e-13
      1423.60  7.58912e-13
      1424.80  7.69622e-13
      1425.80  7.55170e-13
      1427.00  7.11818e-13
      1428.20  7.32011e-13
      1429.40  7.44797e-13
      1430.60  7.74233e-13
      1431.80  7.47798e-13
      1433.00  8.20109e-13
      1434.20  7.34156e-13
      1435.40  7.04980e-13
      1436.60  7.19180e-13
      1437.60  7.18971e-13
      1438.80  7.14661e-13
      1440.00  7.19795e-13
      1441.20  6.91241e-13
      1442.40  7.23806e-13
      1443.60  7.46789e-13
      1444.80  7.78223e-13
      1446.00  7.53386e-13
      1447.20  7.57491e-13
      1448.40  7.47317e-13
      1449.40  7.52708e-13
      1450.60  8.17946e-13
      1451.80  7.62348e-13
      1453.00  7.04942e-13
      1454.20  7.06731e-13
      1455.40  7.59111e-13
      1456.60  7.59987e-13
      1457.80  8.14625e-13
      1459.00  7.79794e-13
      1460.20  7.49563e-13
      1461.20  7.61266e-13
      1462.40  7.83244e-13
      1463.60  7.29260e-13
      1464.80  7.59132e-13
      1466.00  8.21105e-13
      1467.20  7.87574e-13
      1468.40  8.13945e-13
      1469.60  8.52096e-13
      1470.80  8.18724e-13
      1472.00  7.65293e-13
      1473.00  7.88369e-13
      1474.20  8.29432e-13
      1475.40  7.99245e-13
      1476.60  8.17687e-13
      1477.80  8.24847e-13
      1479.00  7.72029e-13
      1480.20  8.08186e-13
      1481.40  8.58398e-13
      1482.60  7.84039e-13
      1483.80  8.03468e-13
      1484.80  8.61621e-13
      1486.00  8.36560e-13
      1487.20  9.00404e-13
      1488.40  8.37289e-13
      1489.60  8.72694e-13
      1490.80  8.05279e-13
      1492.00  8.13807e-13
      1493.20  8.24232e-13
      1494.40  8.66587e-13
      1495.60  8.64853e-13
      1496.60  8.48386e-13
      1497.80  8.66125e-13
      1499.00  8.71123e-13
      1500.20  8.91753e-13
      1501.40  8.90773e-13
      1502.60  8.95876e-13
      1503.80  8.03324e-13
      1505.00  8.14163e-13
      1506.20  7.93041e-13
      1507.40  8.06260e-13
      1508.40  7.83373e-13
      1509.60  7.67033e-13
      1510.80  8.00786e-13
      1512.00  8.28022e-13
      1513.20  7.66951e-13
      1514.40  7.03547e-13
      1515.60  7.09697e-13
      1516.80  7.03863e-13
      1518.00  7.73971e-13
      1519.00  8.60755e-13
      1520.20  8.11385e-13
      1521.40  7.94897e-13
      1522.60  8.16034e-13
      1523.80  8.38933e-13
      1525.00  9.23327e-13
      1526.20  8.33806e-13
      1527.40  7.87730e-13
      1528.60  8.70207e-13
      1529.80  9.20889e-13
      1530.80  8.65631e-13
      1532.00  8.42821e-13
      1533.20  8.24548e-13
      1534.40  8.71957e-13
      1535.60  8.08518e-13
      1536.80  8.08518e-13
      1538.00  8.08518e-13
      1539.20  8.08518e-13
      1540.40  8.08518e-13
      1541.60  8.08518e-13
      1542.60  8.08518e-13
      1543.80  8.08518e-13
      1545.00  8.08518e-13
      1546.20  8.96006e-13
      1547.40  1.05801e-12
      1548.60  1.12727e-12
      1549.80  1.12629e-12
      1551.00  1.05606e-12
      1552.20  9.79177e-13
      1553.40  8.09982e-13
      1554.40  8.08518e-13
      1555.60  8.08518e-13
      1556.80  8.08518e-13
      1558.00  8.08518e-13
      1559.20  8.08518e-13
      1560.40  8.08518e-13
      1561.60  8.08518e-13
      1562.80  8.08518e-13
      1564.00  8.08518e-13
      1565.20  8.87395e-13
      1566.20  9.02729e-13
      1567.40  8.91340e-13
      1568.60  8.55004e-13
      1569.80  8.59078e-13
      1571.00  8.39670e-13
      1572.20  7.73824e-13
      1573.40  8.25430e-13
      1574.60  8.01916e-13
      1575.80  8.42854e-13
      1577.00  8.67202e-13
      1578.00  9.02858e-13
      1579.20  8.80664e-13
      1580.40  9.29864e-13
      1581.60  8.83637e-13
      1582.80  8.46831e-13
      1584.00  8.48248e-13
      1585.20  8.55579e-13
      1586.40  8.74111e-13
      1587.60  8.20206e-13
      1588.80  8.39468e-13
      1589.80  8.26913e-13
      1591.00  8.22393e-13
      1592.20  8.27269e-13
      1593.40  8.24459e-13
      1594.60  8.65671e-13
      1595.80  8.69000e-13
      1597.00  8.41112e-13
      1598.20  7.98816e-13
      1599.40  8.23924e-13
      1600.60  8.29400e-13
      1601.60  7.74008e-13
      1602.80  8.46620e-13
      1604.00  8.45794e-13
      1605.20  8.05582e-13
      1606.40  7.85160e-13
      1607.60  8.19015e-13
      1608.80  8.98331e-13
      1610.00  8.28857e-13
      1611.20  7.90341e-13
      1612.40  7.69521e-13
      1613.40  7.87727e-13
      1614.60  8.43024e-13
      1615.80  8.08257e-13
      1617.00  7.38423e-13
      1618.20  7.51809e-13
      1619.40  8.22118e-13
      1620.60  8.68628e-13
      1621.80  8.46580e-13
      1623.00  8.08759e-13
      1624.00  8.22085e-13
      1625.20  7.97659e-13
      1626.40  7.90114e-13
      1627.60  8.12843e-13
      1628.80  7.65358e-13
      1630.00  7.77755e-13
      1631.20  8.08359e-13
      1632.40  8.21672e-13
      1633.60  8.46685e-13
      1634.80  8.94993e-13
      1635.80  9.10594e-13
      1637.00  9.09776e-13
      1638.20  1.09497e-12
      1639.40  1.14469e-12
      1640.60  1.19708e-12
      1641.80  1.18695e-12
      1643.00  1.05685e-12
      1644.20  9.32294e-13
      1645.40  8.32664e-13
      1646.60  8.19445e-13
      1647.60  8.21056e-13
      1648.80  8.35766e-13
      1650.00  7.37968e-13
      1651.20  7.49240e-13
      1652.40  8.38787e-13
      1653.60  8.10024e-13
      1654.80  8.37435e-13
      1656.00  8.96945e-13
      1657.20  9.42743e-13
      1658.40  9.46153e-13
      1659.40  9.16483e-13
      1660.60  8.69940e-13
      1661.80  8.55644e-13
      1663.00  8.51075e-13
      1664.20  8.17444e-13
      1665.40  8.42505e-13
      1666.60  8.29327e-13
      1667.80  8.01101e-13
      1669.00  8.01132e-13
      1670.20  7.57094e-13
      1671.20  7.80731e-13
      1672.40  8.17322e-13
      1673.60  8.28525e-13
      1674.80  8.38796e-13
      1676.00  8.08796e-13
      1677.20  8.07941e-13
      1678.40  8.20157e-13
      1679.60  7.55578e-13
      1680.80  7.73581e-13
      1682.00  8.06868e-13
      1683.00  7.99426e-13
      1684.20  7.84396e-13
      1685.40  7.62276e-13
      1686.60  7.35646e-13
      1687.80  7.85357e-13
      1689.00  8.22336e-13
      1690.20  7.90537e-13
      1691.40  8.02970e-13
      1692.60  8.25795e-13
      1693.80  8.39873e-13
      1694.80  8.78737e-13
      1696.00  8.31692e-13
      1697.20  7.81462e-13
      1698.40  8.08581e-13
      1699.60  8.31538e-13
      1700.80  8.11296e-13
      1702.00  8.26257e-13
      1703.20  7.72440e-13
      1704.40  7.68843e-13
      1705.60  7.91689e-13
      1706.60  7.93508e-13
      1707.80  7.90186e-13
      1709.00  7.50600e-13
      1710.20  7.60311e-13
      1711.40  8.05107e-13
      1712.60  8.22806e-13
      1713.80  8.07991e-13
      1715.00  8.27075e-13
      1716.20  8.32348e-13
      1717.40  8.00767e-13
      1718.40  8.40359e-13
      1719.60  8.78980e-13
      1720.80  8.51359e-13
      1722.00  8.14188e-13
      1723.20  7.75274e-13
      1724.40  7.81002e-13
      1725.60  8.17549e-13
      1726.80  8.05385e-13
      1728.00  8.02366e-13
      1729.00  8.16286e-13
      1730.20  7.94122e-13
      1731.40  7.96297e-13
      1732.60  7.68126e-13
      1733.80  7.62365e-13
      1735.00  7.82688e-13
      1736.20  8.22150e-13
      1737.40  8.22944e-13
      1738.60  8.06474e-13
      1739.80  8.27172e-13
      1740.80  8.12106e-13
      1742.00  7.82362e-13
      1743.20  7.80131e-13
      1744.40  7.96937e-13
      1745.60  8.06674e-13
      1746.80  8.41185e-13
      1748.00  8.69576e-13
      1749.20  8.45859e-13
      1750.40  8.39500e-13
      1751.60  8.41104e-13
      1752.60  8.18108e-13
      1753.80  8.46207e-13
      1755.00  8.59945e-13
      1756.20  8.49812e-13
      1757.40  8.60981e-13
      1758.60  8.54979e-13
      1759.80  8.10697e-13
      1761.00  7.82824e-13
      1762.20  8.36139e-13
      1763.40  8.66660e-13
      1764.40  8.53270e-13
      1765.60  8.22717e-13
      1766.80  8.48767e-13
      1768.00  8.54785e-13
      1769.20  8.36714e-13
      1770.40  8.31279e-13
      1771.60  8.16537e-13
      1772.80  8.31530e-13
      1774.00  8.49876e-13
      1775.20  8.58592e-13
      1776.20  8.62286e-13
      1777.40  8.52258e-13
      1778.60  8.34762e-13
      1779.80  8.32737e-13
      1781.00  8.11669e-13
      1782.20  8.37216e-13
      1783.40  8.42878e-13
      1784.60  8.59507e-13
      1785.80  8.62755e-13
      1787.00  8.53116e-13
      1788.00  8.05784e-13
      1789.20  7.65275e-13
      1790.40  6.88367e-13
      1791.60  5.84830e-13
      1792.80  5.44801e-13
      1794.00  6.05091e-13
      1795.20  6.83094e-13
      1796.40  7.40926e-13
      1797.60  7.85847e-13
      1798.80  8.12219e-13
      1799.80  8.10591e-13
      1801.00  8.35296e-13
      1802.20  8.38318e-13
      1803.40  8.34446e-13
      1804.60  8.19210e-13
      1805.80  8.47981e-13
      1807.00  8.53789e-13
      1808.20  8.66506e-13
      1809.40  8.54453e-13
      1810.60  8.48046e-13
      1811.60  8.21607e-13
      1812.80  8.08777e-13
      1814.00  8.11823e-13
      1815.20  8.29594e-13
      1816.40  8.32737e-13
      1817.60  8.69041e-13
      1818.80  8.51820e-13
      1820.00  8.35718e-13
      1821.20  8.10729e-13
      1822.40  8.09095e-13
      1823.40  8.14042e-13
      1824.60  8.27083e-13
      1825.80  8.31992e-13
      1827.00  8.42157e-13
      1828.20  8.38553e-13
      1829.40  8.19064e-13
      1830.60  7.93810e-13
      1831.80  7.91559e-13
      1833.00  7.71786e-13
      1834.00  7.67220e-13
      1835.20  7.71416e-13
      1836.40  7.84711e-13
      1837.60  7.83145e-13
      1838.80  7.85119e-13
      1840.00  7.90955e-13
      1841.20  7.80424e-13
      1842.40  7.94806e-13
      1843.60  8.01342e-13
      1844.80  7.82296e-13
      1845.80  7.85229e-13
      1847.00  7.90821e-13
      1848.20  8.02239e-13
      1849.40  7.89319e-13
      1850.60  8.13507e-13
      1851.80  8.26362e-13
      1853.00  8.40432e-13
      1854.20  8.36738e-13
      1855.40  8.36552e-13
      1856.60  8.29578e-13
      1857.60  8.42732e-13
      1858.80  8.47997e-13
      1860.00  8.46239e-13
      1861.20  8.37257e-13
      1862.40  8.46644e-13
      1863.60  8.24515e-13
      1864.80  8.31554e-13
      1866.00  8.11620e-13
      1867.20  7.87860e-13
      1868.40  7.58725e-13
      1869.40  7.83053e-13
      1870.60  7.75641e-13
      1871.80  7.96142e-13
      1873.00  7.92794e-13
      1874.20  7.92244e-13
      1875.40  7.79901e-13
      1876.60  7.84706e-13
      1877.80  7.65331e-13
      1879.00  7.64263e-13
      1880.20  7.64883e-13
      1881.20  7.87498e-13
      1882.40  7.82573e-13
      1883.60  7.94290e-13
      1884.80  7.73310e-13
      1886.00  7.79866e-13
      1887.20  7.71912e-13
      1888.40  7.89393e-13
      1889.60  7.75737e-13
      1890.80  7.90082e-13
      1892.00  7.94789e-13
      1893.00  8.08274e-13
      1894.20  8.00779e-13
      1895.40  8.03663e-13
      1896.60  8.01076e-13
      1897.80  7.97509e-13
      1899.00  7.84983e-13
      1900.20  7.90847e-13
      1901.40  7.83562e-13
      1902.60  7.79395e-13
      1903.80  7.60511e-13
      1904.80  7.60212e-13
      1906.00  7.56282e-13
      1907.20  7.78455e-13
      1908.40  7.81017e-13
      1909.60  7.88970e-13
      1910.80  7.79339e-13
      1912.00  7.84686e-13
      1913.20  7.86876e-13
      1914.40  7.92768e-13
      1915.60  7.90830e-13
      1916.60  8.03392e-13
      1917.80  7.86076e-13
      1919.00  7.79208e-13
      1920.20  7.62569e-13
      1921.40  7.65833e-13
      1922.60  7.81761e-13
      1923.80  7.87974e-13
      1925.00  7.76930e-13
      1926.20  7.89868e-13
      1927.40  8.09109e-13
      1928.40  8.12535e-13
      1929.60  8.14228e-13
      1930.80  8.05925e-13
      1932.00  7.92665e-13
      1933.20  7.94556e-13
      1934.40  7.72155e-13
      1935.60  7.79845e-13
      1936.80  7.61513e-13
      1938.00  7.66527e-13
      1939.00  7.60524e-13
      1940.20  7.73586e-13
      1941.40  7.66939e-13
      1942.60  7.65347e-13
      1943.80  7.60339e-13
      1945.00  7.52075e-13
      1946.20  7.54364e-13
      1947.40  7.52854e-13
      1948.60  7.56930e-13
      1949.80  7.57856e-13
      1950.80  7.61372e-13
      1952.00  7.74861e-13
      1953.20  7.77940e-13
      1954.40  7.89934e-13
      1955.60  7.91986e-13
      1956.80  7.96628e-13
      1958.00  7.80322e-13
      1959.20  7.84356e-13
      1960.40  7.86139e-13
      1961.60  7.84409e-13
      1962.60  7.81791e-13
      1963.80  7.84321e-13
      1965.00  7.80814e-13
      1966.20  7.64657e-13
      1967.40  7.50788e-13
      1968.60  7.43995e-13
      1969.80  7.50638e-13
      1971.00  7.49690e-13
      1972.20  7.38116e-13
      1973.40  7.40354e-13
      1974.40  7.42299e-13
      1975.60  7.53467e-13
      1976.80  7.56733e-13
      1978.00  7.64704e-13
      1979.20  7.61820e-13
      1980.40  7.64723e-13
      1981.60  7.68066e-13
      1982.80  7.86478e-13
      2000.40  7.40304e-13
      2002.20  7.39361e-13
      2004.20  7.27747e-13
      2006.00  7.28524e-13
      2009.80  7.26412e-13
      2011.60  6.94811e-13
      2013.60  6.84158e-13
      2015.40  6.98079e-13
      2017.20  7.01198e-13
      2019.20  7.18035e-13
      2021.00  7.14329e-13
      2022.80  6.88302e-13
      2024.80  6.76940e-13
      2026.60  6.76146e-13
      2028.40  7.08665e-13
      2030.40  6.83436e-13
      2032.20  6.65072e-13
      2034.00  6.79132e-13
      2036.00  6.92384e-13
      2037.80  7.13003e-13
      2039.60  7.41734e-13
      2041.60  7.37055e-13
      2043.40  7.31047e-13
      2045.40  7.58548e-13
      2047.20  7.58025e-13
      2049.00  7.51740e-13
      2051.00  7.88353e-13
      2052.80  8.02297e-13
      2054.60  7.75310e-13
      2056.60  7.58927e-13
      2058.40  7.66129e-13
      2060.20  7.93576e-13
      2062.20  8.22903e-13
      2064.00  8.21964e-13
      2065.80  8.02822e-13
      2067.80  7.79812e-13
      2069.60  7.73894e-13
      2071.40  7.56507e-13
      2073.40  7.76181e-13
      2075.20  7.74983e-13
      2077.00  7.47271e-13
      2079.00  7.19877e-13
      2080.80  7.09396e-13
      2082.60  7.24751e-13
      2084.60  7.00332e-13
      2086.40  6.69301e-13
      2088.40  6.56412e-13
      2090.20  6.26846e-13
      2092.00  6.26371e-13
      2094.00  6.82193e-13
      2095.80  7.28178e-13
      2097.60  7.17065e-13
      2099.60  6.98985e-13
      2101.40  7.00685e-13
      2103.20  7.17351e-13
      2105.20  7.64405e-13
      2107.00  7.91118e-13
      2108.80  8.27642e-13
      2110.80  8.66627e-13
      2112.60  8.89226e-13
      2114.40  8.75610e-13
      2116.40  8.88716e-13
      2118.20  9.16312e-13
      2120.00  9.48389e-13
      2122.00  9.50859e-13
      2123.80  9.54464e-13
      2125.60  9.92817e-13
      2127.60  9.96373e-13
      2129.40  1.00931e-12
      2131.40  1.02514e-12
      2133.20  9.91950e-13
      2135.00  9.65026e-13
      2137.00  9.64767e-13
      2138.80  9.61203e-13
      2140.60  9.72705e-13
      2142.60  9.65147e-13
      2144.40  9.35712e-13
      2146.20  9.23530e-13
      2148.20  9.29216e-13
      2150.00  9.23910e-13
      2151.80  9.08140e-13
      2153.80  8.94604e-13
      2155.60  8.98776e-13
      2157.40  9.32772e-13
      2159.40  9.66371e-13
      2161.20  9.48753e-13
      2163.00  9.31289e-13
      2165.00  9.19318e-13
      2166.80  9.33663e-13
      2168.60  9.37583e-13
      2170.60  9.41722e-13
      2172.40  9.49798e-13
      2174.40  9.29807e-13
      2176.20  9.17203e-13
      2178.00  9.11671e-13
      2180.00  8.97982e-13
      2181.80  8.99821e-13
      2183.60  8.91008e-13
      2185.60  8.91373e-13
      2187.40  8.80867e-13
      2189.20  8.72240e-13
      2191.20  8.61589e-13
      2193.00  8.69616e-13
      2194.80  8.56705e-13
      2196.80  8.28444e-13
      2198.60  7.83249e-13
      2200.40  8.05023e-13
      2202.40  9.55087e-13
      2204.20  6.18429e-13
      2206.00  1.60394e-12
      2208.00  1.52086e-12
      2209.80  6.35041e-13
      2211.80  1.09813e-12
      2213.60  1.36972e-12
      2215.40  7.24192e-13
      2217.40  5.53978e-13
      2219.20  1.04269e-12
      2221.00  1.29195e-12
      2223.00  9.57128e-13
      2224.80  1.10371e-12
      2226.60  1.03055e-12
      2228.60  9.48996e-13
      2230.40  1.36223e-12
      2232.20  8.36527e-13
      2234.20  1.29390e-12
      2236.00  1.56762e-12
      2237.80  1.30570e-12
      2239.80  8.53416e-13
      2241.60  1.09994e-12
      2243.40  1.19247e-12
      2245.40  1.26719e-12
      2247.20  1.20554e-12
      2249.00  1.06935e-12
      2251.00  1.51898e-12
      2252.80  1.70456e-12
      2254.80  2.02826e-12
      2256.60  1.57875e-12
      2258.40  1.41413e-12
      2260.40  2.22550e-12
      2262.20  2.10940e-12
      2264.00  1.61673e-12
      2266.00  1.37893e-12
      2267.80  1.64360e-12
      2269.60  1.83022e-12
      2271.60  1.68344e-12
      2273.40  1.07088e-12
      2275.20  1.39174e-12
      2277.20  1.92146e-12
      2279.00  1.62458e-12
      2280.80  1.47059e-12
      2282.80  1.65361e-12
      2284.60  8.21769e-13
      2286.40  1.21950e-12
      2288.40  1.62220e-12
      2290.20  1.09777e-12
      2292.00  1.07423e-12
      2294.00  1.49283e-12
      2295.80  1.50379e-12
      2297.80  1.46298e-12
      2299.60  1.94624e-12
      2301.40  2.13394e-12
      2303.40  1.77585e-12
      2305.20  1.29500e-12
      2307.00  1.13430e-12
      2309.00  9.23975e-13
      2310.80  1.31259e-12
      2312.60  1.03256e-12
      2314.60  1.23517e-12
      2316.40  1.43917e-12
      2318.20  1.36913e-12
      2320.20  1.74213e-12
      2322.00  1.38395e-12
      2323.80  1.25581e-12
      2325.80  1.62590e-12
      2327.60  2.16452e-12
      2329.40  2.15150e-12
      2331.40  2.09442e-12
      2333.20  2.49866e-12
      2335.00  2.11139e-12
      2337.00  1.90722e-12
      2338.80  2.59113e-12
      2340.80  2.80153e-12
      2342.60  2.72684e-12
      2344.40  3.05469e-12
      2346.40  3.06323e-12
      2348.20  2.59065e-12
      2350.00  2.78091e-12
      2352.00  2.67310e-12
      2353.80  1.83949e-12
      2355.60  2.06921e-12
      2357.60  2.24800e-12
      2359.40  2.70721e-12
      2361.20  3.30097e-12
      2363.20  2.93096e-12
      2365.00  2.98301e-12
      2366.80  2.90626e-12
      2368.80  3.01934e-12
      2370.60  2.70448e-12
      2372.40  2.22776e-12
      2374.40  2.06255e-12
      2376.20  2.16392e-12
      2378.00  3.09134e-12
      2380.00  3.78473e-12
      2381.80  4.21187e-12
      2383.80  4.07750e-12
      2385.60  3.98597e-12
      2387.40  2.97435e-12
      2389.40  2.53184e-12
      2391.20  2.41670e-12
      2393.00  2.95901e-12
      2395.00  3.48736e-12
      2396.80  3.22927e-12
      2398.60  3.34532e-12
      2400.60  3.38139e-12
      2402.40  3.30584e-12
      2404.20  3.48232e-12
      2406.20  3.35699e-12
      2408.00  3.75499e-12
      2409.80  4.41850e-12
      2411.80  3.50675e-12
      2413.60  3.18792e-12
      2415.40  2.64416e-12
      2417.40  1.64629e-12
      2419.20  1.73431e-12
      2421.00  2.03709e-12
      2423.00  2.12602e-12
      2424.80  2.21176e-12
      2426.80  2.39234e-12
      2428.60  2.46775e-12
      2430.40  2.61798e-12
      2432.40  2.55728e-12
      2434.20  2.33804e-12
      2436.00  2.76838e-12
      2438.00  2.55579e-12
      2439.80  2.61639e-12
      2441.60  2.40764e-12
      2443.60  2.13999e-12
      2445.40  2.50463e-12
      2447.20  2.71151e-12
      2449.20  2.70520e-12
      2451.00  2.44102e-12
      2452.80  2.31789e-12
      2454.80  2.26793e-12
      2456.60  2.45273e-12
      2458.40  2.52428e-12
      2460.40  2.56351e-12
      2462.20  2.65920e-12
      2464.00  2.63579e-12
      2466.00  2.73908e-12
      2467.80  2.91924e-12
      2469.80  2.71367e-12
      2471.60  2.79272e-12
      2473.40  2.47518e-12
      2475.40  2.71025e-12
      2477.20  2.89326e-12
      2479.00  3.10740e-12
      2481.00  3.49736e-12
      2482.80  2.98427e-12
      2484.60  2.57740e-12
      2486.60  2.77060e-12
      2488.40  2.76525e-12
      2490.20  2.71639e-12
      2492.20  3.28619e-12
      2494.00  2.80306e-12
      2495.80  2.32508e-12
      2497.80  2.51898e-12
      2499.60  2.26948e-12
      2501.40  2.32240e-12
      2503.40  2.24724e-12
      2505.20  2.86674e-12
      2507.20  3.22419e-12
      2509.00  2.95507e-12
      2510.80  2.46318e-12
      2512.80  2.62431e-12
      2514.60  2.91261e-12
      2516.40  3.04311e-12
      2518.40  2.69187e-12
      2520.20  2.87070e-12
      2522.00  3.19853e-12
      2524.00  3.53798e-12
      2525.80  3.94322e-12
      2527.60  3.76053e-12
      2529.60  4.09228e-12
      2531.40  4.12445e-12
      2533.20  3.63068e-12
      2535.20  3.32098e-12
      2537.00  3.96558e-12
      2538.80  4.21400e-12
      2540.80  3.93176e-12
      2542.60  3.43310e-12
      2544.40  3.32783e-12
      2546.40  3.36195e-12
      2548.20  3.55956e-12
      2550.20  3.59394e-12
      2552.00  3.24766e-12
      2553.80  2.52738e-12
      2555.80  2.34510e-12
      2557.60  2.43892e-12
      2559.40  2.51689e-12
      2561.40  2.64277e-12
      2563.20  2.45014e-12
      2565.00  2.69802e-12
      2567.00  2.63035e-12
      2568.80  2.45971e-12
      2570.60  2.70103e-12
      2572.60  3.09026e-12
      2574.40  2.89332e-12
      2576.20  2.59407e-12
      2578.20  2.44788e-12
      2580.00  2.28930e-12
      2581.80  2.55601e-12
      2583.80  3.18664e-12
      2585.60  3.46205e-12
      2587.40  3.06489e-12
      2589.40  2.73250e-12
      2591.20  2.70427e-12
      2593.20  2.84410e-12
      2595.00  3.10531e-12
      2596.80  3.38265e-12
      2598.80  3.62441e-12
      2600.60  3.68241e-12
      2602.40  3.23096e-12
      2604.40  3.32016e-12
      2606.20  3.80958e-12
      2608.00  3.95413e-12
      2610.00  4.26062e-12
      2611.80  4.27853e-12
      2613.60  3.72233e-12
      2615.60  4.46664e-12
      2617.40  3.73210e-12
      2619.20  3.67358e-12
      2621.20  3.74385e-12
      2623.00  3.91342e-12
      2624.80  3.94701e-12
      2626.80  4.16609e-12
      2628.60  4.36595e-12
      2630.40  4.41255e-12
      2632.40  4.18732e-12
      2634.20  3.03807e-12
      2636.20  2.31632e-12
      2638.00  2.25123e-12
      2639.80  2.27702e-12
      2641.80  2.07730e-12
      2643.60  2.12817e-12
      2645.40  1.91768e-12
      2647.40  1.85745e-12
      2649.20  1.81306e-12
      2651.00  1.90534e-12
      2653.00  2.06378e-12
      2654.80  2.18948e-12
      2656.60  2.17137e-12
      2658.60  2.10270e-12
      2660.40  2.23822e-12
      2662.20  2.62825e-12
      2664.20  2.95726e-12
      2666.00  2.66940e-12
      2667.80  2.48716e-12
      2669.80  2.53617e-12
      2671.60  2.76855e-12
      2673.40  2.45618e-12
      2675.40  2.21505e-12
      2677.20  2.29949e-12
      2679.20  2.56662e-12
      2681.00  2.67620e-12
      2682.80  2.34454e-12
      2684.80  2.31812e-12
      2686.60  2.68675e-12
      2688.40  2.69150e-12
      2690.40  2.57904e-12
      2692.20  2.68640e-12
      2694.00  2.62107e-12
      2696.00  2.63014e-12
      2697.80  2.89377e-12
      2699.60  2.60056e-12
      2701.60  2.70299e-12
      2703.40  2.95525e-12
      2705.20  3.10723e-12
      2707.20  2.92854e-12
      2709.00  2.95327e-12
      2710.80  2.95939e-12
      2712.80  3.32269e-12
      2714.60  3.24096e-12
      2716.40  3.02378e-12
      2718.40  2.89922e-12
      2720.20  2.94598e-12
      2722.20  3.17713e-12
      2724.00  3.01859e-12
      2725.80  3.21801e-12
      2727.80  3.60470e-12
      2729.60  3.62354e-12
      2731.40  3.56842e-12
      2733.40  3.69644e-12
      2735.20  3.81147e-12
      2737.00  4.32717e-12
      2739.00  4.44985e-12
      2740.80  4.31763e-12
      2742.60  4.08907e-12
      2744.60  4.40622e-12
      2746.40  4.52724e-12
      2748.20  4.37024e-12
      2750.20  4.13617e-12
      2752.00  4.34300e-12
      2753.80  4.21825e-12
      2755.80  3.98650e-12
      2757.60  3.88534e-12
      2759.40  3.83550e-12
      2761.40  3.84542e-12
      2763.20  3.69935e-12
      2765.20  4.03484e-12
      2767.00  3.62506e-12
      2768.80  3.85434e-12
      2770.80  3.39851e-12
      2772.60  3.28645e-12
      2774.40  3.28458e-12
      2776.40  3.12120e-12
      2778.20  3.21938e-12
      2780.00  3.53463e-12
      2782.00  3.55358e-12
      2783.80  3.29811e-12
      2785.60  3.32141e-12
      2787.60  3.64917e-12
      2789.40  4.03636e-12
      2791.10  3.57173e-12
      2791.20  3.57173e-12
      2792.90  3.57173e-12
      2793.20  3.57173e-12
      2794.60  3.66898e-12
      2795.00  3.66898e-12
      2796.40  8.35555e-12
      2796.80  3.66898e-12
      2798.10  3.66898e-12
      2798.80  3.66898e-12
      2799.90  3.66898e-12
      2800.60  3.66898e-12
      2801.60  3.66898e-12
      2802.40  3.66898e-12
      2803.40  6.67587e-12
      2804.40  3.66898e-12
      2805.10  3.66898e-12
      2806.20  3.57173e-12
      2806.90  3.57173e-12
      2808.20  3.57173e-12
      2808.60  3.57173e-12
      2810.00  3.13251e-12
      2811.80  3.00214e-12
      2813.80  2.87890e-12
      2815.60  2.81955e-12
      2817.40  2.59900e-12
      2819.40  3.15166e-12
      2821.20  3.14560e-12
      2823.00  3.12873e-12
      2825.00  3.09994e-12
      2826.80  3.08378e-12
      2828.60  3.07360e-12
      2830.60  3.05177e-12
      2832.40  2.95943e-12
      2834.20  2.83749e-12
      2836.20  2.74600e-12
      2838.00  2.73092e-12
      2839.80  2.75949e-12
      2841.80  2.80709e-12
      2843.60  2.84832e-12
      2845.40  2.87214e-12
      2847.40  2.87192e-12
      2849.20  2.86766e-12
      2851.20  2.87279e-12
      2853.00  2.87266e-12
      2854.80  2.87623e-12
      2856.80  2.87795e-12
      2858.60  2.87815e-12
      2860.40  2.86584e-12
      2862.40  2.87003e-12
      2864.20  2.87587e-12
      2866.00  2.85425e-12
      2868.00  2.82868e-12
      2869.80  2.83706e-12
      2871.60  2.92300e-12
      2873.60  3.03682e-12
      2875.40  3.11934e-12
      2877.20  3.13848e-12
      2879.20  3.11090e-12
      2881.00  3.06628e-12
      2882.80  3.08985e-12
      2884.80  2.77827e-12
      2886.60  2.82125e-12
      2888.40  2.84977e-12
      2890.40  2.86778e-12
      2892.20  2.70849e-12
      2894.20  2.63103e-12
      2896.00  2.68436e-12
      2897.80  2.56845e-12
      2899.80  2.68692e-12
      2901.60  2.52650e-12
      2903.40  2.29828e-12
      2905.40  2.29083e-12
      2907.20  2.46046e-12
      2909.00  2.63040e-12
      2911.00  2.68617e-12
      2912.80  2.54163e-12
      2914.60  2.70475e-12
      2916.60  2.72025e-12
      2918.40  2.71813e-12
      2920.20  2.62033e-12
      2922.20  2.93198e-12
      2924.00  3.23131e-12
      2925.80  3.41289e-12
      2927.80  3.50331e-12
      2929.60  3.42522e-12
      2931.40  3.19792e-12
      2933.40  3.15943e-12
      2935.20  3.25618e-12
      2937.20  3.11114e-12
      2939.00  3.27274e-12
      2940.80  3.29467e-12
      2942.80  3.24201e-12
      2944.60  3.26368e-12
      2946.40  3.28994e-12
      2948.40  3.28170e-12
      2950.20  3.30844e-12
      2952.00  3.26647e-12
      2954.00  3.28688e-12
      2955.80  3.08181e-12
      2957.60  3.17369e-12
      2959.60  3.23679e-12
      2961.40  3.34106e-12
      2963.20  3.31369e-12
      2965.20  3.19235e-12
      2967.00  3.21609e-12
      2968.80  3.05527e-12
      2970.80  3.22629e-12
      2972.60  3.14800e-12
      2974.40  3.16818e-12
      2976.40  3.13204e-12
      2978.20  2.97630e-12
      2980.20  2.99424e-12
      2982.00  3.35708e-12
      2983.80  3.43552e-12
      2985.80  3.21055e-12
      2987.60  2.92472e-12
      2989.40  2.65400e-12
      2991.40  2.64846e-12
      2993.20  2.64351e-12
      2995.00  2.63063e-12
      2997.00  2.73684e-12
      2998.80  3.10245e-12
      3000.60  3.17261e-12
      3002.60  3.08201e-12
      3004.40  2.92134e-12
      3006.20  2.49748e-12
      3008.20  2.33132e-12
      3010.00  2.18876e-12
      3011.80  2.28793e-12
      3013.80  2.57552e-12
      3015.60  2.77449e-12
      3017.40  2.82803e-12
      3019.40  2.74403e-12
      3021.20  2.83306e-12
      3023.20  2.83756e-12
      3025.00  2.92387e-12
      3026.80  2.88575e-12
      3028.80  2.85254e-12
      3030.60  2.70881e-12
      3032.40  2.68565e-12
      3034.40  2.82886e-12
      3036.20  2.83651e-12
      3038.00  2.89505e-12
      3040.00  2.86006e-12
      3041.80  2.79678e-12
      3043.60  2.72521e-12
      3045.60  2.67269e-12
      3047.40  2.62857e-12
      3049.20  2.66053e-12
      3051.20  2.75770e-12
      3053.00  2.87895e-12
      3054.80  2.95802e-12
      3056.80  2.83364e-12
      3058.60  2.77574e-12
      3060.40  2.74821e-12
      3062.40  2.83950e-12
      3064.20  2.99759e-12
      3066.20  2.95776e-12
      3068.00  3.01480e-12
      3069.80  2.96528e-12
      3071.80  2.94301e-12
      3073.60  2.84165e-12
      3075.40  2.75939e-12
      3077.40  2.70280e-12
      3079.20  2.86009e-12
      3081.00  2.82718e-12
      3083.00  2.69532e-12
      3084.80  2.59242e-12
      3086.60  2.47824e-12
      3088.60  2.63257e-12
      3090.40  2.94318e-12
      3092.20  3.29088e-12
      3094.20  3.30995e-12
      3096.00  3.24379e-12
      3097.80  3.20600e-12
      3099.80  3.15689e-12
      3101.60  3.10259e-12
      3103.40  2.99435e-12
      3105.40  2.92595e-12
      3107.20  2.94600e-12
      3109.20  3.01220e-12
      3111.00  2.92425e-12
      3112.80  2.66564e-12
      3114.80  2.73948e-12
      3116.60  2.71210e-12
      3118.40  2.73196e-12
      3120.40  2.58501e-12
      3122.20  2.51726e-12
      3124.00  2.55392e-12
      3126.00  2.57991e-12
      3127.80  2.44936e-12
      3129.60  2.44341e-12
      3131.60  2.38277e-12
      3133.40  2.42764e-12
      3135.20  2.36846e-12
      3137.20  2.23674e-12
      3139.00  2.23332e-12
      3140.80  2.13586e-12
      3142.80  2.13710e-12
      3144.60  2.11156e-12
      3146.40  1.98638e-12
      3148.40  2.16559e-12
      3150.20  2.49380e-12
      3152.20  2.87738e-12
      3154.00  2.98864e-12
      3155.80  2.76857e-12
      3157.80  2.91111e-12
      3159.60  2.82310e-12
      3161.40  2.69848e-12
      3163.40  2.52381e-12
      3165.20  2.44428e-12
      3167.00  2.39167e-12
      3169.00  2.55105e-12
      3170.80  2.54398e-12
      3172.60  2.53269e-12
      3174.60  2.60018e-12
      3176.40  2.84530e-12
      3178.20  3.11298e-12
      3180.20  3.13785e-12
      3182.00  3.23597e-12
      3183.80  3.00272e-12
      3185.80  2.76467e-12
      3187.60  2.83439e-12
      3189.40  2.77564e-12
      3191.40  2.99080e-12
      3193.20  2.84526e-12
      3195.20  2.79240e-12
      3197.00  2.56404e-12
      3198.80  2.48416e-12
      3200.80  2.58853e-12
      3202.60  2.67885e-12
      3204.40  2.76314e-12
      3206.40  2.71530e-12
      3208.20  2.56882e-12
      3210.00  2.47884e-12
      3212.00  2.39193e-12
      3213.80  2.38227e-12
      3215.60  2.51710e-12
      3217.60  2.53785e-12
      3219.40  2.37946e-12
      3221.20  2.39962e-12
      3223.20  2.48391e-12
      3225.00  2.69975e-12
      3226.80  2.86104e-12
      3228.80  2.86972e-12
      3230.60  2.86391e-12
      3232.40  2.77269e-12
      3234.40  2.70549e-12
      3236.20  2.40366e-12
      3238.20  2.35516e-12
      3240.00  2.23622e-12
      3241.80  2.43463e-12
      3243.80  2.62588e-12
      3245.60  2.74330e-12
      3247.40  2.71263e-12
      3249.40  2.69071e-12
      3251.20  2.97234e-12
      3253.00  3.25000e-12
      3255.00  3.69667e-12
      3256.80  3.74333e-12
      3258.60  3.45683e-12
      3260.60  3.47321e-12
      3262.40  3.65351e-12
      3264.20  3.66684e-12
      3266.20  3.78132e-12
      3268.00  4.11841e-12
      3269.80  4.39295e-12
      3271.80  4.48405e-12
      3273.60  4.04750e-12
      3275.40  3.75041e-12
      3277.40  3.95034e-12
      3279.20  3.69816e-12
      3281.20  3.49246e-12
      3283.00  3.51316e-12
      3284.80  3.56703e-12
      3286.80  3.69008e-12
      3288.60  3.67917e-12
      3290.40  3.66045e-12
      3292.40  3.86210e-12
      3294.20  4.01460e-12
      3296.00  4.22464e-12
      3298.00  4.22534e-12
      3299.80  4.51470e-12
      3301.60  1.86291e-12
      3303.60  1.67973e-12
      3550.04  1.61600e-12
      3551.78  2.66400e-12
      3553.52  2.28900e-12
      3555.25  2.30100e-12
      3556.99  1.98200e-12
      3558.73  2.49800e-12
      3560.47  1.72400e-12
      3562.21  2.08100e-12
      3563.95  2.03900e-12
      3565.69  2.17900e-12
      3567.42  2.42000e-12
      3569.16  2.09300e-12
      3570.90  2.34700e-12
      3572.64  2.09500e-12
      3574.38  2.38600e-12
      3576.12  1.86900e-12
      3577.86  2.03400e-12
      3579.59  1.94500e-12
      3581.33  2.21200e-12
      3583.07  1.88100e-12
      3584.81  2.18400e-12
      3586.55  2.47400e-12
      3588.29  2.21700e-12
      3590.03  2.09900e-12
      3591.77  2.21800e-12
      3593.50  1.61400e-12
      3595.24  2.09000e-12
      3596.98  2.17900e-12
      3598.72  1.94100e-12
      3600.46  2.00700e-12
      3602.20  1.53500e-12
      3603.94  2.69900e-12
      3605.68  1.86700e-12
      3607.42  2.01400e-12
      3609.15  2.39000e-12
      3610.89  1.61900e-12
      3612.63  1.89800e-12
      3614.37  2.25000e-12
      3616.11  1.92800e-12
      3617.85  2.21800e-12
      3619.59  1.84200e-12
      3621.33  2.28400e-12
      3623.07  1.53500e-12
      3624.80  1.84900e-12
      3626.54  1.89300e-12
      3628.28  2.04400e-12
      3630.02  1.90200e-12
      3631.76  2.21100e-12
      3633.50  1.93500e-12
      3635.24  2.20300e-12
      3636.98  2.15700e-12
      3638.72  1.86300e-12
      3640.46  1.89600e-12
      3642.20  1.82300e-12
      3643.94  2.25400e-12
      3645.67  2.06400e-12
      3647.41  1.92600e-12
      3649.15  2.22100e-12
      3650.89  1.94500e-12
      3652.63  2.05700e-12
      3654.37  1.92800e-12
      3656.11  2.03600e-12
      3657.85  1.72400e-12
      3659.59  1.95800e-12
      3661.33  2.05000e-12
      3663.07  2.33000e-12
      3664.81  2.26900e-12
      3666.55  1.98000e-12
      3668.29  2.02900e-12
      3670.02  2.27500e-12
      3671.76  1.78300e-12
      3673.50  2.17600e-12
      3675.24  1.99300e-12
      3676.98  2.06600e-12
      3678.72  2.24800e-12
      3680.46  2.01200e-12
      3682.20  2.32200e-12
      3683.94  2.11400e-12
      3685.68  2.31800e-12
      3687.42  2.36500e-12
      3689.16  2.09700e-12
      3690.90  2.08500e-12
      3692.64  2.16100e-12
      3694.38  1.93400e-12
      3696.12  2.12800e-12
      3697.86  2.19000e-12
      3699.60  1.91400e-12
      3701.34  1.55800e-12
      3703.08  1.94100e-12
      3704.82  2.57200e-12
      3706.56  2.47300e-12
      3708.30  1.92600e-12
      3710.03  2.04500e-12
      3711.77  2.14800e-12
      3713.51  2.04700e-12
      3715.25  1.82300e-12
      3716.99  1.82800e-12
      3718.73  1.81600e-12
      3720.47  2.23300e-12
      3722.21  2.73000e-12
      3723.95  2.31700e-12
      3725.69  1.99200e-12
      3727.43  2.05400e-12
      3729.17  1.92600e-12
      3730.91  1.91500e-12
      3732.65  2.06700e-12
      3734.39  2.72400e-12
      3736.13  2.59700e-12
      3737.87  2.49000e-12
      3739.61  1.69400e-12
      3741.35  1.83900e-12
      3743.09  1.79500e-12
      3744.83  1.93600e-12
      3746.57  2.03900e-12
      3748.31  2.12400e-12
      3750.05  2.81100e-12
      3751.79  2.53300e-12
      3753.53  2.04700e-12
      3755.27  1.56000e-12
      3757.01  1.60500e-12
      3758.75  1.76700e-12
      3760.49  1.78300e-12
      3762.23  1.84100e-12
      3763.97  1.57900e-12
      3765.71  1.74400e-12
      3767.45  2.11600e-12
      3769.19  2.19300e-12
      3770.93  3.10400e-12
      3772.67  2.77700e-12
      3774.41  2.29200e-12
      3776.15  1.91300e-12
      3777.89  1.94500e-12
      3779.63  1.74700e-12
      3781.37  1.57800e-12
      3783.11  1.68300e-12
      3784.86  1.71900e-12
      3786.60  1.79400e-12
      3788.34  1.88300e-12
      3790.08  1.74700e-12
      3791.82  1.83800e-12
      3793.56  1.95200e-12
      3795.30  2.38100e-12
      3797.04  3.25800e-12
      3798.78  4.06200e-12
      3800.52  2.82200e-12
      3802.26  2.18000e-12
      3804.00  1.90800e-12
      3805.74  1.83600e-12
      3807.48  1.74800e-12
      3809.22  1.61200e-12
      3810.96  1.58400e-12
      3812.70  1.47600e-12
      3814.44  1.57500e-12
      3816.18  1.69000e-12
      3817.92  1.62100e-12
      3819.66  1.70000e-12
      3821.40  1.77400e-12
      3823.15  1.54100e-12
      3824.89  1.72500e-12
      3826.63  1.86600e-12
      3828.37  1.96600e-12
      3830.11  2.09200e-12
      3831.85  2.34500e-12
      3833.59  2.77700e-12
      3835.33  4.18600e-12
      3837.07  3.89200e-12
      3838.81  2.84200e-12
      3840.55  2.22300e-12
      3842.29  1.98200e-12
      3844.03  1.75700e-12
      3845.77  1.67600e-12
      3847.51  1.53300e-12
      3849.26  1.45700e-12
      3851.00  1.63700e-12
      3852.74  1.45300e-12
      3854.48  1.36400e-12
      3856.22  1.62300e-12
      3857.96  1.56300e-12
      3859.70  1.63400e-12
      3861.44  1.50200e-12
      3863.18  1.41300e-12
      3864.92  1.43500e-12
      3866.66  1.51500e-12
      3868.41  1.44200e-12
      3870.15  1.41900e-12
      3871.89  1.53600e-12
      3873.63  1.59000e-12
      3875.37  1.43600e-12
      3877.11  1.51000e-12
      3878.85  1.78300e-12
      3880.59  1.76400e-12
      3882.33  1.67500e-12
      3884.07  2.00200e-12
      3885.82  2.34200e-12
      3887.56  3.25900e-12
      3889.30  5.30200e-12
      3891.04  3.96900e-12
      3892.78  2.66000e-12
      3894.52  2.12600e-12
      3896.26  1.99200e-12
      3898.00  1.76000e-12
      3899.74  1.66600e-12
      3901.49  1.64900e-12
      3903.23  1.50200e-12
      3904.97  1.62600e-12
      3906.71  1.82800e-12
      3908.45  1.50000e-12
      3910.19  1.40800e-12
      3911.93  1.40100e-12
      3913.67  1.48800e-12
      3915.42  1.46100e-12
      3917.16  1.48800e-12
      3918.90  1.41700e-12
      3920.64  1.52700e-12
      3922.38  1.46200e-12
      3924.12  1.48100e-12
      3925.86  1.41400e-12
      3927.61  1.46900e-12
      3929.35  1.59900e-12
      3931.09  1.68500e-12
      3932.83  2.37500e-12
      3934.57  4.71300e-12
      3936.31  1.92100e-12
      3938.05  1.58900e-12
      3939.80  1.51000e-12
      3941.54  1.40700e-12
      3943.28  1.48000e-12
      3945.02  1.55500e-12
      3946.76  1.41200e-12
      3948.50  1.44400e-12
      3950.25  1.44500e-12
      3951.99  1.44400e-12
      3953.73  1.46100e-12
      3955.47  1.49700e-12
      3957.21  1.59900e-12
      3958.95  1.52200e-12
      3960.70  1.62100e-12
      3962.44  1.81200e-12
      3964.18  1.98500e-12
      3965.92  2.30400e-12
      3967.66  3.57400e-12
      3969.40  6.78000e-12
      3971.15  6.08400e-12
      3972.89  3.47500e-12
      3974.63  2.63400e-12
      3976.37  2.12500e-12
      3978.11  1.93100e-12
      3979.85  1.68100e-12
      3981.60  1.58900e-12
      3983.34  1.56400e-12
      3985.08  1.48900e-12
      3986.82  1.53900e-12
      3988.56  1.43800e-12
      3990.31  1.39900e-12
      3992.05  1.44300e-12
      3993.79  1.41900e-12
      3995.53  1.37300e-12
      3997.27  1.47200e-12
      3999.02  1.42300e-12
      4000.76  1.37100e-12
      4002.50  1.38800e-12
      4004.24  1.45600e-12
      4005.98  1.57200e-12
      4007.73  1.47700e-12
      4009.47  1.41300e-12
      4011.21  1.42900e-12
      4012.95  1.43700e-12
      4014.69  1.47000e-12
      4016.44  1.44400e-12
      4018.18  1.46500e-12
      4019.92  1.44000e-12
      4021.66  1.39900e-12
      4023.40  1.46000e-12
      4025.15  1.56100e-12
      4026.89  1.83600e-12
      4028.63  1.52700e-12
      4030.37  1.46200e-12
      4032.12  1.50000e-12
      4033.86  1.47400e-12
      4035.60  1.44200e-12
      4037.34  1.45200e-12
      4039.08  1.43800e-12
      4040.83  1.44500e-12
      4042.57  1.45200e-12
      4044.31  1.50300e-12
      4046.05  1.60600e-12
      4047.80  1.44200e-12
      4049.54  1.45000e-12
      4051.28  1.43200e-12
      4053.02  1.46600e-12
      4054.77  1.46000e-12
      4056.51  1.48300e-12
      4058.25  1.53400e-12
      4059.99  1.46000e-12
      4061.74  1.44200e-12
      4063.48  1.54100e-12
      4065.22  1.45600e-12
      4066.96  1.47700e-12
      4068.71  1.52300e-12
      4070.45  1.44600e-12
      4072.19  1.55000e-12
      4073.93  1.43800e-12
      4075.68  1.48300e-12
      4077.42  1.63100e-12
      4079.16  1.62300e-12
      4080.90  1.47400e-12
      4082.65  1.44800e-12
      4084.39  1.53400e-12
      4086.13  1.54200e-12
      4087.87  1.49500e-12
      4089.62  1.54000e-12
      4091.36  1.56900e-12
      4093.10  1.68200e-12
      4094.84  1.86800e-12
      4096.59  2.19900e-12
      4098.33  2.74800e-12
      4100.07  3.80200e-12
      4101.82  6.72300e-12
      4103.56  5.44100e-12
      4105.30  3.27600e-12
      4107.04  2.46500e-12
      4108.79  2.09200e-12
      4110.53  1.87100e-12
      4112.27  1.72300e-12
      4114.02  1.61500e-12
      4115.76  1.54400e-12
      4117.50  1.47600e-12
      4119.24  1.54800e-12
      4120.99  1.53000e-12
      4122.73  1.51800e-12
      4124.47  1.49200e-12
      4126.22  1.49000e-12
      4127.96  1.52000e-12
      4129.70  1.45600e-12
      4131.44  1.46700e-12
      4133.19  1.54500e-12
      4134.93  1.48300e-12
      4136.67  1.45400e-12
      4138.42  1.41500e-12
      4140.16  1.45000e-12
      4141.90  1.43100e-12
      4143.65  1.56200e-12
      4145.39  1.53200e-12
      4147.13  1.46600e-12
      4148.88  1.43700e-12
      4150.62  1.44300e-12
      4152.36  1.48700e-12
      4154.11  1.53300e-12
      4155.85  1.48600e-12
      4157.59  1.49500e-12
      4159.34  1.48300e-12
      4161.08  1.47700e-12
      4162.82  1.44100e-12
      4164.56  1.46400e-12
      4166.31  1.42600e-12
      4168.05  1.50100e-12
      4169.79  1.43000e-12
      4171.54  1.49000e-12
      4173.28  1.55000e-12
      4175.02  1.48500e-12
      4176.77  1.47800e-12
      4178.51  1.50300e-12
      4180.25  1.51500e-12
      4182.00  1.48600e-12
      4183.74  1.47300e-12
      4185.49  1.44900e-12
      4187.23  1.47200e-12
      4188.97  1.47900e-12
      4190.72  1.41800e-12
      4192.46  1.46400e-12
      4194.20  1.39100e-12
      4195.95  1.47000e-12
      4197.69  1.47100e-12
      4199.43  1.53700e-12
      4201.18  1.45600e-12
      4202.92  1.47400e-12
      4204.66  1.45400e-12
      4206.41  1.41500e-12
      4208.15  1.43900e-12
      4209.89  1.40700e-12
      4211.64  1.42700e-12
      4213.38  1.38600e-12
      4215.13  1.44600e-12
      4216.87  1.53200e-12
      4218.61  1.41300e-12
      4220.36  1.40800e-12
      4222.10  1.34200e-12
      4223.84  1.34400e-12
      4225.59  1.38600e-12
      4227.33  1.62300e-12
      4229.08  1.34800e-12
      4230.82  1.28700e-12
      4232.56  1.38600e-12
      4234.31  1.58200e-12
      4236.05  1.39700e-12
      4237.79  1.41800e-12
      4239.54  1.40700e-12
      4241.28  1.38300e-12
      4243.03  1.32500e-12
      4244.77  1.36100e-12
      4246.51  1.43200e-12
      4248.26  1.44200e-12
      4250.00  1.42100e-12
      4251.75  1.50300e-12
      4253.49  1.36400e-12
      4255.23  1.43000e-12
      4256.98  1.36200e-12
      4258.72  1.36300e-12
      4260.47  1.49800e-12
      4262.21  1.39600e-12
      4263.95  1.38300e-12
      4265.70  1.35400e-12
      4267.44  1.37900e-12
      4269.19  1.39100e-12
      4270.93  1.43500e-12
      4272.67  1.49200e-12
      4274.42  1.39600e-12
      4276.16  1.38500e-12
      4277.91  1.33500e-12
      4279.65  1.40700e-12
      4281.39  1.42400e-12
      4283.14  1.42700e-12
      4284.88  1.37100e-12
      4286.63  1.40100e-12
      4288.37  1.38000e-12
      4290.12  1.43800e-12
      4291.86  1.41000e-12
      4293.60  1.42300e-12
      4295.35  1.48600e-12
      4297.09  1.41100e-12
      4298.84  1.41100e-12
      4300.58  1.52200e-12
      4302.33  1.40600e-12
      4304.07  1.44900e-12
      4305.81  1.40300e-12
      4307.56  1.44300e-12
      4309.30  1.47800e-12
      4311.05  1.39600e-12
      4312.79  1.45800e-12
      4314.54  1.47500e-12
      4316.28  1.42900e-12
      4318.03  1.36300e-12
      4319.77  1.40800e-12
      4321.51  1.43200e-12
      4323.26  1.44800e-12
      4325.00  1.50200e-12
      4326.75  1.59500e-12
      4328.49  1.54500e-12
      4330.24  1.61900e-12
      4331.98  1.75200e-12
      4333.73  1.92500e-12
      4335.47  2.24400e-12
      4337.22  2.87200e-12
      4338.96  4.18900e-12
      4340.71  7.63100e-12
      4342.45  5.46900e-12
      4344.19  3.30900e-12
      4345.94  2.47700e-12
      4347.68  2.04300e-12
      4349.43  1.84200e-12
      4351.17  1.74800e-12
      4352.92  1.75400e-12
      4354.66  1.50600e-12
      4356.41  1.50900e-12
      4358.15  1.48900e-12
      4359.90  1.43600e-12
      4361.64  1.43900e-12
      4363.39  1.41100e-12
      4365.13  1.42000e-12
      4366.88  1.43100e-12
      4368.62  1.42400e-12
      4370.37  1.43800e-12
      4372.11  1.43300e-12
      4373.86  1.44400e-12
      4375.60  1.45600e-12
      4377.35  1.42200e-12
      4379.09  1.39100e-12
      4380.84  1.39600e-12
      4382.58  1.41000e-12
      4384.33  1.59400e-12
      4386.07  1.52100e-12
      4387.82  1.54800e-12
      4389.56  1.49000e-12
      4391.31  1.43500e-12
      4393.05  1.44100e-12
      4394.80  1.47300e-12
      4396.54  1.46900e-12
      4398.29  1.42500e-12
      4400.03  1.44400e-12
      4401.78  1.49500e-12
      4403.52  1.41500e-12
      4405.27  1.50600e-12
      4407.01  1.43300e-12
      4408.76  1.42400e-12
      4410.50  1.44500e-12
      4412.25  1.43800e-12
      4413.99  1.42800e-12
      4415.74  1.54400e-12
      4417.48  1.57900e-12
      4419.23  1.51000e-12
      4420.97  1.43500e-12
      4422.72  1.44000e-12
      4424.46  1.46800e-12
      4426.21  1.41700e-12
      4427.95  1.47100e-12
      4429.70  1.43500e-12
      4431.45  1.48600e-12
      4433.19  1.46800e-12
      4434.94  1.44200e-12
      4436.68  1.42900e-12
      4438.43  1.44400e-12
      4440.17  2.02600e-12
