      1003.60  4.66099e-14
      1007.00  2.23173e-13
      1008.20  3.56591e-13
      1011.80  3.89958e-13
      1013.00  8.77577e-14
      1015.40  2.34447e-13
      1016.60  4.11829e-13
      1017.60  1.26764e-13
      1018.80  1.08471e-13
      1023.60  6.74452e-14
      1024.80  1.47411e-14
      1026.00  1.15761e-13
      1027.20  1.03443e-13
      1029.40  3.77355e-14
      1030.60  1.64386e-13
      1035.40  1.85941e-13
      1036.60  9.66013e-14
      1044.80  1.16175e-13
      1046.00  3.75544e-14
      1048.40  7.37876e-14
      1050.80  3.19660e-13
      1052.00  3.05302e-13
      1053.00  7.10497e-14
      1056.60  3.79640e-13
      1057.80  2.62706e-13
      1063.80  2.87169e-15
      1069.60  1.16841e-13
      1072.00  2.26575e-14
      1076.60  8.32194e-15
      1079.00  4.28648e-14
      1080.20  7.14304e-14
      1083.80  7.45262e-14
      1086.20  3.59370e-14
      1088.40  8.17351e-14
      1089.60  3.23753e-13
      1094.40  4.81297e-14
      1095.60  1.58119e-13
      1098.00  3.17349e-14
      1099.20  7.29388e-14
      1103.80  1.65621e-13
      1105.00  2.82256e-14
      1106.20  2.27746e-14
      1108.60  6.49215e-14
      1112.00  8.25671e-14
      1113.20  1.01257e-13
      1114.40  5.87620e-15
      1115.60  1.81822e-13
      1116.80  2.27186e-13
      1118.00  1.80438e-13
      1119.20  1.92035e-13
      1120.40  2.17298e-13
      1121.60  5.69589e-14
      1122.60  7.78855e-14
      1125.00  5.21272e-14
      1129.80  3.15185e-14
      1132.20  2.71124e-14
      1133.40  1.34289e-14
      1134.40  2.61398e-13
      1135.60  9.49924e-14
      1136.80  2.07422e-13
      1138.00  9.09847e-14
      1139.20  1.99116e-13
      1140.40  1.98611e-13
      1141.60  4.63893e-13
      1142.80  2.72203e-13
      1144.00  4.12906e-13
      1145.20  4.49767e-13
      1146.20  6.97516e-13
      1147.40  5.76986e-13
      1148.60  8.67288e-13
      1149.80  8.69733e-13
      1151.00  2.29617e-13
      1152.20  2.47958e-13
      1153.40  2.53192e-13
      1154.60  2.39708e-13
      1155.80  2.41727e-13
      1157.00  3.18975e-13
      1158.00  3.63059e-13
      1159.20  3.28886e-13
      1160.40  4.68880e-13
      1161.60  6.88634e-13
      1162.80  4.79520e-13
      1164.00  3.34770e-13
      1165.20  3.07620e-13
      1166.40  3.46100e-13
      1167.60  3.18089e-13
      1168.80  3.43724e-13
      1169.80  3.48984e-13
      1171.00  4.59973e-13
      1172.20  7.54974e-13
      1173.40  1.09419e-12
      1174.60  1.21982e-12
      1175.80  1.22822e-12
      1177.00  9.16709e-13
      1178.20  6.17735e-13
      1179.40  4.56043e-13
      1180.60  3.69992e-13
      1181.60  3.22796e-13
      1182.80  2.93457e-13
      1184.00  3.18713e-13
      1185.20  2.95549e-13
      1186.40  2.74509e-13
      1187.60  3.25289e-13
      1188.80  3.13874e-13
      1190.00  2.97844e-13
      1191.20  3.14272e-13
      1192.40  3.14272e-13
      1193.40  3.14272e-13
      1194.60  3.14272e-13
      1195.80  3.14272e-13
      1197.00  3.14272e-13
      1198.20  3.14272e-13
      1199.40  3.14272e-13
      1200.91  3.14272e-13
      1202.61  3.14272e-13
      1204.41  3.13306e-13
      1206.11  1.83697e-12
      1207.91  3.13306e-13
      1209.61  3.13306e-13
      1211.41  3.13306e-13
      1213.11  8.06045e-13
      1214.91  1.01282e-11
      1216.61  1.12208e-11
      1218.41  1.30759e-12
      1220.11  3.14272e-13
      1221.91  3.14272e-13
      1223.61  3.14272e-13
      1225.41  3.14272e-13
      1227.11  3.14272e-13
      1228.91  3.14272e-13
      1231.20  3.27594e-13
      1232.40  3.35547e-13
      1233.60  3.42425e-13
      1234.80  3.32113e-13
      1236.00  3.92938e-13
      1237.20  4.33565e-13
      1238.40  4.04670e-13
      1239.40  4.18507e-13
      1240.60  4.27723e-13
      1241.80  4.18300e-13
      1243.00  3.84321e-13
      1244.20  4.05499e-13
      1245.40  4.15243e-13
      1246.60  4.20898e-13
      1247.80  4.35214e-13
      1249.00  3.85618e-13
      1250.20  3.69153e-13
      1251.20  3.56152e-13
      1252.40  3.41446e-13
      1253.60  3.39846e-13
      1254.80  3.30894e-13
      1256.00  3.79965e-13
      1257.20  3.52805e-13
      1258.40  3.21715e-13
      1259.60  3.24602e-13
      1260.80  3.47363e-13
      1262.00  3.98456e-13
      1263.00  3.79329e-13
      1264.20  3.77159e-13
      1265.40  3.51954e-13
      1266.60  3.63228e-13
      1267.80  3.95556e-13
      1269.00  3.79725e-13
      1270.20  3.68621e-13
      1271.40  3.44686e-13
      1272.60  3.48996e-13
      1273.80  3.94526e-13
      1274.80  3.85445e-13
      1276.00  3.49308e-13
      1277.20  3.68878e-13
      1278.40  3.51475e-13
      1279.60  3.94929e-13
      1280.80  3.51221e-13
      1282.00  3.73630e-13
      1283.20  3.68007e-13
      1284.40  3.65542e-13
      1285.60  3.91051e-13
      1286.60  3.95641e-13
      1287.80  4.25221e-13
      1289.00  3.90225e-13
      1290.20  4.58406e-13
      1291.40  4.01212e-13
      1292.60  4.17662e-13
      1293.80  4.44304e-13
      1295.00  4.86301e-13
      1296.20  5.31380e-13
      1297.40  5.71970e-13
      1298.40  5.50856e-13
      1299.60  4.88344e-13
      1300.80  5.20320e-13
      1302.00  5.16592e-13
      1303.20  5.44507e-13
      1304.40  4.65271e-13
      1305.60  4.13637e-13
      1306.80  4.22889e-13
      1308.00  3.95300e-13
      1309.20  3.50612e-13
      1310.20  4.01038e-13
      1311.40  4.46802e-13
      1312.60  3.95069e-13
      1313.80  3.90459e-13
      1315.00  3.82657e-13
      1316.20  3.88298e-13
      1317.40  3.85387e-13
      1318.60  3.49993e-13
      1319.80  3.97115e-13
      1320.80  3.56544e-13
      1322.00  3.66978e-13
      1323.20  3.94692e-13
      1324.40  4.00605e-13
      1325.60  3.98892e-13
      1326.80  3.94358e-13
      1328.00  3.52563e-13
      1329.20  4.05539e-13
      1330.40  4.01494e-13
      1331.60  4.31986e-13
      1332.60  5.74488e-13
      1333.80  6.68476e-13
      1335.00  7.30370e-13
      1336.20  7.22994e-13
      1337.40  6.55972e-13
      1338.60  5.18309e-13
      1339.80  4.18578e-13
      1341.00  3.41183e-13
      1342.20  3.91441e-13
      1343.40  4.06328e-13
      1344.40  3.68769e-13
      1345.60  3.94864e-13
      1346.80  3.60681e-13
      1348.00  3.82431e-13
      1349.20  3.51213e-13
      1350.40  3.23648e-13
      1351.60  3.50666e-13
      1352.80  3.59856e-13
      1354.00  3.81042e-13
      1355.20  4.05178e-13
      1356.20  3.80503e-13
      1357.40  3.47492e-13
      1358.60  3.46851e-13
      1359.80  3.53877e-13
      1361.00  3.59346e-13
      1362.20  3.47793e-13
      1363.40  3.67462e-13
      1364.60  3.87360e-13
      1365.80  3.95996e-13
      1367.00  3.80012e-13
      1368.00  3.61931e-13
      1369.20  3.72640e-13
      1370.40  3.42210e-13
      1371.60  3.64755e-13
      1372.80  4.20148e-13
      1374.00  3.79424e-13
      1375.20  3.50777e-13
      1376.40  3.22275e-13
      1377.60  3.65020e-13
      1378.80  3.73984e-13
      1379.80  3.36706e-13
      1381.00  3.66836e-13
      1382.20  3.97131e-13
      1383.40  3.36514e-13
      1384.60  3.47205e-13
      1385.80  3.59711e-13
      1387.00  3.58671e-13
      1388.20  3.96443e-13
      1389.40  4.32395e-13
      1390.60  5.14050e-13
      1391.60  6.67227e-13
      1392.80  8.24581e-13
      1394.00  8.47134e-13
      1395.20  7.62457e-13
      1396.40  5.81246e-13
      1397.60  4.68265e-13
      1398.80  4.84858e-13
      1400.00  5.48266e-13
      1401.20  6.63333e-13
      1402.40  6.67104e-13
      1403.40  6.50174e-13
      1404.60  6.32305e-13
      1405.80  4.77632e-13
      1407.00  4.04162e-13
      1408.20  3.76377e-13
      1409.40  4.08239e-13
      1410.60  3.49755e-13
      1411.80  3.38657e-13
      1413.00  3.68548e-13
      1414.00  3.77266e-13
      1415.20  3.74667e-13
      1416.40  3.90547e-13
      1417.60  3.86783e-13
      1418.80  3.85561e-13
      1420.00  3.55497e-13
      1421.20  3.50796e-13
      1422.40  3.88919e-13
      1423.60  3.71563e-13
      1424.80  3.76807e-13
      1425.80  3.69731e-13
      1427.00  3.48506e-13
      1428.20  3.58392e-13
      1429.40  3.64652e-13
      1430.60  3.79064e-13
      1431.80  3.66122e-13
      1433.00  4.01525e-13
      1434.20  3.59443e-13
      1435.40  3.45158e-13
      1436.60  3.52110e-13
      1437.60  3.52008e-13
      1438.80  3.49898e-13
      1440.00  3.52412e-13
      1441.20  3.38432e-13
      1442.40  3.54375e-13
      1443.60  3.65628e-13
      1444.80  3.81018e-13
      1446.00  3.68858e-13
      1447.20  3.70868e-13
      1448.40  3.65886e-13
      1449.40  3.68526e-13
      1450.60  4.00466e-13
      1451.80  3.73246e-13
      1453.00  3.45140e-13
      1454.20  3.46016e-13
      1455.40  3.71661e-13
      1456.60  3.72090e-13
      1457.80  3.98840e-13
      1459.00  3.81787e-13
      1460.20  3.66986e-13
      1461.20  3.72716e-13
      1462.40  3.83476e-13
      1463.60  3.57046e-13
      1464.80  3.71671e-13
      1466.00  4.02013e-13
      1467.20  3.85596e-13
      1468.40  3.98507e-13
      1469.60  4.17186e-13
      1470.80  4.00847e-13
      1472.00  3.74687e-13
      1473.00  3.85985e-13
      1474.20  4.06090e-13
      1475.40  3.91310e-13
      1476.60  4.00340e-13
      1477.80  4.03845e-13
      1479.00  3.77985e-13
      1480.20  3.95688e-13
      1481.40  4.20271e-13
      1482.60  3.83866e-13
      1483.80  3.93378e-13
      1484.80  4.21850e-13
      1486.00  4.09580e-13
      1487.20  4.40838e-13
      1488.40  4.09937e-13
      1489.60  4.27271e-13
      1490.80  3.94265e-13
      1492.00  3.98440e-13
      1493.20  4.03544e-13
      1494.40  4.24281e-13
      1495.60  4.23432e-13
      1496.60  4.15370e-13
      1497.80  4.24055e-13
      1499.00  4.26502e-13
      1500.20  4.36602e-13
      1501.40  4.36123e-13
      1502.60  4.38621e-13
      1503.80  3.93307e-13
      1505.00  3.98614e-13
      1506.20  3.88273e-13
      1507.40  3.94745e-13
      1508.40  3.83539e-13
      1509.60  3.75539e-13
      1510.80  3.92065e-13
      1512.00  4.05400e-13
      1513.20  3.75499e-13
      1514.40  3.44457e-13
      1515.60  3.47468e-13
      1516.80  3.44611e-13
      1518.00  3.78936e-13
      1519.00  4.21426e-13
      1520.20  3.97254e-13
      1521.40  3.89181e-13
      1522.60  3.99530e-13
      1523.80  4.10742e-13
      1525.00  4.52061e-13
      1526.20  4.08231e-13
      1527.40  3.85673e-13
      1528.60  4.26054e-13
      1529.80  4.50867e-13
      1530.80  4.23813e-13
      1532.00  4.12645e-13
      1533.20  4.03699e-13
      1534.40  4.26910e-13
      1535.60  3.95850e-13
      1536.80  3.95850e-13
      1538.00  3.95850e-13
      1539.20  3.95850e-13
      1540.40  3.95850e-13
      1541.60  3.95850e-13
      1542.60  3.95850e-13
      1543.80  3.95850e-13
      1545.00  3.95850e-13
      1546.20  4.38684e-13
      1547.40  5.18000e-13
      1548.60  5.51911e-13
      1549.80  5.51431e-13
      1551.00  5.17048e-13
      1552.20  4.79405e-13
      1553.40  3.96567e-13
      1554.40  3.95850e-13
      1555.60  3.95850e-13
      1556.80  3.95850e-13
      1558.00  3.95850e-13
      1559.20  3.95850e-13
      1560.40  3.95850e-13
      1561.60  3.95850e-13
      1562.80  3.95850e-13
      1564.00  3.95850e-13
      1565.20  4.34469e-13
      1566.20  4.41976e-13
      1567.40  4.36400e-13
      1568.60  4.18610e-13
      1569.80  4.20605e-13
      1571.00  4.11103e-13
      1572.20  3.78864e-13
      1573.40  4.04131e-13
      1574.60  3.92618e-13
      1575.80  4.12661e-13
      1577.00  4.24582e-13
      1578.00  4.42039e-13
      1579.20  4.31173e-13
      1580.40  4.55261e-13
      1581.60  4.32629e-13
      1582.80  4.14608e-13
      1584.00  4.15302e-13
      1585.20  4.18891e-13
      1586.40  4.27965e-13
      1587.60  4.01573e-13
      1588.80  4.11003e-13
      1589.80  4.04857e-13
      1591.00  4.02644e-13
      1592.20  4.05031e-13
      1593.40  4.03655e-13
      1594.60  4.23833e-13
      1595.80  4.25463e-13
      1597.00  4.11808e-13
      1598.20  3.91101e-13
      1599.40  4.03393e-13
      1600.60  4.06074e-13
      1601.60  3.78954e-13
      1602.80  4.14505e-13
      1604.00  4.14101e-13
      1605.20  3.94413e-13
      1606.40  3.84414e-13
      1607.60  4.00990e-13
      1608.80  4.39823e-13
      1610.00  4.05808e-13
      1611.20  3.86951e-13
      1612.40  3.76758e-13
      1613.40  3.85671e-13
      1614.60  4.12744e-13
      1615.80  3.95723e-13
      1617.00  3.61532e-13
      1618.20  3.68086e-13
      1619.40  4.02509e-13
      1620.60  4.25280e-13
      1621.80  4.14485e-13
      1623.00  3.95968e-13
      1624.00  4.02493e-13
      1625.20  3.90534e-13
      1626.40  3.86840e-13
      1627.60  3.97968e-13
      1628.80  3.74720e-13
      1630.00  3.80789e-13
      1631.20  3.95773e-13
      1632.40  4.02291e-13
      1633.60  4.14537e-13
      1634.80  4.38189e-13
      1635.80  4.45827e-13
      1637.00  4.45426e-13
      1638.20  5.36099e-13
      1639.40  5.60441e-13
      1640.60  5.86092e-13
      1641.80  5.81131e-13
      1643.00  5.17433e-13
      1644.20  4.56451e-13
      1645.40  4.07672e-13
      1646.60  4.01200e-13
      1647.60  4.01989e-13
      1648.80  4.09191e-13
      1650.00  3.61309e-13
      1651.20  3.66828e-13
      1652.40  4.10670e-13
      1653.60  3.96588e-13
      1654.80  4.10008e-13
      1656.00  4.39145e-13
      1657.20  4.61567e-13
      1658.40  4.63237e-13
      1659.40  4.48710e-13
      1660.60  4.25923e-13
      1661.80  4.18923e-13
      1663.00  4.16686e-13
      1664.20  4.00221e-13
      1665.40  4.12491e-13
      1666.60  4.06038e-13
      1667.80  3.92219e-13
      1669.00  3.92234e-13
      1670.20  3.70673e-13
      1671.20  3.82246e-13
      1672.40  4.00161e-13
      1673.60  4.05646e-13
      1674.80  4.10674e-13
      1676.00  3.95986e-13
      1677.20  3.95568e-13
      1678.40  4.01549e-13
      1679.60  3.69931e-13
      1680.80  3.78745e-13
      1682.00  3.95042e-13
      1683.00  3.91399e-13
      1684.20  3.84040e-13
      1685.40  3.73210e-13
      1686.60  3.60172e-13
      1687.80  3.84511e-13
      1689.00  4.02616e-13
      1690.20  3.87047e-13
      1691.40  3.93134e-13
      1692.60  4.04309e-13
      1693.80  4.11202e-13
      1694.80  4.30229e-13
      1696.00  4.07196e-13
      1697.20  3.82604e-13
      1698.40  3.95881e-13
      1699.60  4.07121e-13
      1700.80  3.97211e-13
      1702.00  4.04535e-13
      1703.20  3.78187e-13
      1704.40  3.76426e-13
      1705.60  3.87611e-13
      1706.60  3.88502e-13
      1707.80  3.86875e-13
      1709.00  3.67494e-13
      1710.20  3.72248e-13
      1711.40  3.94180e-13
      1712.60  4.02846e-13
      1713.80  3.95592e-13
      1715.00  4.04936e-13
      1716.20  4.07518e-13
      1717.40  3.92055e-13
      1718.40  4.11440e-13
      1719.60  4.30348e-13
      1720.80  4.16825e-13
      1722.00  3.98626e-13
      1723.20  3.79574e-13
      1724.40  3.82379e-13
      1725.60  4.00272e-13
      1726.80  3.94316e-13
      1728.00  3.92838e-13
      1729.00  3.99653e-13
      1730.20  3.88802e-13
      1731.40  3.89867e-13
      1732.60  3.76075e-13
      1733.80  3.73254e-13
      1735.00  3.83204e-13
      1736.20  4.02525e-13
      1737.40  4.02913e-13
      1738.60  3.94850e-13
      1739.80  4.04983e-13
      1740.80  3.97607e-13
      1742.00  3.83044e-13
      1743.20  3.81952e-13
      1744.40  3.90180e-13
      1745.60  3.94948e-13
      1746.80  4.11844e-13
      1748.00  4.25744e-13
      1749.20  4.14132e-13
      1750.40  4.11019e-13
      1751.60  4.11805e-13
      1752.60  4.00546e-13
      1753.80  4.14303e-13
      1755.00  4.21029e-13
      1756.20  4.16068e-13
      1757.40  4.21537e-13
      1758.60  4.18598e-13
      1759.80  3.96917e-13
      1761.00  3.83271e-13
      1762.20  4.09373e-13
      1763.40  4.24317e-13
      1764.40  4.17761e-13
      1765.60  4.02802e-13
      1766.80  4.15556e-13
      1768.00  4.18503e-13
      1769.20  4.09655e-13
      1770.40  4.06994e-13
      1771.60  3.99776e-13
      1772.80  4.07117e-13
      1774.00  4.16099e-13
      1775.20  4.20367e-13
      1776.20  4.22175e-13
      1777.40  4.17265e-13
      1778.60  4.08699e-13
      1779.80  4.07708e-13
      1781.00  3.97393e-13
      1782.20  4.09901e-13
      1783.40  4.12673e-13
      1784.60  4.20815e-13
      1785.80  4.22405e-13
      1787.00  4.17686e-13
      1788.00  3.94512e-13
      1789.20  3.74679e-13
      1790.40  3.37025e-13
      1791.60  2.86333e-13
      1792.80  2.66735e-13
      1794.00  2.96253e-13
      1795.20  3.34443e-13
      1796.40  3.62757e-13
      1797.60  3.84750e-13
      1798.80  3.97663e-13
      1799.80  3.96866e-13
      1801.00  4.08961e-13
      1802.20  4.10440e-13
      1803.40  4.08545e-13
      1804.60  4.01085e-13
      1805.80  4.15171e-13
      1807.00  4.18015e-13
      1808.20  4.24241e-13
      1809.40  4.18340e-13
      1810.60  4.15203e-13
      1811.60  4.02259e-13
      1812.80  3.95977e-13
      1814.00  3.97468e-13
      1815.20  4.06169e-13
      1816.40  4.07708e-13
      1817.60  4.25482e-13
      1818.80  4.17051e-13
      1820.00  4.09167e-13
      1821.20  3.96933e-13
      1822.40  3.96133e-13
      1823.40  3.98555e-13
      1824.60  4.04940e-13
      1825.80  4.07343e-13
      1827.00  4.12320e-13
      1828.20  4.10555e-13
      1829.40  4.01014e-13
      1830.60  3.88650e-13
      1831.80  3.87547e-13
      1833.00  3.77866e-13
      1834.00  3.75631e-13
      1835.20  3.77686e-13
      1836.40  3.84195e-13
      1837.60  3.83428e-13
      1838.80  3.84394e-13
      1840.00  3.87252e-13
      1841.20  3.82096e-13
      1842.40  3.89137e-13
      1843.60  3.92337e-13
      1844.80  3.83012e-13
      1845.80  3.84448e-13
      1847.00  3.87186e-13
      1848.20  3.92776e-13
      1849.40  3.86451e-13
      1850.60  3.98293e-13
      1851.80  4.04587e-13
      1853.00  4.11475e-13
      1854.20  4.09667e-13
      1855.40  4.09576e-13
      1856.60  4.06161e-13
      1857.60  4.12602e-13
      1858.80  4.15179e-13
      1860.00  4.14319e-13
      1861.20  4.09921e-13
      1862.40  4.14517e-13
      1863.60  4.03683e-13
      1864.80  4.07129e-13
      1866.00  3.97369e-13
      1867.20  3.85736e-13
      1868.40  3.71472e-13
      1869.40  3.83383e-13
      1870.60  3.79754e-13
      1871.80  3.89791e-13
      1873.00  3.88152e-13
      1874.20  3.87883e-13
      1875.40  3.81840e-13
      1876.60  3.84192e-13
      1877.80  3.74706e-13
      1879.00  3.74183e-13
      1880.20  3.74487e-13
      1881.20  3.85559e-13
      1882.40  3.83148e-13
      1883.60  3.88884e-13
      1884.80  3.78613e-13
      1886.00  3.81823e-13
      1887.20  3.77928e-13
      1888.40  3.86487e-13
      1889.60  3.79801e-13
      1890.80  3.86824e-13
      1892.00  3.89129e-13
      1893.00  3.95731e-13
      1894.20  3.92061e-13
      1895.40  3.93474e-13
      1896.60  3.92207e-13
      1897.80  3.90460e-13
      1899.00  3.84328e-13
      1900.20  3.87199e-13
      1901.40  3.83632e-13
      1902.60  3.81592e-13
      1903.80  3.72346e-13
      1904.80  3.72200e-13
      1906.00  3.70275e-13
      1907.20  3.81131e-13
      1908.40  3.82386e-13
      1909.60  3.86280e-13
      1910.80  3.81564e-13
      1912.00  3.84182e-13
      1913.20  3.85255e-13
      1914.40  3.88139e-13
      1915.60  3.87190e-13
      1916.60  3.93341e-13
      1917.80  3.84863e-13
      1919.00  3.81500e-13
      1920.20  3.73354e-13
      1921.40  3.74952e-13
      1922.60  3.82750e-13
      1923.80  3.85792e-13
      1925.00  3.80385e-13
      1926.20  3.86719e-13
      1927.40  3.96140e-13
      1928.40  3.97817e-13
      1929.60  3.98646e-13
      1930.80  3.94581e-13
      1932.00  3.88089e-13
      1933.20  3.89015e-13
      1934.40  3.78047e-13
      1935.60  3.81812e-13
      1936.80  3.72837e-13
      1938.00  3.75292e-13
      1939.00  3.72352e-13
      1940.20  3.78748e-13
      1941.40  3.75493e-13
      1942.60  3.74714e-13
      1943.80  3.72262e-13
      1945.00  3.68216e-13
      1946.20  3.69337e-13
      1947.40  3.68597e-13
      1948.60  3.70593e-13
      1949.80  3.71046e-13
      1950.80  3.72768e-13
      1952.00  3.79372e-13
      1953.20  3.80880e-13
      1954.40  3.86752e-13
      1955.60  3.87756e-13
      1956.80  3.90029e-13
      1958.00  3.82045e-13
      1959.20  3.84021e-13
      1960.40  3.84894e-13
      1961.60  3.84047e-13
      1962.60  3.82765e-13
      1963.80  3.84004e-13
      1965.00  3.82287e-13
      1966.20  3.74376e-13
      1967.40  3.67586e-13
      1968.60  3.64260e-13
      1969.80  3.67513e-13
      1971.00  3.67048e-13
      1972.20  3.61381e-13
      1973.40  3.62477e-13
      1974.40  3.63429e-13
      1975.60  3.68897e-13
      1976.80  3.70496e-13
      1978.00  3.74399e-13
      1979.20  3.72987e-13
      1980.40  3.74408e-13
      1981.60  3.76045e-13
      1982.80  3.85060e-13
      2000.40  3.62453e-13
      2002.20  3.61991e-13
      2004.20  3.56305e-13
      2006.00  3.56685e-13
      2009.80  3.55651e-13
      2011.60  3.40179e-13
      2013.60  3.34964e-13
      2015.40  3.41780e-13
      2017.20  3.43307e-13
      2019.20  3.51550e-13
      2021.00  3.49736e-13
      2022.80  3.36992e-13
      2024.80  3.31430e-13
      2026.60  3.31041e-13
      2028.40  3.46962e-13
      2030.40  3.34610e-13
      2032.20  3.25619e-13
      2034.00  3.32503e-13
      2036.00  3.38991e-13
      2037.80  3.49086e-13
      2039.60  3.63153e-13
      2041.60  3.60862e-13
      2043.40  3.57921e-13
      2045.40  3.71385e-13
      2047.20  3.71129e-13
      2049.00  3.68052e-13
      2051.00  3.85978e-13
      2052.80  3.92805e-13
      2054.60  3.79592e-13
      2056.60  3.71571e-13
      2058.40  3.75097e-13
      2060.20  3.88535e-13
      2062.20  4.02893e-13
      2064.00  4.02433e-13
      2065.80  3.93062e-13
      2067.80  3.81796e-13
      2069.60  3.78899e-13
      2071.40  3.70386e-13
      2073.40  3.80018e-13
      2075.20  3.79432e-13
      2077.00  3.65864e-13
      2079.00  3.52452e-13
      2080.80  3.47320e-13
      2082.60  3.54838e-13
      2084.60  3.42882e-13
      2086.40  3.27690e-13
      2088.40  3.21379e-13
      2090.20  3.06904e-13
      2092.00  3.06671e-13
      2094.00  3.34002e-13
      2095.80  3.56516e-13
      2097.60  3.51075e-13
      2099.60  3.42223e-13
      2101.40  3.43055e-13
      2103.20  3.51215e-13
      2105.20  3.74253e-13
      2107.00  3.87331e-13
      2108.80  4.05213e-13
      2110.80  4.24301e-13
      2112.60  4.35365e-13
      2114.40  4.28699e-13
      2116.40  4.35115e-13
      2118.20  4.48627e-13
      2120.00  4.64331e-13
      2122.00  4.65541e-13
      2123.80  4.67305e-13
      2125.60  4.86083e-13
      2127.60  4.87824e-13
      2129.40  4.94158e-13
      2131.40  5.01911e-13
      2133.20  4.85659e-13
      2135.00  4.72477e-13
      2137.00  4.72350e-13
      2138.80  4.70605e-13
      2140.60  4.76236e-13
      2142.60  4.72536e-13
      2144.40  4.58125e-13
      2146.20  4.52160e-13
      2148.20  4.54944e-13
      2150.00  4.52347e-13
      2151.80  4.44625e-13
      2153.80  4.37998e-13
      2155.60  4.40041e-13
      2157.40  4.56685e-13
      2159.40  4.73135e-13
      2161.20  4.64510e-13
      2163.00  4.55959e-13
      2165.00  4.50098e-13
      2166.80  4.57121e-13
      2168.60  4.59041e-13
      2170.60  4.61067e-13
      2172.40  4.65021e-13
      2174.40  4.55234e-13
      2176.20  4.49063e-13
      2178.00  4.46354e-13
      2180.00  4.39652e-13
      2181.80  4.40552e-13
      2183.60  4.36238e-13
      2185.60  4.36416e-13
      2187.40  4.31272e-13
      2189.20  4.27049e-13
      2191.20  4.21834e-13
      2193.00  4.25764e-13
      2194.80  4.19443e-13
      2196.80  4.05606e-13
      2198.60  3.83479e-13
      2200.40  3.94139e-13
      2202.40  4.67611e-13
      2204.20  3.02783e-13
      2206.00  7.85288e-13
      2208.00  7.44615e-13
      2209.80  3.10916e-13
      2211.80  5.37642e-13
      2213.60  6.70614e-13
      2215.40  3.54564e-13
      2217.40  2.71228e-13
      2219.20  5.10500e-13
      2221.00  6.32539e-13
      2223.00  4.68610e-13
      2224.80  5.40374e-13
      2226.60  5.04560e-13
      2228.60  4.64628e-13
      2230.40  6.66950e-13
      2232.20  4.09564e-13
      2234.20  6.33495e-13
      2236.00  7.67505e-13
      2237.80  6.39273e-13
      2239.80  4.17832e-13
      2241.60  5.38530e-13
      2243.40  5.83831e-13
      2245.40  6.20415e-13
      2247.20  5.90232e-13
      2249.00  5.23556e-13
      2251.00  7.43695e-13
      2252.80  8.34555e-13
      2254.80  9.93034e-13
      2256.60  7.72958e-13
      2258.40  6.92358e-13
      2260.40  1.08960e-12
      2262.20  1.03276e-12
      2264.00  7.91550e-13
      2266.00  6.75123e-13
      2267.80  8.04704e-13
      2269.60  8.96075e-13
      2271.60  8.24212e-13
      2273.40  5.24301e-13
      2275.20  6.81397e-13
      2277.20  9.40746e-13
      2279.00  7.95393e-13
      2280.80  7.20000e-13
      2282.80  8.09610e-13
      2284.60  4.02338e-13
      2286.40  5.97065e-13
      2288.40  7.94231e-13
      2290.20  5.37468e-13
      2292.00  5.25943e-13
      2294.00  7.30890e-13
      2295.80  7.36255e-13
      2297.80  7.16276e-13
      2299.60  9.52877e-13
      2301.40  1.04478e-12
      2303.40  8.69457e-13
      2305.20  6.34034e-13
      2307.00  5.55353e-13
      2309.00  4.52378e-13
      2310.80  6.42644e-13
      2312.60  5.05539e-13
      2314.60  6.04739e-13
      2316.40  7.04616e-13
      2318.20  6.70329e-13
      2320.20  8.52948e-13
      2322.00  6.77582e-13
      2323.80  6.14844e-13
      2325.80  7.96039e-13
      2327.60  1.05975e-12
      2329.40  1.05337e-12
      2331.40  1.02543e-12
      2333.20  1.22334e-12
      2335.00  1.03373e-12
      2337.00  9.33774e-13
      2338.80  1.26862e-12
      2340.80  1.37163e-12
      2342.60  1.33506e-12
      2344.40  1.49558e-12
      2346.40  1.49976e-12
      2348.20  1.26838e-12
      2350.00  1.36153e-12
      2352.00  1.30875e-12
      2353.80  9.00616e-13
      2355.60  1.01309e-12
      2357.60  1.10062e-12
      2359.40  1.32545e-12
      2361.20  1.61615e-12
      2363.20  1.43500e-12
      2365.00  1.46048e-12
      2366.80  1.42290e-12
      2368.80  1.47827e-12
      2370.60  1.32412e-12
      2372.40  1.09071e-12
      2374.40  1.00983e-12
      2376.20  1.05946e-12
      2378.00  1.51352e-12
      2380.00  1.85301e-12
      2381.80  2.06213e-12
      2383.80  1.99634e-12
      2385.60  1.95153e-12
      2387.40  1.45624e-12
      2389.40  1.23959e-12
      2391.20  1.18322e-12
      2393.00  1.44873e-12
      2395.00  1.70741e-12
      2396.80  1.58105e-12
      2398.60  1.63787e-12
      2400.60  1.65553e-12
      2402.40  1.61854e-12
      2404.20  1.70494e-12
      2406.20  1.64358e-12
      2408.00  1.83844e-12
      2409.80  2.16330e-12
      2411.80  1.71690e-12
      2413.60  1.56080e-12
      2415.40  1.29458e-12
      2417.40  8.06025e-13
      2419.20  8.49117e-13
      2421.00  9.97357e-13
      2423.00  1.04090e-12
      2424.80  1.08288e-12
      2426.80  1.17129e-12
      2428.60  1.20821e-12
      2430.40  1.28176e-12
      2432.40  1.25204e-12
      2434.20  1.14470e-12
      2436.00  1.35540e-12
      2438.00  1.25132e-12
      2439.80  1.28098e-12
      2441.60  1.17878e-12
      2443.60  1.04774e-12
      2445.40  1.22626e-12
      2447.20  1.32755e-12
      2449.20  1.32446e-12
      2451.00  1.19513e-12
      2452.80  1.13484e-12
      2454.80  1.11038e-12
      2456.60  1.20086e-12
      2458.40  1.23589e-12
      2460.40  1.25510e-12
      2462.20  1.30194e-12
      2464.00  1.29048e-12
      2466.00  1.34105e-12
      2467.80  1.42926e-12
      2469.80  1.32861e-12
      2471.60  1.36731e-12
      2473.40  1.21185e-12
      2475.40  1.32694e-12
      2477.20  1.41654e-12
      2479.00  1.52138e-12
      2481.00  1.71231e-12
      2482.80  1.46110e-12
      2484.60  1.26189e-12
      2486.60  1.35648e-12
      2488.40  1.35387e-12
      2490.20  1.32995e-12
      2492.20  1.60892e-12
      2494.00  1.37238e-12
      2495.80  1.13836e-12
      2497.80  1.23329e-12
      2499.60  1.11114e-12
      2501.40  1.13705e-12
      2503.40  1.10025e-12
      2505.20  1.40355e-12
      2507.20  1.57856e-12
      2509.00  1.44680e-12
      2510.80  1.20597e-12
      2512.80  1.28486e-12
      2514.60  1.42601e-12
      2516.40  1.48990e-12
      2518.40  1.31794e-12
      2520.20  1.40550e-12
      2522.00  1.56600e-12
      2524.00  1.73220e-12
      2525.80  1.93060e-12
      2527.60  1.84116e-12
      2529.60  2.00358e-12
      2531.40  2.01933e-12
      2533.20  1.77758e-12
      2535.20  1.62595e-12
      2537.00  1.94155e-12
      2538.80  2.06317e-12
      2540.80  1.92499e-12
      2542.60  1.68084e-12
      2544.40  1.62930e-12
      2546.40  1.64601e-12
      2548.20  1.74276e-12
      2550.20  1.75959e-12
      2552.00  1.59006e-12
      2553.80  1.23740e-12
      2555.80  1.14816e-12
      2557.60  1.19409e-12
      2559.40  1.23227e-12
      2561.40  1.29390e-12
      2563.20  1.19959e-12
      2565.00  1.32095e-12
      2567.00  1.28782e-12
      2568.80  1.20427e-12
      2570.60  1.32242e-12
      2572.60  1.51299e-12
      2574.40  1.41657e-12
      2576.20  1.27005e-12
      2578.20  1.19848e-12
      2580.00  1.12084e-12
      2581.80  1.25142e-12
      2583.80  1.56018e-12
      2585.60  1.69502e-12
      2587.40  1.50057e-12
      2589.40  1.33783e-12
      2591.20  1.32401e-12
      2593.20  1.39247e-12
      2595.00  1.52036e-12
      2596.80  1.65615e-12
      2598.80  1.77451e-12
      2600.60  1.80291e-12
      2602.40  1.58188e-12
      2604.40  1.62555e-12
      2606.20  1.86517e-12
      2608.00  1.93594e-12
      2610.00  2.08600e-12
      2611.80  2.09477e-12
      2613.60  1.82245e-12
      2615.60  2.18687e-12
      2617.40  1.82724e-12
      2619.20  1.79858e-12
      2621.20  1.83299e-12
      2623.00  1.91601e-12
      2624.80  1.93246e-12
      2626.80  2.03972e-12
      2628.60  2.13757e-12
      2630.40  2.16038e-12
      2632.40  2.05011e-12
      2634.20  1.48744e-12
      2636.20  1.13407e-12
      2638.00  1.10220e-12
      2639.80  1.11483e-12
      2641.80  1.01705e-12
      2643.60  1.04195e-12
      2645.40  9.38894e-13
      2647.40  9.09408e-13
      2649.20  8.87676e-13
      2651.00  9.32854e-13
      2653.00  1.01043e-12
      2654.80  1.07197e-12
      2656.60  1.06310e-12
      2658.60  1.02948e-12
      2660.40  1.09583e-12
      2662.20  1.28679e-12
      2664.20  1.44788e-12
      2666.00  1.30694e-12
      2667.80  1.21771e-12
      2669.80  1.24171e-12
      2671.60  1.35548e-12
      2673.40  1.20255e-12
      2675.40  1.08449e-12
      2677.20  1.12583e-12
      2679.20  1.25662e-12
      2681.00  1.31027e-12
      2682.80  1.14789e-12
      2684.80  1.13495e-12
      2686.60  1.31543e-12
      2688.40  1.31776e-12
      2690.40  1.26270e-12
      2692.20  1.31526e-12
      2694.00  1.28328e-12
      2696.00  1.28772e-12
      2697.80  1.41679e-12
      2699.60  1.27324e-12
      2701.60  1.32339e-12
      2703.40  1.44689e-12
      2705.20  1.52130e-12
      2707.20  1.43381e-12
      2709.00  1.44592e-12
      2710.80  1.44892e-12
      2712.80  1.62679e-12
      2714.60  1.58677e-12
      2716.40  1.48044e-12
      2718.40  1.41946e-12
      2720.20  1.44235e-12
      2722.20  1.55552e-12
      2724.00  1.47790e-12
      2725.80  1.57554e-12
      2727.80  1.76486e-12
      2729.60  1.77408e-12
      2731.40  1.74710e-12
      2733.40  1.80977e-12
      2735.20  1.86610e-12
      2737.00  2.11858e-12
      2739.00  2.17865e-12
      2740.80  2.11391e-12
      2742.60  2.00201e-12
      2744.60  2.15729e-12
      2746.40  2.21653e-12
      2748.20  2.13967e-12
      2750.20  2.02507e-12
      2752.00  2.12633e-12
      2753.80  2.06526e-12
      2755.80  1.95179e-12
      2757.60  1.90226e-12
      2759.40  1.87786e-12
      2761.40  1.88272e-12
      2763.20  1.81120e-12
      2765.20  1.97546e-12
      2767.00  1.77483e-12
      2768.80  1.88708e-12
      2770.80  1.66391e-12
      2772.60  1.60904e-12
      2774.40  1.60813e-12
      2776.40  1.52814e-12
      2778.20  1.57621e-12
      2780.00  1.73055e-12
      2782.00  1.73983e-12
      2783.80  1.61475e-12
      2785.60  1.62616e-12
      2787.60  1.78663e-12
      2789.40  1.97620e-12
      2791.10  1.74872e-12
      2791.20  1.74872e-12
      2792.90  1.74872e-12
      2793.20  1.74872e-12
      2794.60  1.79633e-12
      2795.00  1.79633e-12
      2796.40  4.09088e-12
      2796.80  1.79633e-12
      2798.10  1.79633e-12
      2798.80  1.79633e-12
      2799.90  1.79633e-12
      2800.60  1.79633e-12
      2801.60  1.79633e-12
      2802.40  1.79633e-12
      2803.40  3.26851e-12
      2804.40  1.79633e-12
      2805.10  1.79633e-12
      2806.20  1.74872e-12
      2806.90  1.74872e-12
      2808.20  1.74872e-12
      2808.60  1.74872e-12
      2810.00  1.53368e-12
      2811.80  1.46985e-12
      2813.80  1.40951e-12
      2815.60  1.38045e-12
      2817.40  1.27247e-12
      2819.40  1.54305e-12
      2821.20  1.54009e-12
      2823.00  1.53183e-12
      2825.00  1.51773e-12
      2826.80  1.50982e-12
      2828.60  1.50484e-12
      2830.60  1.49415e-12
      2832.40  1.44894e-12
      2834.20  1.38924e-12
      2836.20  1.34444e-12
      2838.00  1.33706e-12
      2839.80  1.35105e-12
      2841.80  1.37435e-12
      2843.60  1.39454e-12
      2845.40  1.40620e-12
      2847.40  1.40609e-12
      2849.20  1.40401e-12
      2851.20  1.40652e-12
      2853.00  1.40645e-12
      2854.80  1.40820e-12
      2856.80  1.40905e-12
      2858.60  1.40914e-12
      2860.40  1.40312e-12
      2862.40  1.40517e-12
      2864.20  1.40803e-12
      2866.00  1.39744e-12
      2868.00  1.38492e-12
      2869.80  1.38902e-12
      2871.60  1.43110e-12
      2873.60  1.48683e-12
      2875.40  1.52723e-12
      2877.20  1.53660e-12
      2879.20  1.52310e-12
      2881.00  1.50125e-12
      2882.80  1.51279e-12
      2884.80  1.36024e-12
      2886.60  1.38128e-12
      2888.40  1.39525e-12
      2890.40  1.40407e-12
      2892.20  1.32607e-12
      2894.20  1.28815e-12
      2896.00  1.31426e-12
      2897.80  1.25751e-12
      2899.80  1.31552e-12
      2901.60  1.23697e-12
      2903.40  1.12524e-12
      2905.40  1.12159e-12
      2907.20  1.20464e-12
      2909.00  1.28784e-12
      2911.00  1.31515e-12
      2912.80  1.24438e-12
      2914.60  1.32425e-12
      2916.60  1.33183e-12
      2918.40  1.33080e-12
      2920.20  1.28292e-12
      2922.20  1.43550e-12
      2924.00  1.58205e-12
      2925.80  1.67095e-12
      2927.80  1.71522e-12
      2929.60  1.67699e-12
      2931.40  1.56570e-12
      2933.40  1.54686e-12
      2935.20  1.59423e-12
      2937.20  1.52321e-12
      2939.00  1.60233e-12
      2940.80  1.61307e-12
      2942.80  1.58729e-12
      2944.60  1.59790e-12
      2946.40  1.61076e-12
      2948.40  1.60672e-12
      2950.20  1.61981e-12
      2952.00  1.59926e-12
      2954.00  1.60926e-12
      2955.80  1.50885e-12
      2957.60  1.55384e-12
      2959.60  1.58473e-12
      2961.40  1.63578e-12
      2963.20  1.62238e-12
      2965.20  1.56297e-12
      2967.00  1.57460e-12
      2968.80  1.49586e-12
      2970.80  1.57959e-12
      2972.60  1.54126e-12
      2974.40  1.55114e-12
      2976.40  1.53345e-12
      2978.20  1.45720e-12
      2980.20  1.46598e-12
      2982.00  1.64363e-12
      2983.80  1.68203e-12
      2985.80  1.57188e-12
      2987.60  1.43194e-12
      2989.40  1.29940e-12
      2991.40  1.29668e-12
      2993.20  1.29426e-12
      2995.00  1.28796e-12
      2997.00  1.33996e-12
      2998.80  1.51896e-12
      3000.60  1.55331e-12
      3002.60  1.50895e-12
      3004.40  1.43029e-12
      3006.20  1.22277e-12
      3008.20  1.14141e-12
      3010.00  1.07162e-12
      3011.80  1.12017e-12
      3013.80  1.26097e-12
      3015.60  1.35839e-12
      3017.40  1.38461e-12
      3019.40  1.34348e-12
      3021.20  1.38707e-12
      3023.20  1.38927e-12
      3025.00  1.43153e-12
      3026.80  1.41287e-12
      3028.80  1.39661e-12
      3030.60  1.32623e-12
      3032.40  1.31490e-12
      3034.40  1.38501e-12
      3036.20  1.38876e-12
      3038.00  1.41742e-12
      3040.00  1.40029e-12
      3041.80  1.36930e-12
      3043.60  1.33426e-12
      3045.60  1.30855e-12
      3047.40  1.28695e-12
      3049.20  1.30260e-12
      3051.20  1.35017e-12
      3053.00  1.40953e-12
      3054.80  1.44825e-12
      3056.80  1.38735e-12
      3058.60  1.35900e-12
      3060.40  1.34552e-12
      3062.40  1.39022e-12
      3064.20  1.46762e-12
      3066.20  1.44812e-12
      3068.00  1.47604e-12
      3069.80  1.45180e-12
      3071.80  1.44090e-12
      3073.60  1.39127e-12
      3075.40  1.35100e-12
      3077.40  1.32329e-12
      3079.20  1.40030e-12
      3081.00  1.38419e-12
      3083.00  1.31963e-12
      3084.80  1.26925e-12
      3086.60  1.21334e-12
      3088.60  1.28891e-12
      3090.40  1.44098e-12
      3092.20  1.61122e-12
      3094.20  1.62055e-12
      3096.00  1.58816e-12
      3097.80  1.56966e-12
      3099.80  1.54562e-12
      3101.60  1.51903e-12
      3103.40  1.46603e-12
      3105.40  1.43254e-12
      3107.20  1.44236e-12
      3109.20  1.47477e-12
      3111.00  1.43171e-12
      3112.80  1.30510e-12
      3114.80  1.34125e-12
      3116.60  1.32784e-12
      3118.40  1.33757e-12
      3120.40  1.26562e-12
      3122.20  1.23245e-12
      3124.00  1.25040e-12
      3126.00  1.26313e-12
      3127.80  1.19921e-12
      3129.60  1.19630e-12
      3131.60  1.16660e-12
      3133.40  1.18857e-12
      3135.20  1.15960e-12
      3137.20  1.09511e-12
      3139.00  1.09343e-12
      3140.80  1.04572e-12
      3142.80  1.04633e-12
      3144.60  1.03382e-12
      3146.40  9.72531e-13
      3148.40  1.06027e-12
      3150.20  1.22096e-12
      3152.20  1.40876e-12
      3154.00  1.46324e-12
      3155.80  1.35549e-12
      3157.80  1.42528e-12
      3159.60  1.38219e-12
      3161.40  1.32118e-12
      3163.40  1.23566e-12
      3165.20  1.19672e-12
      3167.00  1.17096e-12
      3169.00  1.24899e-12
      3170.80  1.24553e-12
      3172.60  1.24001e-12
      3174.60  1.27305e-12
      3176.40  1.39306e-12
      3178.20  1.52411e-12
      3180.20  1.53629e-12
      3182.00  1.58433e-12
      3183.80  1.47013e-12
      3185.80  1.35358e-12
      3187.60  1.38772e-12
      3189.40  1.35896e-12
      3191.40  1.46429e-12
      3193.20  1.39304e-12
      3195.20  1.36716e-12
      3197.00  1.25535e-12
      3198.80  1.21624e-12
      3200.80  1.26735e-12
      3202.60  1.31156e-12
      3204.40  1.35284e-12
      3206.40  1.32941e-12
      3208.20  1.25769e-12
      3210.00  1.21364e-12
      3212.00  1.17109e-12
      3213.80  1.16636e-12
      3215.60  1.23237e-12
      3217.60  1.24253e-12
      3219.40  1.16499e-12
      3221.20  1.17486e-12
      3223.20  1.21612e-12
      3225.00  1.32180e-12
      3226.80  1.40077e-12
      3228.80  1.40502e-12
      3230.60  1.40217e-12
      3232.40  1.35751e-12
      3234.40  1.32461e-12
      3236.20  1.17683e-12
      3238.20  1.15308e-12
      3240.00  1.09485e-12
      3241.80  1.19199e-12
      3243.80  1.28563e-12
      3245.60  1.34312e-12
      3247.40  1.32810e-12
      3249.40  1.31737e-12
      3251.20  1.45526e-12
      3253.00  1.59120e-12
      3255.00  1.80989e-12
      3256.80  1.83273e-12
      3258.60  1.69246e-12
      3260.60  1.70049e-12
      3262.40  1.78876e-12
      3264.20  1.79528e-12
      3266.20  1.85134e-12
      3268.00  2.01637e-12
      3269.80  2.15079e-12
      3271.80  2.19539e-12
      3273.60  1.98165e-12
      3275.40  1.83620e-12
      3277.40  1.93409e-12
      3279.20  1.81062e-12
      3281.20  1.70991e-12
      3283.00  1.72005e-12
      3284.80  1.74642e-12
      3286.80  1.80667e-12
      3288.60  1.80132e-12
      3290.40  1.79216e-12
      3292.40  1.89088e-12
      3294.20  1.96555e-12
      3296.00  2.06839e-12
      3298.00  2.06873e-12
      3299.80  2.21040e-12
      3301.60  9.12081e-13
      3303.60  8.22396e-13
      3550.04  6.20000e-13
      3551.78  1.39000e-12
      3553.52  1.14300e-12
      3555.25  1.10700e-12
      3556.99  1.16800e-12
      3558.73  1.09700e-12
      3560.47  7.53200e-13
      3562.21  1.11900e-12
      3563.95  1.06100e-12
      3565.69  1.57400e-12
      3567.42  1.35500e-12
      3569.16  9.14300e-13
      3570.90  1.18100e-12
      3572.64  1.14700e-12
      3574.38  1.43100e-12
      3576.12  1.23600e-12
      3577.86  8.80500e-13
      3579.59  7.64500e-13
      3581.33  1.40800e-12
      3583.07  1.12100e-12
      3584.81  1.19400e-12
      3586.55  1.51600e-12
      3588.29  1.27000e-12
      3590.03  1.12700e-12
      3591.77  1.08000e-12
      3593.50  1.31700e-12
      3595.24  9.22200e-13
      3596.98  9.91100e-13
      3598.72  9.23100e-13
      3600.46  9.38900e-13
      3602.20  1.11000e-12
      3603.94  1.22700e-12
      3605.68  1.03700e-12
      3607.42  1.14100e-12
      3609.15  1.24400e-12
      3610.89  1.08000e-12
      3612.63  1.17200e-12
      3614.37  1.52200e-12
      3616.11  9.62900e-13
      3617.85  1.24400e-12
      3619.59  1.07600e-12
      3621.33  1.31200e-12
      3623.07  1.17600e-12
      3624.80  1.29400e-12
      3626.54  9.45300e-13
      3628.28  9.61700e-13
      3630.02  1.07800e-12
      3631.76  1.33500e-12
      3633.50  9.25900e-13
      3635.24  1.27900e-12
      3636.98  1.02000e-12
      3638.72  7.63800e-13
      3640.46  8.73500e-13
      3642.20  9.90900e-13
      3643.94  1.15900e-12
      3645.67  1.11900e-12
      3647.41  1.17500e-12
      3649.15  1.10400e-12
      3650.89  1.24000e-12
      3652.63  1.09300e-12
      3654.37  1.12000e-12
      3656.11  1.06900e-12
      3657.85  9.53800e-13
      3659.59  1.12700e-12
      3661.33  1.33500e-12
      3663.07  1.09300e-12
      3664.81  1.19900e-12
      3666.55  1.24600e-12
      3668.29  1.06100e-12
      3670.02  1.16000e-12
      3671.76  9.04700e-13
      3673.50  1.29300e-12
      3675.24  1.08500e-12
      3676.98  1.14700e-12
      3678.72  1.45800e-12
      3680.46  1.40200e-12
      3682.20  1.10300e-12
      3683.94  9.51800e-13
      3685.68  1.23300e-12
      3687.42  1.37800e-12
      3689.16  1.02500e-12
      3690.90  9.78200e-13
      3692.64  1.33700e-12
      3694.38  1.06900e-12
      3696.12  1.22400e-12
      3697.86  1.15200e-12
      3699.60  1.14200e-12
      3701.34  9.38100e-13
      3703.08  1.29600e-12
      3704.82  1.53200e-12
      3706.56  1.43200e-12
      3708.30  1.38800e-12
      3710.03  1.39300e-12
      3711.77  1.18000e-12
      3713.51  1.17500e-12
      3715.25  8.35000e-13
      3716.99  9.79000e-13
      3718.73  1.00700e-12
      3720.47  1.37600e-12
      3722.21  1.67900e-12
      3723.95  1.11900e-12
      3725.69  9.50100e-13
      3727.43  1.15100e-12
      3729.17  1.01300e-12
      3730.91  1.01200e-12
      3732.65  1.06600e-12
      3734.39  1.84500e-12
      3736.13  1.73300e-12
      3737.87  1.67500e-12
      3739.61  1.02800e-12
      3741.35  8.68700e-13
      3743.09  9.02800e-13
      3744.83  9.12800e-13
      3746.57  1.25700e-12
      3748.31  1.21100e-12
      3750.05  2.03700e-12
      3751.79  1.71600e-12
      3753.53  1.08800e-12
      3755.27  9.22500e-13
      3757.01  8.77700e-13
      3758.75  8.69700e-13
      3760.49  9.87900e-13
      3762.23  9.25800e-13
      3763.97  8.41800e-13
      3765.71  9.68900e-13
      3767.45  1.28500e-12
      3769.19  1.34600e-12
      3770.93  2.47700e-12
      3772.67  1.83300e-12
      3774.41  1.28300e-12
      3776.15  1.02800e-12
      3777.89  7.90000e-13
      3779.63  8.74700e-13
      3781.37  6.79200e-13
      3783.11  7.98400e-13
      3784.86  8.27300e-13
      3786.60  7.61500e-13
      3788.34  9.97600e-13
      3790.08  9.56000e-13
      3791.82  7.91000e-13
      3793.56  1.15000e-12
      3795.30  1.39100e-12
      3797.04  2.08800e-12
      3798.78  3.21000e-12
      3800.52  1.79500e-12
      3802.26  1.37700e-12
      3804.00  9.44200e-13
      3805.74  8.33200e-13
      3807.48  9.30700e-13
      3809.22  8.41000e-13
      3810.96  6.84700e-13
      3812.70  7.44200e-13
      3814.44  7.36700e-13
      3816.18  8.86500e-13
      3817.92  6.40100e-13
      3819.66  8.82000e-13
      3821.40  1.11400e-12
      3823.15  7.38800e-13
      3824.89  9.64400e-13
      3826.63  9.05300e-13
      3828.37  1.01100e-12
      3830.11  1.27000e-12
      3831.85  1.49100e-12
      3833.59  1.89600e-12
      3835.33  3.35900e-12
      3837.07  2.95600e-12
      3838.81  1.83800e-12
      3840.55  1.25500e-12
      3842.29  1.08600e-12
      3844.03  8.54200e-13
      3845.77  7.86100e-13
      3847.51  6.43900e-13
      3849.26  6.78900e-13
      3851.00  7.09600e-13
      3852.74  7.29200e-13
      3854.48  6.88800e-13
      3856.22  8.46500e-13
      3857.96  7.20600e-13
      3859.70  7.46900e-13
      3861.44  7.15600e-13
      3863.18  6.19500e-13
      3864.92  6.79900e-13
      3866.66  6.68800e-13
      3868.41  5.94300e-13
      3870.15  5.29500e-13
      3871.89  7.37500e-13
      3873.63  7.83700e-13
      3875.37  7.21700e-13
      3877.11  6.68100e-13
      3878.85  9.87400e-13
      3880.59  7.58200e-13
      3882.33  8.57000e-13
      3884.07  1.15200e-12
      3885.82  1.40800e-12
      3887.56  2.40900e-12
      3889.30  4.50800e-12
      3891.04  3.18400e-12
      3892.78  1.66000e-12
      3894.52  1.26000e-12
      3896.26  1.04100e-12
      3898.00  8.93000e-13
      3899.74  8.98300e-13
      3901.49  7.75300e-13
      3903.23  8.19900e-13
      3904.97  8.35000e-13
      3906.71  9.56600e-13
      3908.45  6.63800e-13
      3910.19  5.76500e-13
      3911.93  5.28000e-13
      3913.67  7.10600e-13
      3915.42  5.40800e-13
      3917.16  7.00800e-13
      3918.90  6.89500e-13
      3920.64  7.45100e-13
      3922.38  6.74800e-13
      3924.12  6.17500e-13
      3925.86  6.21400e-13
      3927.61  7.44400e-13
      3929.35  7.68900e-13
      3931.09  8.68500e-13
      3932.83  1.66100e-12
      3934.57  4.09000e-12
      3936.31  1.00900e-12
      3938.05  7.43900e-13
      3939.80  7.11800e-13
      3941.54  7.10300e-13
      3943.28  6.61800e-13
      3945.02  7.74700e-13
      3946.76  5.85800e-13
      3948.50  6.29700e-13
      3950.25  6.66500e-13
      3951.99  6.55800e-13
      3953.73  6.75500e-13
      3955.47  7.09200e-13
      3957.21  7.61900e-13
      3958.95  6.67800e-13
      3960.70  8.05200e-13
      3962.44  1.03700e-12
      3964.18  1.04100e-12
      3965.92  1.47400e-12
      3967.66  2.79500e-12
      3969.40  6.17000e-12
      3971.15  5.23400e-12
      3972.89  2.55000e-12
      3974.63  1.67400e-12
      3976.37  1.22500e-12
      3978.11  1.05800e-12
      3979.85  8.67200e-13
      3981.60  7.99700e-13
      3983.34  7.50400e-13
      3985.08  7.56500e-13
      3986.82  7.01900e-13
      3988.56  7.04200e-13
      3990.31  6.56600e-13
      3992.05  6.41600e-13
      3993.79  6.67900e-13
      3995.53  6.09700e-13
      3997.27  6.57500e-13
      3999.02  6.45400e-13
      4000.76  6.27000e-13
      4002.50  6.70100e-13
      4004.24  6.14000e-13
      4005.98  8.21400e-13
      4007.73  6.70000e-13
      4009.47  6.96100e-13
      4011.21  6.49400e-13
      4012.95  6.48900e-13
      4014.69  6.98300e-13
      4016.44  6.15500e-13
      4018.18  6.87700e-13
      4019.92  6.04400e-13
      4021.66  6.40700e-13
      4023.40  6.82900e-13
      4025.15  7.36800e-13
      4026.89  9.59300e-13
      4028.63  7.26700e-13
      4030.37  6.98300e-13
      4032.12  7.23400e-13
      4033.86  7.21000e-13
      4035.60  6.55900e-13
      4037.34  6.65500e-13
      4039.08  6.30000e-13
      4040.83  6.59500e-13
      4042.57  6.75700e-13
      4044.31  6.70600e-13
      4046.05  8.22800e-13
      4047.80  6.46500e-13
      4049.54  6.31700e-13
      4051.28  6.60800e-13
      4053.02  6.84600e-13
      4054.77  6.42300e-13
      4056.51  6.77400e-13
      4058.25  7.24300e-13
      4059.99  6.74500e-13
      4061.74  6.79300e-13
      4063.48  8.12300e-13
      4065.22  7.21300e-13
      4066.96  7.05900e-13
      4068.71  6.94600e-13
      4070.45  7.14200e-13
      4072.19  7.92200e-13
      4073.93  6.80600e-13
      4075.68  7.13200e-13
      4077.42  8.56800e-13
      4079.16  8.00600e-13
      4080.90  7.36200e-13
      4082.65  7.00600e-13
      4084.39  7.34600e-13
      4086.13  7.41100e-13
      4087.87  7.25100e-13
      4089.62  7.40400e-13
      4091.36  8.06200e-13
      4093.10  8.66200e-13
      4094.84  1.06000e-12
      4096.59  1.31000e-12
      4098.33  1.84900e-12
      4100.07  2.93500e-12
      4101.82  6.12600e-12
      4103.56  4.46400e-12
      4105.30  2.27700e-12
      4107.04  1.59500e-12
      4108.79  1.19100e-12
      4110.53  1.03200e-12
      4112.27  8.67800e-13
      4114.02  8.69200e-13
      4115.76  7.31900e-13
      4117.50  7.28700e-13
      4119.24  7.76400e-13
      4120.99  7.43200e-13
      4122.73  7.38100e-13
      4124.47  6.84200e-13
      4126.22  7.16000e-13
      4127.96  7.85200e-13
      4129.70  6.99800e-13
      4131.44  7.50900e-13
      4133.19  8.11000e-13
      4134.93  7.39900e-13
      4136.67  6.93900e-13
      4138.42  6.83400e-13
      4140.16  6.88300e-13
      4141.90  6.80400e-13
      4143.65  8.02800e-13
      4145.39  7.24100e-13
      4147.13  6.95400e-13
      4148.88  7.07100e-13
      4150.62  7.13600e-13
      4152.36  6.82200e-13
      4154.11  7.31500e-13
      4155.85  7.61200e-13
      4157.59  7.49800e-13
      4159.34  7.46600e-13
      4161.08  7.23800e-13
      4162.82  6.96200e-13
      4164.56  7.02700e-13
      4166.31  6.85600e-13
      4168.05  7.36000e-13
      4169.79  7.20100e-13
      4171.54  7.07900e-13
      4173.28  8.08600e-13
      4175.02  7.56500e-13
      4176.77  7.31500e-13
      4178.51  8.00900e-13
      4180.25  7.65600e-13
      4182.00  7.22700e-13
      4183.74  7.47100e-13
      4185.49  7.15900e-13
      4187.23  7.30800e-13
      4188.97  7.48700e-13
      4190.72  6.67900e-13
      4192.46  7.36800e-13
      4194.20  6.49400e-13
      4195.95  7.37300e-13
      4197.69  6.97200e-13
      4199.43  7.81100e-13
      4201.18  7.06000e-13
      4202.92  8.21400e-13
      4204.66  7.05200e-13
      4206.41  7.02300e-13
      4208.15  7.00600e-13
      4209.89  6.86400e-13
      4211.64  6.89700e-13
      4213.38  6.58100e-13
      4215.13  7.64200e-13
      4216.87  8.31900e-13
      4218.61  6.45400e-13
      4220.36  6.42400e-13
      4222.10  6.16900e-13
      4223.84  6.03400e-13
      4225.59  6.71300e-13
      4227.33  9.31500e-13
      4229.08  6.14500e-13
      4230.82  5.65800e-13
      4232.56  7.06300e-13
      4234.31  8.47700e-13
      4236.05  6.92200e-13
      4237.79  6.62200e-13
      4239.54  6.91000e-13
      4241.28  6.54400e-13
      4243.03  6.51100e-13
      4244.77  6.15000e-13
      4246.51  7.04800e-13
      4248.26  7.12000e-13
      4250.00  7.22700e-13
      4251.75  7.70200e-13
      4253.49  6.14300e-13
      4255.23  7.37400e-13
      4256.98  6.45100e-13
      4258.72  6.84000e-13
      4260.47  7.65600e-13
      4262.21  6.85000e-13
      4263.95  6.49300e-13
      4265.70  6.51000e-13
      4267.44  6.74700e-13
      4269.19  6.68700e-13
      4270.93  7.71500e-13
      4272.67  8.07000e-13
      4274.42  7.03300e-13
      4276.16  6.94100e-13
      4277.91  6.45000e-13
      4279.65  6.67600e-13
      4281.39  6.86500e-13
      4283.14  7.23400e-13
      4284.88  6.72200e-13
      4286.63  6.97000e-13
      4288.37  6.78200e-13
      4290.12  8.12600e-13
      4291.86  7.21600e-13
      4293.60  7.48300e-13
      4295.35  7.63600e-13
      4297.09  7.18200e-13
      4298.84  7.16600e-13
      4300.58  8.52500e-13
      4302.33  7.63700e-13
      4304.07  8.18500e-13
      4305.81  7.36600e-13
      4307.56  7.86200e-13
      4309.30  8.09400e-13
      4311.05  7.48000e-13
      4312.79  7.83400e-13
      4314.54  7.99500e-13
      4316.28  7.46500e-13
      4318.03  7.10000e-13
      4319.77  7.31400e-13
      4321.51  7.62400e-13
      4323.26  7.68300e-13
      4325.00  8.31000e-13
      4326.75  9.04100e-13
      4328.49  8.49600e-13
      4330.24  9.15400e-13
      4331.98  9.97700e-13
      4333.73  1.19700e-12
      4335.47  1.47600e-12
      4337.22  2.08200e-12
      4338.96  3.50000e-12
      4340.71  7.19100e-12
      4342.45  4.63600e-12
      4344.19  2.44100e-12
      4345.94  1.66300e-12
      4347.68  1.26600e-12
      4349.43  1.10400e-12
      4351.17  1.04100e-12
      4352.92  1.07900e-12
      4354.66  7.90700e-13
      4356.41  8.07100e-13
      4358.15  7.88600e-13
      4359.90  7.68300e-13
      4361.64  7.42700e-13
      4363.39  7.17500e-13
      4365.13  7.12000e-13
      4366.88  7.50900e-13
      4368.62  7.69200e-13
      4370.37  7.77200e-13
      4372.11  7.39600e-13
      4373.86  7.47900e-13
      4375.60  8.15400e-13
      4377.35  7.66000e-13
      4379.09  7.27900e-13
      4380.84  7.20900e-13
      4382.58  7.65700e-13
      4384.33  9.22300e-13
      4386.07  8.39700e-13
      4387.82  8.37500e-13
      4389.56  7.89300e-13
      4391.31  7.70700e-13
      4393.05  7.75400e-13
      4394.80  8.11100e-13
      4396.54  8.00400e-13
      4398.29  7.68900e-13
      4400.03  7.63700e-13
      4401.78  7.96500e-13
      4403.52  7.64500e-13
      4405.27  8.94300e-13
      4407.01  7.69900e-13
      4408.76  7.84500e-13
      4410.50  8.07300e-13
      4412.25  7.77000e-13
      4413.99  7.81700e-13
      4415.74  9.23000e-13
      4417.48  9.10000e-13
      4419.23  8.37300e-13
      4420.97  7.72400e-13
      4422.72  8.10900e-13
      4424.46  7.85100e-13
      4426.21  7.28500e-13
      4427.95  8.29400e-13
      4429.70  7.81800e-13
      4431.45  8.30200e-13
      4433.19  8.16300e-13
      4434.94  7.84000e-13
      4436.68  7.60400e-13
      4438.43  7.73400e-13
      4440.17  1.11000e-12
