      1003.60  4.66099e-14
      1007.00  2.23173e-13
      1008.20  3.56591e-13
      1011.80  3.89958e-13
      1013.00  8.77577e-14
      1015.40  2.34447e-13
      1016.60  4.11829e-13
      1017.60  1.26764e-13
      1018.80  1.08471e-13
      1023.60  6.74452e-14
      1024.80  1.47411e-14
      1026.00  1.15761e-13
      1027.20  1.03443e-13
      1029.40  3.77355e-14
      1030.60  1.64386e-13
      1035.40  1.85941e-13
      1036.60  9.66013e-14
      1044.80  1.16175e-13
      1046.00  3.75544e-14
      1048.40  7.37876e-14
      1050.80  3.19660e-13
      1052.00  3.05302e-13
      1053.00  7.10497e-14
      1056.60  3.79640e-13
      1057.80  2.62706e-13
      1063.80  2.87169e-15
      1069.60  1.16841e-13
      1072.00  2.26575e-14
      1076.60  8.32194e-15
      1079.00  4.28648e-14
      1080.20  7.14304e-14
      1083.80  7.45262e-14
      1086.20  3.59370e-14
      1088.40  8.17351e-14
      1089.60  3.23753e-13
      1094.40  4.81297e-14
      1095.60  1.58119e-13
      1098.00  3.17349e-14
      1099.20  7.29388e-14
      1103.80  1.65621e-13
      1105.00  2.82256e-14
      1106.20  2.27746e-14
      1108.60  6.49215e-14
      1112.00  8.25671e-14
      1113.20  1.01257e-13
      1114.40  5.87620e-15
      1115.60  1.81822e-13
      1116.80  2.27186e-13
      1118.00  1.80438e-13
      1119.20  1.92035e-13
      1120.40  2.17298e-13
      1121.60  5.69589e-14
      1122.60  7.78855e-14
      1125.00  5.21272e-14
      1129.80  3.15185e-14
      1132.20  2.71124e-14
      1133.40  1.34289e-14
      1134.40  2.61398e-13
      1135.60  9.49924e-14
      1136.80  2.07422e-13
      1138.00  9.09847e-14
      1139.20  1.99116e-13
      1140.40  1.98611e-13
      1141.60  4.63893e-13
      1142.80  2.72203e-13
      1144.00  4.12906e-13
      1145.20  4.49767e-13
      1146.20  6.97516e-13
      1147.40  5.76986e-13
      1148.60  8.67288e-13
      1149.80  8.69733e-13
      1151.00  3.37672e-13
      1152.20  3.64645e-13
      1153.40  3.72341e-13
      1154.60  3.52512e-13
      1155.80  3.55481e-13
      1157.00  4.69081e-13
      1158.00  5.33910e-13
      1159.20  4.83655e-13
      1160.40  6.89529e-13
      1161.60  1.01270e-12
      1162.80  7.05176e-13
      1164.00  4.92309e-13
      1165.20  4.52383e-13
      1166.40  5.08971e-13
      1167.60  4.67778e-13
      1168.80  5.05476e-13
      1169.80  5.13211e-13
      1171.00  6.76430e-13
      1172.20  1.11026e-12
      1173.40  1.60911e-12
      1174.60  1.79385e-12
      1175.80  1.80621e-12
      1177.00  1.34810e-12
      1178.20  9.08433e-13
      1179.40  6.70651e-13
      1180.60  5.44106e-13
      1181.60  4.74700e-13
      1182.80  4.31554e-13
      1184.00  4.68696e-13
      1185.20  4.34631e-13
      1186.40  4.03689e-13
      1187.60  4.78366e-13
      1188.80  4.61579e-13
      1190.00  4.38007e-13
      1191.20  4.62165e-13
      1192.40  4.62165e-13
      1193.40  4.62165e-13
      1194.60  4.62165e-13
      1195.80  4.62165e-13
      1197.00  4.62165e-13
      1198.20  4.62165e-13
      1199.40  4.62165e-13
      1200.91  4.62165e-13
      1202.61  4.62165e-13
      1204.41  4.60744e-13
      1206.11  2.70142e-12
      1207.91  4.60744e-13
      1209.61  4.60744e-13
      1211.41  4.60744e-13
      1213.11  1.18536e-12
      1214.91  1.48944e-11
      1216.61  1.65012e-11
      1218.41  1.92293e-12
      1220.11  4.62165e-13
      1221.91  4.62165e-13
      1223.61  4.62165e-13
      1225.41  4.62165e-13
      1227.11  4.62165e-13
      1228.91  4.62165e-13
      1231.20  4.81756e-13
      1232.40  4.93452e-13
      1233.60  5.03566e-13
      1234.80  4.88402e-13
      1236.00  5.77850e-13
      1237.20  6.37595e-13
      1238.40  5.95103e-13
      1239.40  6.15451e-13
      1240.60  6.29005e-13
      1241.80  6.15148e-13
      1243.00  5.65178e-13
      1244.20  5.96322e-13
      1245.40  6.10651e-13
      1246.60  6.18968e-13
      1247.80  6.40021e-13
      1249.00  5.67085e-13
      1250.20  5.42872e-13
      1251.20  5.23753e-13
      1252.40  5.02126e-13
      1253.60  4.99773e-13
      1254.80  4.86609e-13
      1256.00  5.58772e-13
      1257.20  5.18831e-13
      1258.40  4.73110e-13
      1259.60  4.77356e-13
      1260.80  5.10828e-13
      1262.00  5.85964e-13
      1263.00  5.57837e-13
      1264.20  5.54645e-13
      1265.40  5.17579e-13
      1266.60  5.34159e-13
      1267.80  5.81700e-13
      1269.00  5.58419e-13
      1270.20  5.42090e-13
      1271.40  5.06891e-13
      1272.60  5.13229e-13
      1273.80  5.80185e-13
      1274.80  5.66830e-13
      1276.00  5.13688e-13
      1277.20  5.42467e-13
      1278.40  5.16876e-13
      1279.60  5.80779e-13
      1280.80  5.16502e-13
      1282.00  5.49456e-13
      1283.20  5.41187e-13
      1284.40  5.37561e-13
      1285.60  5.75074e-13
      1286.60  5.81825e-13
      1287.80  6.25325e-13
      1289.00  5.73861e-13
      1290.20  6.74127e-13
      1291.40  5.90018e-13
      1292.60  6.14209e-13
      1293.80  6.53388e-13
      1295.00  7.15149e-13
      1296.20  7.81441e-13
      1297.40  8.41132e-13
      1298.40  8.10082e-13
      1299.60  7.18153e-13
      1300.80  7.65176e-13
      1302.00  7.59694e-13
      1303.20  8.00745e-13
      1304.40  6.84222e-13
      1305.60  6.08289e-13
      1306.80  6.21895e-13
      1308.00  5.81324e-13
      1309.20  5.15605e-13
      1310.20  5.89761e-13
      1311.40  6.57062e-13
      1312.60  5.80984e-13
      1313.80  5.74204e-13
      1315.00  5.62731e-13
      1316.20  5.71027e-13
      1317.40  5.66745e-13
      1318.60  5.14696e-13
      1319.80  5.83993e-13
      1320.80  5.24329e-13
      1322.00  5.39674e-13
      1323.20  5.80429e-13
      1324.40  5.89125e-13
      1325.60  5.86606e-13
      1326.80  5.79938e-13
      1328.00  5.18475e-13
      1329.20  5.96380e-13
      1330.40  5.90432e-13
      1331.60  6.35274e-13
      1332.60  8.44835e-13
      1333.80  9.83054e-13
      1335.00  1.07407e-12
      1336.20  1.06323e-12
      1337.40  9.64665e-13
      1338.60  7.62219e-13
      1339.80  6.15556e-13
      1341.00  5.01740e-13
      1342.20  5.75649e-13
      1343.40  5.97541e-13
      1344.40  5.42307e-13
      1345.60  5.80682e-13
      1346.80  5.30413e-13
      1348.00  5.62399e-13
      1349.20  5.16490e-13
      1350.40  4.75954e-13
      1351.60  5.15686e-13
      1352.80  5.29200e-13
      1354.00  5.60356e-13
      1355.20  5.95850e-13
      1356.20  5.59564e-13
      1357.40  5.11018e-13
      1358.60  5.10075e-13
      1359.80  5.20407e-13
      1361.00  5.28449e-13
      1362.20  5.11460e-13
      1363.40  5.40385e-13
      1364.60  5.69648e-13
      1365.80  5.82347e-13
      1367.00  5.58841e-13
      1368.00  5.32251e-13
      1369.20  5.48000e-13
      1370.40  5.03250e-13
      1371.60  5.36405e-13
      1372.80  6.17865e-13
      1374.00  5.57976e-13
      1375.20  5.15848e-13
      1376.40  4.73934e-13
      1377.60  5.36795e-13
      1378.80  5.49976e-13
      1379.80  4.95156e-13
      1381.00  5.39465e-13
      1382.20  5.84017e-13
      1383.40  4.94873e-13
      1384.60  5.10596e-13
      1385.80  5.28986e-13
      1387.00  5.27458e-13
      1388.20  5.83005e-13
      1389.40  6.35875e-13
      1390.60  7.55955e-13
      1391.60  9.81217e-13
      1392.80  1.21262e-12
      1394.00  1.24579e-12
      1395.20  1.12126e-12
      1396.40  8.54773e-13
      1397.60  6.88625e-13
      1398.80  7.13026e-13
      1400.00  8.06274e-13
      1401.20  9.75490e-13
      1402.40  9.81036e-13
      1403.40  9.56139e-13
      1404.60  9.29860e-13
      1405.80  7.02400e-13
      1407.00  5.94357e-13
      1408.20  5.53496e-13
      1409.40  6.00352e-13
      1410.60  5.14345e-13
      1411.80  4.98025e-13
      1413.00  5.41983e-13
      1414.00  5.54802e-13
      1415.20  5.50981e-13
      1416.40  5.74334e-13
      1417.60  5.68799e-13
      1418.80  5.67002e-13
      1420.00  5.22789e-13
      1421.20  5.15877e-13
      1422.40  5.71940e-13
      1423.60  5.46416e-13
      1424.80  5.54127e-13
      1425.80  5.43722e-13
      1427.00  5.12509e-13
      1428.20  5.27048e-13
      1429.40  5.36254e-13
      1430.60  5.57448e-13
      1431.80  5.38414e-13
      1433.00  5.90478e-13
      1434.20  5.28592e-13
      1435.40  5.07586e-13
      1436.60  5.17809e-13
      1437.60  5.17659e-13
      1438.80  5.14556e-13
      1440.00  5.18253e-13
      1441.20  4.97694e-13
      1442.40  5.21140e-13
      1443.60  5.37688e-13
      1444.80  5.60321e-13
      1446.00  5.42438e-13
      1447.20  5.45394e-13
      1448.40  5.38068e-13
      1449.40  5.41950e-13
      1450.60  5.88921e-13
      1451.80  5.48891e-13
      1453.00  5.07558e-13
      1454.20  5.08847e-13
      1455.40  5.46560e-13
      1456.60  5.47191e-13
      1457.80  5.86530e-13
      1459.00  5.61452e-13
      1460.20  5.39685e-13
      1461.20  5.48112e-13
      1462.40  5.63936e-13
      1463.60  5.25067e-13
      1464.80  5.46575e-13
      1466.00  5.91196e-13
      1467.20  5.67053e-13
      1468.40  5.86040e-13
      1469.60  6.13509e-13
      1470.80  5.89481e-13
      1472.00  5.51011e-13
      1473.00  5.67626e-13
      1474.20  5.97191e-13
      1475.40  5.75456e-13
      1476.60  5.88735e-13
      1477.80  5.93890e-13
      1479.00  5.55861e-13
      1480.20  5.81894e-13
      1481.40  6.18046e-13
      1482.60  5.64508e-13
      1483.80  5.78497e-13
      1484.80  6.20367e-13
      1486.00  6.02323e-13
      1487.20  6.48291e-13
      1488.40  6.02848e-13
      1489.60  6.28340e-13
      1490.80  5.79801e-13
      1492.00  5.85941e-13
      1493.20  5.93447e-13
      1494.40  6.23942e-13
      1495.60  6.22694e-13
      1496.60  6.10838e-13
      1497.80  6.23610e-13
      1499.00  6.27208e-13
      1500.20  6.42062e-13
      1501.40  6.41357e-13
      1502.60  6.45031e-13
      1503.80  5.78393e-13
      1505.00  5.86198e-13
      1506.20  5.70990e-13
      1507.40  5.80507e-13
      1508.40  5.64028e-13
      1509.60  5.52264e-13
      1510.80  5.76566e-13
      1512.00  5.96176e-13
      1513.20  5.52205e-13
      1514.40  5.06554e-13
      1515.60  5.10982e-13
      1516.80  5.06782e-13
      1518.00  5.57259e-13
      1519.00  6.19743e-13
      1520.20  5.84197e-13
      1521.40  5.72326e-13
      1522.60  5.87545e-13
      1523.80  6.04032e-13
      1525.00  6.64796e-13
      1526.20  6.00340e-13
      1527.40  5.67166e-13
      1528.60  6.26549e-13
      1529.80  6.63040e-13
      1530.80  6.23254e-13
      1532.00  6.06831e-13
      1533.20  5.93674e-13
      1534.40  6.27809e-13
      1535.60  5.82133e-13
      1536.80  5.82133e-13
      1538.00  5.82133e-13
      1539.20  5.82133e-13
      1540.40  5.82133e-13
      1541.60  5.82133e-13
      1542.60  5.82133e-13
      1543.80  5.82133e-13
      1545.00  5.82133e-13
      1546.20  6.45124e-13
      1547.40  7.61764e-13
      1548.60  8.11634e-13
      1549.80  8.10928e-13
      1551.00  7.60365e-13
      1552.20  7.05007e-13
      1553.40  5.83187e-13
      1554.40  5.82133e-13
      1555.60  5.82133e-13
      1556.80  5.82133e-13
      1558.00  5.82133e-13
      1559.20  5.82133e-13
      1560.40  5.82133e-13
      1561.60  5.82133e-13
      1562.80  5.82133e-13
      1564.00  5.82133e-13
      1565.20  6.38925e-13
      1566.20  6.49965e-13
      1567.40  6.41765e-13
      1568.60  6.15603e-13
      1569.80  6.18536e-13
      1571.00  6.04563e-13
      1572.20  5.57153e-13
      1573.40  5.94310e-13
      1574.60  5.77380e-13
      1575.80  6.06855e-13
      1577.00  6.24386e-13
      1578.00  6.50058e-13
      1579.20  6.34078e-13
      1580.40  6.69502e-13
      1581.60  6.36219e-13
      1582.80  6.09718e-13
      1584.00  6.10739e-13
      1585.20  6.16017e-13
      1586.40  6.29360e-13
      1587.60  5.90548e-13
      1588.80  6.04417e-13
      1589.80  5.95377e-13
      1591.00  5.92123e-13
      1592.20  5.95634e-13
      1593.40  5.93610e-13
      1594.60  6.23283e-13
      1595.80  6.25680e-13
      1597.00  6.05601e-13
      1598.20  5.75148e-13
      1599.40  5.93225e-13
      1600.60  5.97168e-13
      1601.60  5.57286e-13
      1602.80  6.09567e-13
      1604.00  6.08972e-13
      1605.20  5.80019e-13
      1606.40  5.65315e-13
      1607.60  5.89691e-13
      1608.80  6.46798e-13
      1610.00  5.96777e-13
      1611.20  5.69046e-13
      1612.40  5.54055e-13
      1613.40  5.67164e-13
      1614.60  6.06977e-13
      1615.80  5.81945e-13
      1617.00  5.31664e-13
      1618.20  5.41302e-13
      1619.40  5.91925e-13
      1620.60  6.25412e-13
      1621.80  6.09537e-13
      1623.00  5.82307e-13
      1624.00  5.91901e-13
      1625.20  5.74314e-13
      1626.40  5.68882e-13
      1627.60  5.85247e-13
      1628.80  5.51058e-13
      1630.00  5.59983e-13
      1631.20  5.82018e-13
      1632.40  5.91604e-13
      1633.60  6.09613e-13
      1634.80  6.44395e-13
      1635.80  6.55628e-13
      1637.00  6.55039e-13
      1638.20  7.88382e-13
      1639.40  8.24178e-13
      1640.60  8.61900e-13
      1641.80  8.54604e-13
      1643.00  7.60930e-13
      1644.20  6.71252e-13
      1645.40  5.99518e-13
      1646.60  5.90000e-13
      1647.60  5.91161e-13
      1648.80  6.01752e-13
      1650.00  5.31337e-13
      1651.20  5.39453e-13
      1652.40  6.03927e-13
      1653.60  5.83218e-13
      1654.80  6.02953e-13
      1656.00  6.45801e-13
      1657.20  6.78775e-13
      1658.40  6.81230e-13
      1659.40  6.59868e-13
      1660.60  6.26357e-13
      1661.80  6.16063e-13
      1663.00  6.12774e-13
      1664.20  5.88560e-13
      1665.40  6.06604e-13
      1666.60  5.97115e-13
      1667.80  5.76792e-13
      1669.00  5.76815e-13
      1670.20  5.45108e-13
      1671.20  5.62126e-13
      1672.40  5.88472e-13
      1673.60  5.96538e-13
      1674.80  6.03933e-13
      1676.00  5.82333e-13
      1677.20  5.81718e-13
      1678.40  5.90513e-13
      1679.60  5.44017e-13
      1680.80  5.56978e-13
      1682.00  5.80945e-13
      1683.00  5.75587e-13
      1684.20  5.64765e-13
      1685.40  5.48838e-13
      1686.60  5.29665e-13
      1687.80  5.65457e-13
      1689.00  5.92082e-13
      1690.20  5.69187e-13
      1691.40  5.78138e-13
      1692.60  5.94572e-13
      1693.80  6.04708e-13
      1694.80  6.32690e-13
      1696.00  5.98818e-13
      1697.20  5.62653e-13
      1698.40  5.82178e-13
      1699.60  5.98707e-13
      1700.80  5.84133e-13
      1702.00  5.94905e-13
      1703.20  5.56157e-13
      1704.40  5.53567e-13
      1705.60  5.70016e-13
      1706.60  5.71326e-13
      1707.80  5.68934e-13
      1709.00  5.40432e-13
      1710.20  5.47424e-13
      1711.40  5.79677e-13
      1712.60  5.92420e-13
      1713.80  5.81754e-13
      1715.00  5.95494e-13
      1716.20  5.99291e-13
      1717.40  5.76552e-13
      1718.40  6.05058e-13
      1719.60  6.32865e-13
      1720.80  6.12978e-13
      1722.00  5.86215e-13
      1723.20  5.58197e-13
      1724.40  5.62321e-13
      1725.60  5.88635e-13
      1726.80  5.79877e-13
      1728.00  5.77703e-13
      1729.00  5.87726e-13
      1730.20  5.71768e-13
      1731.40  5.73334e-13
      1732.60  5.53051e-13
      1733.80  5.48903e-13
      1735.00  5.63536e-13
      1736.20  5.91948e-13
      1737.40  5.92520e-13
      1738.60  5.80661e-13
      1739.80  5.95564e-13
      1740.80  5.84716e-13
      1742.00  5.63301e-13
      1743.20  5.61695e-13
      1744.40  5.73795e-13
      1745.60  5.80805e-13
      1746.80  6.05653e-13
      1748.00  6.26094e-13
      1749.20  6.09018e-13
      1750.40  6.04440e-13
      1751.60  6.05595e-13
      1752.60  5.89038e-13
      1753.80  6.09269e-13
      1755.00  6.19160e-13
      1756.20  6.11864e-13
      1757.40  6.19907e-13
      1758.60  6.15585e-13
      1759.80  5.83702e-13
      1761.00  5.63633e-13
      1762.20  6.02020e-13
      1763.40  6.23995e-13
      1764.40  6.14355e-13
      1765.60  5.92356e-13
      1766.80  6.11112e-13
      1768.00  6.15445e-13
      1769.20  6.02434e-13
      1770.40  5.98521e-13
      1771.60  5.87906e-13
      1772.80  5.98701e-13
      1774.00  6.11911e-13
      1775.20  6.18186e-13
      1776.20  6.20846e-13
      1777.40  6.13626e-13
      1778.60  6.01028e-13
      1779.80  5.99570e-13
      1781.00  5.84401e-13
      1782.20  6.02796e-13
      1783.40  6.06872e-13
      1784.60  6.18845e-13
      1785.80  6.21184e-13
      1787.00  6.14244e-13
      1788.00  5.80164e-13
      1789.20  5.50998e-13
      1790.40  4.95624e-13
      1791.60  4.21077e-13
      1792.80  3.92257e-13
      1794.00  4.35666e-13
      1795.20  4.91828e-13
      1796.40  5.33467e-13
      1797.60  5.65810e-13
      1798.80  5.84798e-13
      1799.80  5.83626e-13
      1801.00  6.01413e-13
      1802.20  6.03589e-13
      1803.40  6.00801e-13
      1804.60  5.89831e-13
      1805.80  6.10546e-13
      1807.00  6.14728e-13
      1808.20  6.23884e-13
      1809.40  6.15206e-13
      1810.60  6.10593e-13
      1811.60  5.91557e-13
      1812.80  5.82319e-13
      1814.00  5.84512e-13
      1815.20  5.97308e-13
      1816.40  5.99570e-13
      1817.60  6.25709e-13
      1818.80  6.13311e-13
      1820.00  6.01717e-13
      1821.20  5.83725e-13
      1822.40  5.82549e-13
      1823.40  5.86110e-13
      1824.60  5.95500e-13
      1825.80  5.99034e-13
      1827.00  6.06353e-13
      1828.20  6.03758e-13
      1829.40  5.89726e-13
      1830.60  5.71544e-13
      1831.80  5.69922e-13
      1833.00  5.55686e-13
      1834.00  5.52398e-13
      1835.20  5.55420e-13
      1836.40  5.64992e-13
      1837.60  5.63865e-13
      1838.80  5.65286e-13
      1840.00  5.69488e-13
      1841.20  5.61906e-13
      1842.40  5.72260e-13
      1843.60  5.76966e-13
      1844.80  5.63253e-13
      1845.80  5.65365e-13
      1847.00  5.69391e-13
      1848.20  5.77612e-13
      1849.40  5.68310e-13
      1850.60  5.85725e-13
      1851.80  5.94981e-13
      1853.00  6.05111e-13
      1854.20  6.02451e-13
      1855.40  6.02317e-13
      1856.60  5.97296e-13
      1857.60  6.06767e-13
      1858.80  6.10558e-13
      1860.00  6.09292e-13
      1861.20  6.02825e-13
      1862.40  6.09584e-13
      1863.60  5.93651e-13
      1864.80  5.98719e-13
      1866.00  5.84366e-13
      1867.20  5.67259e-13
      1868.40  5.46282e-13
      1869.40  5.63798e-13
      1870.60  5.58462e-13
      1871.80  5.73222e-13
      1873.00  5.70812e-13
      1874.20  5.70416e-13
      1875.40  5.61529e-13
      1876.60  5.64988e-13
      1877.80  5.51038e-13
      1879.00  5.50269e-13
      1880.20  5.50716e-13
      1881.20  5.66999e-13
      1882.40  5.63452e-13
      1883.60  5.71889e-13
      1884.80  5.56783e-13
      1886.00  5.61504e-13
      1887.20  5.55777e-13
      1888.40  5.68363e-13
      1889.60  5.58531e-13
      1890.80  5.68859e-13
      1892.00  5.72248e-13
      1893.00  5.81957e-13
      1894.20  5.76561e-13
      1895.40  5.78638e-13
      1896.60  5.76775e-13
      1897.80  5.74206e-13
      1899.00  5.65188e-13
      1900.20  5.69410e-13
      1901.40  5.64165e-13
      1902.60  5.61164e-13
      1903.80  5.47568e-13
      1904.80  5.47352e-13
      1906.00  5.44523e-13
      1907.20  5.60487e-13
      1908.40  5.62333e-13
      1909.60  5.68058e-13
      1910.80  5.61124e-13
      1912.00  5.64974e-13
      1913.20  5.66551e-13
      1914.40  5.70793e-13
      1915.60  5.69397e-13
      1916.60  5.78442e-13
      1917.80  5.65975e-13
      1919.00  5.61030e-13
      1920.20  5.49050e-13
      1921.40  5.51400e-13
      1922.60  5.62868e-13
      1923.80  5.67342e-13
      1925.00  5.59390e-13
      1926.20  5.68705e-13
      1927.40  5.82558e-13
      1928.40  5.85025e-13
      1929.60  5.86244e-13
      1930.80  5.80266e-13
      1932.00  5.70719e-13
      1933.20  5.72080e-13
      1934.40  5.55952e-13
      1935.60  5.61489e-13
      1936.80  5.48290e-13
      1938.00  5.51900e-13
      1939.00  5.47577e-13
      1940.20  5.56982e-13
      1941.40  5.52196e-13
      1942.60  5.51050e-13
      1943.80  5.47444e-13
      1945.00  5.41494e-13
      1946.20  5.43142e-13
      1947.40  5.42055e-13
      1948.60  5.44989e-13
      1949.80  5.45657e-13
      1950.80  5.48188e-13
      1952.00  5.57900e-13
      1953.20  5.60117e-13
      1954.40  5.68752e-13
      1955.60  5.70230e-13
      1956.80  5.73572e-13
      1958.00  5.61832e-13
      1959.20  5.64736e-13
      1960.40  5.66020e-13
      1961.60  5.64774e-13
      1962.60  5.62890e-13
      1963.80  5.64711e-13
      1965.00  5.62186e-13
      1966.20  5.50553e-13
      1967.40  5.40567e-13
      1968.60  5.35676e-13
      1969.80  5.40460e-13
      1971.00  5.39777e-13
      1972.20  5.31443e-13
      1973.40  5.33055e-13
      1974.40  5.34455e-13
      1975.60  5.42496e-13
      1976.80  5.44848e-13
      1978.00  5.50587e-13
      1979.20  5.48511e-13
      1980.40  5.50600e-13
      1981.60  5.53008e-13
      1982.80  5.66265e-13
      2000.40  5.33019e-13
      2002.20  5.32340e-13
      2004.20  5.23978e-13
      2006.00  5.24537e-13
      2009.80  5.23017e-13
      2011.60  5.00264e-13
      2013.60  4.92593e-13
      2015.40  5.02617e-13
      2017.20  5.04863e-13
      2019.20  5.16985e-13
      2021.00  5.14317e-13
      2022.80  4.95577e-13
      2024.80  4.87397e-13
      2026.60  4.86825e-13
      2028.40  5.10239e-13
      2030.40  4.92074e-13
      2032.20  4.78852e-13
      2034.00  4.88975e-13
      2036.00  4.98516e-13
      2037.80  5.13362e-13
      2039.60  5.34048e-13
      2041.60  5.30679e-13
      2043.40  5.26354e-13
      2045.40  5.46155e-13
      2047.20  5.45778e-13
      2049.00  5.41253e-13
      2051.00  5.67614e-13
      2052.80  5.77654e-13
      2054.60  5.58223e-13
      2056.60  5.46428e-13
      2058.40  5.51613e-13
      2060.20  5.71375e-13
      2062.20  5.92490e-13
      2064.00  5.91814e-13
      2065.80  5.78032e-13
      2067.80  5.61465e-13
      2069.60  5.57204e-13
      2071.40  5.44685e-13
      2073.40  5.58850e-13
      2075.20  5.57988e-13
      2077.00  5.38035e-13
      2079.00  5.18311e-13
      2080.80  5.10765e-13
      2082.60  5.21821e-13
      2084.60  5.04239e-13
      2086.40  4.81896e-13
      2088.40  4.72617e-13
      2090.20  4.51329e-13
      2092.00  4.50987e-13
      2094.00  4.91179e-13
      2095.80  5.24288e-13
      2097.60  5.16287e-13
      2099.60  5.03270e-13
      2101.40  5.04493e-13
      2103.20  5.16492e-13
      2105.20  5.50372e-13
      2107.00  5.69605e-13
      2108.80  5.95902e-13
      2110.80  6.23972e-13
      2112.60  6.40243e-13
      2114.40  6.30439e-13
      2116.40  6.39875e-13
      2118.20  6.59745e-13
      2120.00  6.82840e-13
      2122.00  6.84618e-13
      2123.80  6.87214e-13
      2125.60  7.14828e-13
      2127.60  7.17388e-13
      2129.40  7.26702e-13
      2131.40  7.38104e-13
      2133.20  7.14204e-13
      2135.00  6.94819e-13
      2137.00  6.94632e-13
      2138.80  6.92066e-13
      2140.60  7.00347e-13
      2142.60  6.94906e-13
      2144.40  6.73713e-13
      2146.20  6.64941e-13
      2148.20  6.69035e-13
      2150.00  6.65215e-13
      2151.80  6.53861e-13
      2153.80  6.44115e-13
      2155.60  6.47119e-13
      2157.40  6.71596e-13
      2159.40  6.95787e-13
      2161.20  6.83102e-13
      2163.00  6.70528e-13
      2165.00  6.61909e-13
      2166.80  6.72237e-13
      2168.60  6.75060e-13
      2170.60  6.78040e-13
      2172.40  6.83855e-13
      2174.40  6.69461e-13
      2176.20  6.60387e-13
      2178.00  6.56403e-13
      2180.00  6.46547e-13
      2181.80  6.47871e-13
      2183.60  6.41526e-13
      2185.60  6.41788e-13
      2187.40  6.34224e-13
      2189.20  6.28013e-13
      2191.20  6.20344e-13
      2193.00  6.26124e-13
      2194.80  6.16827e-13
      2196.80  5.96480e-13
      2198.60  5.63939e-13
      2200.40  5.79617e-13
      2202.40  6.87663e-13
      2204.20  4.45269e-13
      2206.00  1.15484e-12
      2208.00  1.09502e-12
      2209.80  4.57229e-13
      2211.80  7.90650e-13
      2213.60  9.86197e-13
      2215.40  5.21418e-13
      2217.40  3.98865e-13
      2219.20  7.50736e-13
      2221.00  9.30204e-13
      2223.00  6.89132e-13
      2224.80  7.94668e-13
      2226.60  7.42000e-13
      2228.60  6.83277e-13
      2230.40  9.80808e-13
      2232.20  6.02300e-13
      2234.20  9.31610e-13
      2236.00  1.12868e-12
      2237.80  9.40107e-13
      2239.80  6.14460e-13
      2241.60  7.91956e-13
      2243.40  8.58575e-13
      2245.40  9.12376e-13
      2247.20  8.67988e-13
      2249.00  7.69935e-13
      2251.00  1.09367e-12
      2252.80  1.22729e-12
      2254.80  1.46034e-12
      2256.60  1.13670e-12
      2258.40  1.01817e-12
      2260.40  1.60236e-12
      2262.20  1.51877e-12
      2264.00  1.16404e-12
      2266.00  9.92828e-13
      2267.80  1.18339e-12
      2269.60  1.31776e-12
      2271.60  1.21208e-12
      2273.40  7.71031e-13
      2275.20  1.00205e-12
      2277.20  1.38345e-12
      2279.00  1.16970e-12
      2280.80  1.05882e-12
      2282.80  1.19060e-12
      2284.60  5.91674e-13
      2286.40  8.78037e-13
      2288.40  1.16799e-12
      2290.20  7.90393e-13
      2292.00  7.73446e-13
      2294.00  1.07484e-12
      2295.80  1.08273e-12
      2297.80  1.05335e-12
      2299.60  1.40129e-12
      2301.40  1.53643e-12
      2303.40  1.27861e-12
      2305.20  9.32403e-13
      2307.00  8.16696e-13
      2309.00  6.65262e-13
      2310.80  9.45064e-13
      2312.60  7.43440e-13
      2314.60  8.89322e-13
      2316.40  1.03620e-12
      2318.20  9.85777e-13
      2320.20  1.25433e-12
      2322.00  9.96444e-13
      2323.80  9.04182e-13
      2325.80  1.17065e-12
      2327.60  1.55846e-12
      2329.40  1.54908e-12
      2331.40  1.50798e-12
      2333.20  1.79903e-12
      2335.00  1.52020e-12
      2337.00  1.37320e-12
      2338.80  1.86562e-12
      2340.80  2.01710e-12
      2342.60  1.96333e-12
      2344.40  2.19938e-12
      2346.40  2.20552e-12
      2348.20  1.86527e-12
      2350.00  2.00225e-12
      2352.00  1.92463e-12
      2353.80  1.32444e-12
      2355.60  1.48983e-12
      2357.60  1.61856e-12
      2359.40  1.94919e-12
      2361.20  2.37670e-12
      2363.20  2.11029e-12
      2365.00  2.14777e-12
      2366.80  2.09250e-12
      2368.80  2.17392e-12
      2370.60  1.94723e-12
      2372.40  1.60399e-12
      2374.40  1.48504e-12
      2376.20  1.55802e-12
      2378.00  2.22577e-12
      2380.00  2.72501e-12
      2381.80  3.03255e-12
      2383.80  2.93580e-12
      2385.60  2.86990e-12
      2387.40  2.14153e-12
      2389.40  1.82293e-12
      2391.20  1.74002e-12
      2393.00  2.13049e-12
      2395.00  2.51090e-12
      2396.80  2.32507e-12
      2398.60  2.40863e-12
      2400.60  2.43460e-12
      2402.40  2.38020e-12
      2404.20  2.50727e-12
      2406.20  2.41703e-12
      2408.00  2.70359e-12
      2409.80  3.18132e-12
      2411.80  2.52486e-12
      2413.60  2.29530e-12
      2415.40  1.90379e-12
      2417.40  1.18533e-12
      2419.20  1.24870e-12
      2421.00  1.46670e-12
      2423.00  1.53073e-12
      2424.80  1.59247e-12
      2426.80  1.72248e-12
      2428.60  1.77678e-12
      2430.40  1.88494e-12
      2432.40  1.84124e-12
      2434.20  1.68339e-12
      2436.00  1.99323e-12
      2438.00  1.84017e-12
      2439.80  1.88380e-12
      2441.60  1.73350e-12
      2443.60  1.54079e-12
      2445.40  1.80333e-12
      2447.20  1.95229e-12
      2449.20  1.94774e-12
      2451.00  1.75754e-12
      2452.80  1.66888e-12
      2454.80  1.63291e-12
      2456.60  1.76596e-12
      2458.40  1.81748e-12
      2460.40  1.84573e-12
      2462.20  1.91462e-12
      2464.00  1.89777e-12
      2466.00  1.97214e-12
      2467.80  2.10185e-12
      2469.80  1.95384e-12
      2471.60  2.01076e-12
      2473.40  1.78213e-12
      2475.40  1.95138e-12
      2477.20  2.08315e-12
      2479.00  2.23733e-12
      2481.00  2.51810e-12
      2482.80  2.14867e-12
      2484.60  1.85572e-12
      2486.60  1.99483e-12
      2488.40  1.99098e-12
      2490.20  1.95580e-12
      2492.20  2.36605e-12
      2494.00  2.01820e-12
      2495.80  1.67406e-12
      2497.80  1.81366e-12
      2499.60  1.63403e-12
      2501.40  1.67213e-12
      2503.40  1.61801e-12
      2505.20  2.06405e-12
      2507.20  2.32142e-12
      2509.00  2.12765e-12
      2510.80  1.77349e-12
      2512.80  1.88950e-12
      2514.60  2.09708e-12
      2516.40  2.19104e-12
      2518.40  1.93815e-12
      2520.20  2.06691e-12
      2522.00  2.30294e-12
      2524.00  2.54735e-12
      2525.80  2.83912e-12
      2527.60  2.70758e-12
      2529.60  2.94644e-12
      2531.40  2.96960e-12
      2533.20  2.61409e-12
      2535.20  2.39110e-12
      2537.00  2.85522e-12
      2538.80  3.03408e-12
      2540.80  2.83086e-12
      2542.60  2.47183e-12
      2544.40  2.39604e-12
      2546.40  2.42060e-12
      2548.20  2.56288e-12
      2550.20  2.58764e-12
      2552.00  2.33832e-12
      2553.80  1.81971e-12
      2555.80  1.68847e-12
      2557.60  1.75602e-12
      2559.40  1.81216e-12
      2561.40  1.90279e-12
      2563.20  1.76410e-12
      2565.00  1.94258e-12
      2567.00  1.89385e-12
      2568.80  1.77099e-12
      2570.60  1.94474e-12
      2572.60  2.22499e-12
      2574.40  2.08319e-12
      2576.20  1.86773e-12
      2578.20  1.76248e-12
      2580.00  1.64830e-12
      2581.80  1.84033e-12
      2583.80  2.29438e-12
      2585.60  2.49268e-12
      2587.40  2.20672e-12
      2589.40  1.96740e-12
      2591.20  1.94708e-12
      2593.20  2.04775e-12
      2595.00  2.23582e-12
      2596.80  2.43551e-12
      2598.80  2.60958e-12
      2600.60  2.65134e-12
      2602.40  2.32629e-12
      2604.40  2.39051e-12
      2606.20  2.74289e-12
      2608.00  2.84697e-12
      2610.00  3.06765e-12
      2611.80  3.08054e-12
      2613.60  2.68008e-12
      2615.60  3.21598e-12
      2617.40  2.68711e-12
      2619.20  2.64498e-12
      2621.20  2.69557e-12
      2623.00  2.81766e-12
      2624.80  2.84185e-12
      2626.80  2.99958e-12
      2628.60  3.14348e-12
      2630.40  3.17703e-12
      2632.40  3.01487e-12
      2634.20  2.18741e-12
      2636.20  1.66775e-12
      2638.00  1.62089e-12
      2639.80  1.63946e-12
      2641.80  1.49566e-12
      2643.60  1.53228e-12
      2645.40  1.38073e-12
      2647.40  1.33737e-12
      2649.20  1.30541e-12
      2651.00  1.37184e-12
      2653.00  1.48592e-12
      2654.80  1.57642e-12
      2656.60  1.56338e-12
      2658.60  1.51395e-12
      2660.40  1.61152e-12
      2662.20  1.89234e-12
      2664.20  2.12923e-12
      2666.00  1.92196e-12
      2667.80  1.79076e-12
      2669.80  1.82604e-12
      2671.60  1.99335e-12
      2673.40  1.76845e-12
      2675.40  1.59484e-12
      2677.20  1.65563e-12
      2679.20  1.84797e-12
      2681.00  1.92686e-12
      2682.80  1.68807e-12
      2684.80  1.66905e-12
      2686.60  1.93446e-12
      2688.40  1.93788e-12
      2690.40  1.85691e-12
      2692.20  1.93421e-12
      2694.00  1.88717e-12
      2696.00  1.89370e-12
      2697.80  2.08352e-12
      2699.60  1.87240e-12
      2701.60  1.94616e-12
      2703.40  2.12778e-12
      2705.20  2.23721e-12
      2707.20  2.10855e-12
      2709.00  2.12635e-12
      2710.80  2.13076e-12
      2712.80  2.39234e-12
      2714.60  2.33349e-12
      2716.40  2.17712e-12
      2718.40  2.08744e-12
      2720.20  2.12110e-12
      2722.20  2.28753e-12
      2724.00  2.17338e-12
      2725.80  2.31697e-12
      2727.80  2.59539e-12
      2729.60  2.60895e-12
      2731.40  2.56926e-12
      2733.40  2.66143e-12
      2735.20  2.74426e-12
      2737.00  3.11556e-12
      2739.00  3.20389e-12
      2740.80  3.10870e-12
      2742.60  2.94413e-12
      2744.60  3.17248e-12
      2746.40  3.25961e-12
      2748.20  3.14657e-12
      2750.20  2.97804e-12
      2752.00  3.12696e-12
      2753.80  3.03714e-12
      2755.80  2.87028e-12
      2757.60  2.79744e-12
      2759.40  2.76156e-12
      2761.40  2.76870e-12
      2763.20  2.66353e-12
      2765.20  2.90508e-12
      2767.00  2.61004e-12
      2768.80  2.77512e-12
      2770.80  2.44693e-12
      2772.60  2.36624e-12
      2774.40  2.36490e-12
      2776.40  2.24726e-12
      2778.20  2.31795e-12
      2780.00  2.54493e-12
      2782.00  2.55858e-12
      2783.80  2.37464e-12
      2785.60  2.39142e-12
      2787.60  2.62740e-12
      2789.40  2.90618e-12
      2791.10  2.57164e-12
      2791.20  2.57164e-12
      2792.90  2.57164e-12
      2793.20  2.57164e-12
      2794.60  2.64167e-12
      2795.00  2.64167e-12
      2796.40  6.01600e-12
      2796.80  2.64167e-12
      2798.10  2.64167e-12
      2798.80  2.64167e-12
      2799.90  2.64167e-12
      2800.60  2.64167e-12
      2801.60  2.64167e-12
      2802.40  2.64167e-12
      2803.40  4.80663e-12
      2804.40  2.64167e-12
      2805.10  2.64167e-12
      2806.20  2.57164e-12
      2806.90  2.57164e-12
      2808.20  2.57164e-12
      2808.60  2.57164e-12
      2810.00  2.25541e-12
      2811.80  2.16154e-12
      2813.80  2.07281e-12
      2815.60  2.03007e-12
      2817.40  1.87128e-12
      2819.40  2.26920e-12
      2821.20  2.26483e-12
      2823.00  2.25269e-12
      2825.00  2.23196e-12
      2826.80  2.22032e-12
      2828.60  2.21299e-12
      2830.60  2.19728e-12
      2832.40  2.13079e-12
      2834.20  2.04300e-12
      2836.20  1.97712e-12
      2838.00  1.96626e-12
      2839.80  1.98683e-12
      2841.80  2.02110e-12
      2843.60  2.05079e-12
      2845.40  2.06794e-12
      2847.40  2.06778e-12
      2849.20  2.06471e-12
      2851.20  2.06841e-12
      2853.00  2.06831e-12
      2854.80  2.07088e-12
      2856.80  2.07213e-12
      2858.60  2.07227e-12
      2860.40  2.06341e-12
      2862.40  2.06642e-12
      2864.20  2.07063e-12
      2866.00  2.05506e-12
      2868.00  2.03665e-12
      2869.80  2.04268e-12
      2871.60  2.10456e-12
      2873.60  2.18651e-12
      2875.40  2.24593e-12
      2877.20  2.25971e-12
      2879.20  2.23985e-12
      2881.00  2.20772e-12
      2882.80  2.22469e-12
      2884.80  2.00035e-12
      2886.60  2.03130e-12
      2888.40  2.05184e-12
      2890.40  2.06480e-12
      2892.20  1.95011e-12
      2894.20  1.89434e-12
      2896.00  1.93274e-12
      2897.80  1.84928e-12
      2899.80  1.93459e-12
      2901.60  1.81908e-12
      2903.40  1.65476e-12
      2905.40  1.64940e-12
      2907.20  1.77153e-12
      2909.00  1.89389e-12
      2911.00  1.93404e-12
      2912.80  1.82998e-12
      2914.60  1.94742e-12
      2916.60  1.95858e-12
      2918.40  1.95706e-12
      2920.20  1.88664e-12
      2922.20  2.11103e-12
      2924.00  2.32654e-12
      2925.80  2.45728e-12
      2927.80  2.52239e-12
      2929.60  2.46616e-12
      2931.40  2.30250e-12
      2933.40  2.27479e-12
      2935.20  2.34445e-12
      2937.20  2.24002e-12
      2939.00  2.35637e-12
      2940.80  2.37217e-12
      2942.80  2.33425e-12
      2944.60  2.34985e-12
      2946.40  2.36876e-12
      2948.40  2.36282e-12
      2950.20  2.38207e-12
      2952.00  2.35186e-12
      2954.00  2.36656e-12
      2955.80  2.21890e-12
      2957.60  2.28505e-12
      2959.60  2.33049e-12
      2961.40  2.40557e-12
      2963.20  2.38585e-12
      2965.20  2.29849e-12
      2967.00  2.31558e-12
      2968.80  2.19980e-12
      2970.80  2.32293e-12
      2972.60  2.26656e-12
      2974.40  2.28109e-12
      2976.40  2.25507e-12
      2978.20  2.14294e-12
      2980.20  2.15585e-12
      2982.00  2.41710e-12
      2983.80  2.47357e-12
      2985.80  2.31160e-12
      2987.60  2.10580e-12
      2989.40  1.91088e-12
      2991.40  1.90689e-12
      2993.20  1.90333e-12
      2995.00  1.89405e-12
      2997.00  1.97053e-12
      2998.80  2.23376e-12
      3000.60  2.28428e-12
      3002.60  2.21905e-12
      3004.40  2.10336e-12
      3006.20  1.79819e-12
      3008.20  1.67855e-12
      3010.00  1.57591e-12
      3011.80  1.64731e-12
      3013.80  1.85437e-12
      3015.60  1.99764e-12
      3017.40  2.03618e-12
      3019.40  1.97570e-12
      3021.20  2.03981e-12
      3023.20  2.04304e-12
      3025.00  2.10519e-12
      3026.80  2.07774e-12
      3028.80  2.05383e-12
      3030.60  1.95034e-12
      3032.40  1.93367e-12
      3034.40  2.03678e-12
      3036.20  2.04229e-12
      3038.00  2.08444e-12
      3040.00  2.05924e-12
      3041.80  2.01368e-12
      3043.60  1.96215e-12
      3045.60  1.92434e-12
      3047.40  1.89257e-12
      3049.20  1.91558e-12
      3051.20  1.98555e-12
      3053.00  2.07284e-12
      3054.80  2.12978e-12
      3056.80  2.04022e-12
      3058.60  1.99853e-12
      3060.40  1.97871e-12
      3062.40  2.04444e-12
      3064.20  2.15827e-12
      3066.20  2.12958e-12
      3068.00  2.17065e-12
      3069.80  2.13500e-12
      3071.80  2.11896e-12
      3073.60  2.04599e-12
      3075.40  1.98676e-12
      3077.40  1.94602e-12
      3079.20  2.05927e-12
      3081.00  2.03557e-12
      3083.00  1.94063e-12
      3084.80  1.86654e-12
      3086.60  1.78433e-12
      3088.60  1.89545e-12
      3090.40  2.11909e-12
      3092.20  2.36944e-12
      3094.20  2.38317e-12
      3096.00  2.33553e-12
      3097.80  2.30832e-12
      3099.80  2.27296e-12
      3101.60  2.23387e-12
      3103.40  2.15593e-12
      3105.40  2.10668e-12
      3107.20  2.12112e-12
      3109.20  2.16878e-12
      3111.00  2.10546e-12
      3112.80  1.91926e-12
      3114.80  1.97243e-12
      3116.60  1.95271e-12
      3118.40  1.96701e-12
      3120.40  1.86121e-12
      3122.20  1.81243e-12
      3124.00  1.83882e-12
      3126.00  1.85754e-12
      3127.80  1.76354e-12
      3129.60  1.75926e-12
      3131.60  1.71559e-12
      3133.40  1.74790e-12
      3135.20  1.70529e-12
      3137.20  1.61045e-12
      3139.00  1.60799e-12
      3140.80  1.53782e-12
      3142.80  1.53871e-12
      3144.60  1.52033e-12
      3146.40  1.43019e-12
      3148.40  1.55923e-12
      3150.20  1.79553e-12
      3152.20  2.07171e-12
      3154.00  2.15182e-12
      3155.80  1.99337e-12
      3157.80  2.09600e-12
      3159.60  2.03263e-12
      3161.40  1.94291e-12
      3163.40  1.81715e-12
      3165.20  1.75988e-12
      3167.00  1.72200e-12
      3169.00  1.83675e-12
      3170.80  1.83166e-12
      3172.60  1.82354e-12
      3174.60  1.87213e-12
      3176.40  2.04861e-12
      3178.20  2.24134e-12
      3180.20  2.25925e-12
      3182.00  2.32990e-12
      3183.80  2.16196e-12
      3185.80  1.99056e-12
      3187.60  2.04076e-12
      3189.40  1.99846e-12
      3191.40  2.15337e-12
      3193.20  2.04859e-12
      3195.20  2.01053e-12
      3197.00  1.84611e-12
      3198.80  1.78859e-12
      3200.80  1.86374e-12
      3202.60  1.92877e-12
      3204.40  1.98946e-12
      3206.40  1.95501e-12
      3208.20  1.84955e-12
      3210.00  1.78477e-12
      3212.00  1.72219e-12
      3213.80  1.71523e-12
      3215.60  1.81231e-12
      3217.60  1.82725e-12
      3219.40  1.71321e-12
      3221.20  1.72773e-12
      3223.20  1.78841e-12
      3225.00  1.94382e-12
      3226.80  2.05995e-12
      3228.80  2.06620e-12
      3230.60  2.06201e-12
      3232.40  1.99633e-12
      3234.40  1.94795e-12
      3236.20  1.73063e-12
      3238.20  1.69571e-12
      3240.00  1.61008e-12
      3241.80  1.75293e-12
      3243.80  1.89064e-12
      3245.60  1.97518e-12
      3247.40  1.95309e-12
      3249.40  1.93731e-12
      3251.20  2.14008e-12
      3253.00  2.34000e-12
      3255.00  2.66160e-12
      3256.80  2.69519e-12
      3258.60  2.48892e-12
      3260.60  2.50071e-12
      3262.40  2.63053e-12
      3264.20  2.64012e-12
      3266.20  2.72255e-12
      3268.00  2.96526e-12
      3269.80  3.16293e-12
      3271.80  3.22851e-12
      3273.60  2.91420e-12
      3275.40  2.70030e-12
      3277.40  2.84424e-12
      3279.20  2.66268e-12
      3281.20  2.51457e-12
      3283.00  2.52948e-12
      3284.80  2.56826e-12
      3286.80  2.65686e-12
      3288.60  2.64901e-12
      3290.40  2.63553e-12
      3292.40  2.78071e-12
      3294.20  2.89051e-12
      3296.00  3.04174e-12
      3298.00  3.04225e-12
      3299.80  3.25058e-12
      3301.60  1.34130e-12
      3303.60  1.20941e-12
      3550.06  1.28300e-12
      3551.80  1.22500e-12
      3553.53  1.66100e-12
      3555.27  1.70800e-12
      3557.01  1.91300e-12
      3558.75  1.61600e-12
      3560.49  9.47300e-13
      3562.22  1.58100e-12
      3563.96  1.47500e-12
      3565.70  1.52300e-12
      3567.44  1.35500e-12
      3569.17  1.79600e-12
      3570.91  1.70200e-12
      3572.65  2.01100e-12
      3574.39  1.63200e-12
      3576.13  1.51000e-12
      3577.86  1.45900e-12
      3579.60  1.68600e-12
      3581.34  1.47000e-12
      3583.08  1.73200e-12
      3584.82  1.70400e-12
      3586.56  1.63500e-12
      3588.29  1.91700e-12
      3590.03  1.89300e-12
      3591.77  1.38300e-12
      3593.51  1.92700e-12
      3595.25  1.10500e-12
      3596.98  1.59700e-12
      3598.72  1.41400e-12
      3600.46  1.53900e-12
      3602.20  1.41300e-12
      3603.94  1.55900e-12
      3605.68  1.63600e-12
      3607.41  1.66800e-12
      3609.15  1.63900e-12
      3610.89  1.60100e-12
      3612.63  1.34700e-12
      3614.37  1.40900e-12
      3616.11  1.54700e-12
      3617.84  1.30200e-12
      3619.58  1.67500e-12
      3621.32  1.46200e-12
      3623.06  1.50600e-12
      3624.80  1.35500e-12
      3626.54  1.24400e-12
      3628.27  1.03200e-12
      3630.01  1.22100e-12
      3631.75  1.85900e-12
      3633.49  1.47200e-12
      3635.23  1.60500e-12
      3636.97  1.52900e-12
      3638.71  1.53600e-12
      3640.44  1.63600e-12
      3642.18  1.58200e-12
      3643.92  1.47300e-12
      3645.66  1.46000e-12
      3647.40  1.69900e-12
      3649.14  1.61500e-12
      3650.88  1.64700e-12
      3652.62  1.32300e-12
      3654.35  1.41400e-12
      3656.09  1.40100e-12
      3657.83  1.64300e-12
      3659.57  1.40400e-12
      3661.31  1.46100e-12
      3663.05  1.43600e-12
      3664.79  1.50000e-12
      3666.53  1.36700e-12
      3668.26  1.51200e-12
      3670.00  1.49600e-12
      3671.74  1.64700e-12
      3673.48  1.73200e-12
      3675.22  1.60800e-12
      3676.96  1.57000e-12
      3678.70  1.57400e-12
      3680.44  1.47300e-12
      3682.18  1.52400e-12
      3683.92  1.27000e-12
      3685.65  1.58400e-12
      3687.39  1.59400e-12
      3689.13  1.47300e-12
      3690.87  1.40800e-12
      3692.61  1.36100e-12
      3694.35  1.48700e-12
      3696.09  1.43900e-12
      3697.83  1.71000e-12
      3699.57  1.74300e-12
      3701.31  1.40100e-12
      3703.05  1.44600e-12
      3704.78  1.87600e-12
      3706.52  2.07200e-12
      3708.26  1.62500e-12
      3710.00  1.60600e-12
      3711.74  1.68300e-12
      3713.48  1.63000e-12
      3715.22  1.40800e-12
      3716.96  1.48500e-12
      3718.70  1.29000e-12
      3720.44  1.77200e-12
      3722.18  2.10200e-12
      3723.92  1.61200e-12
      3725.66  1.24100e-12
      3727.40  1.39700e-12
      3729.14  1.53000e-12
      3730.87  1.28300e-12
      3732.61  1.36400e-12
      3734.35  2.19400e-12
      3736.09  2.06200e-12
      3737.83  1.91500e-12
      3739.57  1.38900e-12
      3741.31  1.24800e-12
      3743.05  1.20100e-12
      3744.79  1.45000e-12
      3746.53  1.60300e-12
      3748.27  1.66000e-12
      3750.01  2.40400e-12
      3751.75  2.10600e-12
      3753.49  1.52200e-12
      3755.23  1.32400e-12
      3756.97  1.26700e-12
      3758.71  1.33100e-12
      3760.45  1.33300e-12
      3762.19  1.32900e-12
      3763.93  1.33100e-12
      3765.67  1.59300e-12
      3767.41  1.52100e-12
      3769.15  1.97100e-12
      3770.89  2.71900e-12
      3772.63  2.24900e-12
      3774.37  1.62500e-12
      3776.11  1.38800e-12
      3777.85  1.30900e-12
      3779.59  1.11900e-12
      3781.33  1.12500e-12
      3783.07  1.07300e-12
      3784.81  1.15600e-12
      3786.55  1.18200e-12
      3788.29  1.30800e-12
      3790.03  1.20300e-12
      3791.77  1.26000e-12
      3793.51  1.46500e-12
      3795.25  1.82500e-12
      3796.99  2.48300e-12
      3798.73  3.51400e-12
      3800.47  2.28000e-12
      3802.21  1.62600e-12
      3803.95  1.31200e-12
      3805.69  1.31000e-12
      3807.43  1.23600e-12
      3809.17  1.21700e-12
      3810.91  9.69200e-13
      3812.65  1.07200e-12
      3814.39  1.25600e-12
      3816.13  1.17900e-12
      3817.87  1.09600e-12
      3819.61  1.17000e-12
      3821.35  1.32100e-12
      3823.09  1.17100e-12
      3824.83  1.24400e-12
      3826.57  1.42500e-12
      3828.31  1.41300e-12
      3830.05  1.62900e-12
      3831.79  1.81600e-12
      3833.53  2.31900e-12
      3835.27  3.62500e-12
      3837.01  3.40100e-12
      3838.75  2.27400e-12
      3840.49  1.71300e-12
      3842.23  1.45300e-12
      3843.97  1.28000e-12
      3845.71  1.21500e-12
      3847.45  1.04500e-12
      3849.19  1.09600e-12
      3850.93  1.13900e-12
      3852.68  9.93800e-13
      3854.42  9.95600e-13
      3856.16  1.20000e-12
      3857.90  1.03100e-12
      3859.64  1.21800e-12
      3861.38  1.09300e-12
      3863.12  1.11400e-12
      3864.86  9.99200e-13
      3866.60  1.07600e-12
      3868.34  1.06300e-12
      3870.08  9.95400e-13
      3871.82  1.17300e-12
      3873.56  1.18500e-12
      3875.30  9.70400e-13
      3877.04  1.04700e-12
      3878.79  1.37700e-12
      3880.53  1.14100e-12
      3882.27  1.26800e-12
      3884.01  1.51700e-12
      3885.75  1.97100e-12
      3887.49  2.81600e-12
      3889.23  5.04300e-12
      3890.97  3.67600e-12
      3892.71  2.28200e-12
      3894.45  1.81700e-12
      3896.19  1.53400e-12
      3897.94  1.36000e-12
      3899.68  1.31800e-12
      3901.42  1.15200e-12
      3903.16  1.11800e-12
      3904.90  1.20500e-12
      3906.64  1.41000e-12
      3908.38  9.92100e-13
      3910.12  9.59600e-13
      3911.86  9.97200e-13
      3913.60  1.06500e-12
      3915.35  1.04000e-12
      3917.09  1.06400e-12
      3918.83  1.04000e-12
      3920.57  1.04500e-12
      3922.31  1.05800e-12
      3924.05  1.04700e-12
      3925.79  1.01100e-12
      3927.53  1.06500e-12
      3929.28  1.20200e-12
      3931.02  1.12700e-12
      3932.76  1.96800e-12
      3934.50  4.49200e-12
      3936.24  1.42900e-12
      3937.98  1.14500e-12
      3939.72  1.03800e-12
      3941.46  9.83600e-13
      3943.21  1.03300e-12
      3944.95  1.14200e-12
      3946.69  1.02700e-12
      3948.43  1.05500e-12
      3950.17  1.02100e-12
      3951.91  1.12000e-12
      3953.65  1.04900e-12
      3955.40  1.04400e-12
      3957.14  1.14900e-12
      3958.88  1.13900e-12
      3960.62  1.20000e-12
      3962.36  1.46600e-12
      3964.10  1.48700e-12
      3965.85  1.91200e-12
      3967.59  3.05600e-12
      3969.33  6.49900e-12
      3971.07  5.63700e-12
      3972.81  3.00500e-12
      3974.55  2.06000e-12
      3976.30  1.64400e-12
      3978.04  1.43400e-12
      3979.78  1.25800e-12
      3981.52  1.20300e-12
      3983.26  1.13300e-12
      3985.00  1.08900e-12
      3986.75  1.08400e-12
      3988.49  1.01900e-12
      3990.23  9.71900e-13
      3991.97  9.95900e-13
      3993.71  9.40500e-13
      3995.45  1.03100e-12
      3997.20  1.08200e-12
      3998.94  1.07200e-12
      4000.68  1.01300e-12
      4002.42  9.81100e-13
      4004.16  1.01600e-12
      4005.91  1.14200e-12
      4007.65  1.04300e-12
      4009.39  9.86100e-13
      4011.13  1.01600e-12
      4012.87  1.03700e-12
      4014.62  1.09000e-12
      4016.36  9.86700e-13
      4018.10  1.06400e-12
      4019.84  9.61100e-13
      4021.58  1.00200e-12
      4023.33  1.04100e-12
      4025.07  1.09300e-12
      4026.81  1.28900e-12
      4028.55  1.09300e-12
      4030.30  1.05500e-12
      4032.04  1.13600e-12
      4033.78  1.03400e-12
      4035.52  1.04200e-12
      4037.26  1.00800e-12
      4039.01  9.83500e-13
      4040.75  1.00500e-12
      4042.49  1.00800e-12
      4044.23  1.03700e-12
      4045.98  1.13200e-12
      4047.72  1.03200e-12
      4049.46  9.42100e-13
      4051.20  1.00800e-12
      4052.95  1.02700e-12
      4054.69  1.06700e-12
      4056.43  1.01900e-12
      4058.17  1.04600e-12
      4059.91  1.05300e-12
      4061.66  1.02700e-12
      4063.40  1.11600e-12
      4065.14  1.05300e-12
      4066.88  1.06200e-12
      4068.63  1.05400e-12
      4070.37  1.04300e-12
      4072.11  1.10300e-12
      4073.85  9.99000e-13
      4075.60  1.01400e-12
      4077.34  1.19600e-12
      4079.08  1.17500e-12
      4080.83  1.06200e-12
      4082.57  9.74200e-13
      4084.31  1.10700e-12
      4086.05  1.13900e-12
      4087.80  1.08500e-12
      4089.54  1.15200e-12
      4091.28  1.21100e-12
      4093.02  1.26800e-12
      4094.77  1.44600e-12
      4096.51  1.73400e-12
      4098.25  2.20600e-12
      4100.00  3.26600e-12
      4101.74  6.17600e-12
      4103.48  4.89100e-12
      4105.22  2.76600e-12
      4106.97  2.13100e-12
      4108.71  1.65400e-12
      4110.45  1.46100e-12
      4112.20  1.29200e-12
      4113.94  1.24900e-12
      4115.68  1.14100e-12
      4117.42  1.10100e-12
      4119.17  1.12000e-12
      4120.91  1.13000e-12
      4122.65  1.14100e-12
      4124.40  1.08000e-12
      4126.14  1.08800e-12
      4127.88  1.08900e-12
      4129.63  1.08900e-12
      4131.37  1.10600e-12
      4133.11  1.18000e-12
      4134.85  1.07000e-12
      4136.60  1.06500e-12
      4138.34  1.04800e-12
      4140.08  1.02800e-12
      4141.83  1.00300e-12
      4143.57  1.12300e-12
      4145.31  1.12600e-12
      4147.06  1.03500e-12
      4148.80  1.09000e-12
      4150.54  1.03100e-12
      4152.29  1.05000e-12
      4154.03  1.05500e-12
      4155.77  1.08700e-12
      4157.52  1.07800e-12
      4159.26  1.06900e-12
      4161.00  1.05900e-12
      4162.75  1.02400e-12
      4164.49  1.06600e-12
      4166.23  1.02500e-12
      4167.98  1.10700e-12
      4169.72  1.01400e-12
      4171.46  1.08800e-12
      4173.21  1.13300e-12
      4174.95  1.09800e-12
      4176.69  1.09500e-12
      4178.44  1.13400e-12
      4180.18  1.10000e-12
      4181.93  1.09700e-12
      4183.67  1.05400e-12
      4185.41  1.00400e-12
      4187.16  1.06900e-12
      4188.90  1.06600e-12
      4190.64  1.05400e-12
      4192.39  1.06100e-12
      4194.13  1.01300e-12
      4195.87  1.06300e-12
      4197.62  1.03000e-12
      4199.36  1.12700e-12
      4201.11  1.03700e-12
      4202.85  1.09500e-12
      4204.59  1.02200e-12
      4206.34  1.00100e-12
      4208.08  9.90500e-13
      4209.82  1.02800e-12
      4211.57  1.00000e-12
      4213.31  9.81800e-13
      4215.06  1.05900e-12
      4216.80  1.14300e-12
      4218.54  9.67100e-13
      4220.29  9.68100e-13
      4222.03  9.56900e-13
      4223.78  9.18800e-13
      4225.52  9.66300e-13
      4227.26  1.26100e-12
      4229.01  9.23200e-13
      4230.75  8.88800e-13
      4232.50  1.01200e-12
      4234.24  1.15400e-12
      4235.98  1.03400e-12
      4237.73  9.78300e-13
      4239.47  1.04500e-12
      4241.22  1.01200e-12
      4242.96  9.76100e-13
      4244.70  9.79600e-13
      4246.45  1.01300e-12
      4248.19  1.06100e-12
      4249.94  1.01600e-12
      4251.68  1.09200e-12
      4253.43  9.97700e-13
      4255.17  1.05400e-12
      4256.91  9.70400e-13
      4258.66  9.76500e-13
      4260.40  1.06200e-12
      4262.15  1.04900e-12
      4263.89  9.56700e-13
      4265.64  9.70100e-13
      4267.38  9.83500e-13
      4269.12  1.03200e-12
      4270.87  1.04300e-12
      4272.61  1.16100e-12
      4274.36  1.00600e-12
      4276.10  1.00900e-12
      4277.85  9.74000e-13
      4279.59  1.01700e-12
      4281.33  9.75900e-13
      4283.08  1.05500e-12
      4284.82  1.02100e-12
      4286.57  1.02300e-12
      4288.31  1.01500e-12
      4290.06  1.10000e-12
      4291.80  1.03800e-12
      4293.55  1.05000e-12
      4295.29  1.09500e-12
      4297.04  1.02100e-12
      4298.78  1.09500e-12
      4300.52  1.15800e-12
      4302.27  1.08900e-12
      4304.01  1.09700e-12
      4305.76  1.03200e-12
      4307.50  1.10300e-12
      4309.25  1.10600e-12
      4310.99  1.08000e-12
      4312.74  1.06500e-12
      4314.48  1.13000e-12
      4316.23  1.08200e-12
      4317.97  9.73300e-13
      4319.72  1.04500e-12
      4321.46  1.07900e-12
      4323.21  1.06500e-12
      4324.95  1.15200e-12
      4326.70  1.22000e-12
      4328.44  1.20100e-12
      4330.19  1.24100e-12
      4331.93  1.39500e-12
      4333.68  1.56400e-12
      4335.42  1.85800e-12
      4337.17  2.52800e-12
      4338.91  3.81600e-12
      4340.66  7.42300e-12
      4342.40  5.06800e-12
      4344.15  2.92500e-12
      4345.89  2.05800e-12
      4347.64  1.72100e-12
      4349.38  1.44900e-12
      4351.13  1.35000e-12
      4352.87  1.41200e-12
      4354.62  1.13000e-12
      4356.36  1.11000e-12
      4358.11  1.12200e-12
      4359.85  1.07400e-12
      4361.60  1.03300e-12
      4363.34  1.03200e-12
      4365.09  1.04300e-12
      4366.83  1.07000e-12
      4368.58  1.06500e-12
      4370.32  1.07900e-12
      4372.07  1.05000e-12
      4373.81  1.07700e-12
      4375.56  1.12200e-12
      4377.30  1.09600e-12
      4379.05  1.01700e-12
      4380.80  1.00900e-12
      4382.54  1.07200e-12
      4384.29  1.21600e-12
      4386.03  1.13400e-12
      4387.78  1.10800e-12
      4389.52  1.16300e-12
      4391.27  1.06600e-12
      4393.01  1.07600e-12
      4394.76  1.08100e-12
      4396.50  1.09200e-12
      4398.25  1.04900e-12
      4400.00  1.10300e-12
      4401.74  1.08900e-12
      4403.49  1.06600e-12
      4405.23  1.16800e-12
      4406.98  1.03800e-12
      4408.72  1.10300e-12
      4410.47  1.07200e-12
      4412.21  1.07700e-12
      4413.96  1.10300e-12
      4415.71  1.19100e-12
      4417.45  1.19600e-12
      4419.20  1.11200e-12
      4420.94  1.07000e-12
      4422.69  1.09600e-12
      4424.44  1.07900e-12
      4426.18  1.02900e-12
      4427.93  1.08600e-12
      4429.67  1.06600e-12
      4431.42  1.10800e-12
      4433.16  1.12700e-12
      4434.91  1.06000e-12
      4436.66  1.06900e-12
      4438.40  1.08400e-12
      4440.15  1.53300e-12
