      1003.60  1.27402e-14
      1007.00  6.10012e-14
      1008.20  9.74692e-14
      1011.80  1.06590e-13
      1013.00  2.39873e-14
      1015.40  6.40828e-14
      1016.60  1.12568e-13
      1017.60  3.46492e-14
      1018.80  2.96490e-14
      1023.60  1.84352e-14
      1024.80  4.02927e-15
      1026.00  3.16417e-14
      1027.20  2.82747e-14
      1029.40  1.03145e-14
      1030.60  4.49326e-14
      1035.40  5.08244e-14
      1036.60  2.64046e-14
      1044.80  3.17548e-14
      1046.00  1.02650e-14
      1048.40  2.01688e-14
      1050.80  8.73746e-14
      1052.00  8.34501e-14
      1053.00  1.94204e-14
      1056.60  1.03769e-13
      1057.80  7.18070e-14
      1063.80  7.84937e-16
      1069.60  3.19369e-14
      1072.00  6.19311e-15
      1076.60  2.27469e-15
      1079.00  1.17165e-14
      1080.20  1.95245e-14
      1083.80  2.03707e-14
      1086.20  9.82288e-15
      1088.40  2.23412e-14
      1089.60  8.84934e-14
      1094.40  1.31556e-14
      1095.60  4.32196e-14
      1098.00  8.67429e-15
      1099.20  1.99368e-14
      1103.80  4.52702e-14
      1105.00  7.71508e-15
      1106.20  6.22512e-15
      1108.60  1.77454e-14
      1112.00  2.25686e-14
      1113.20  2.76772e-14
      1114.40  1.60618e-15
      1115.60  4.96985e-14
      1116.80  6.20981e-14
      1118.00  4.93202e-14
      1119.20  5.24901e-14
      1120.40  5.93954e-14
      1121.60  1.55689e-14
      1122.60  2.12889e-14
      1125.00  1.42482e-14
      1129.80  8.61514e-15
      1132.20  7.41080e-15
      1133.40  3.67060e-15
      1134.40  7.14495e-14
      1135.60  2.59649e-14
      1136.80  5.66959e-14
      1138.00  2.48694e-14
      1139.20  5.44256e-14
      1140.40  5.42876e-14
      1141.60  1.26799e-13
      1142.80  7.44029e-14
      1144.00  1.12862e-13
      1145.20  1.22938e-13
      1146.20  1.90656e-13
      1147.40  1.57711e-13
      1148.60  2.37061e-13
      1149.80  2.37729e-13
      1151.00  3.71855e-14
      1152.20  4.01558e-14
      1153.40  4.10034e-14
      1154.60  3.88197e-14
      1155.80  3.91466e-14
      1157.00  5.16567e-14
      1158.00  5.87960e-14
      1159.20  5.32617e-14
      1160.40  7.59333e-14
      1161.60  1.11522e-13
      1162.80  7.76564e-14
      1164.00  5.42148e-14
      1165.20  4.98180e-14
      1166.40  5.60495e-14
      1167.60  5.15135e-14
      1168.80  5.56646e-14
      1169.80  5.65166e-14
      1171.00  7.44909e-14
      1172.20  1.22265e-13
      1173.40  1.77200e-13
      1174.60  1.97545e-13
      1175.80  1.98906e-13
      1177.00  1.48458e-13
      1178.20  1.00040e-13
      1179.40  7.38543e-14
      1180.60  5.99188e-14
      1181.60  5.22755e-14
      1182.80  4.75241e-14
      1184.00  5.16143e-14
      1185.20  4.78631e-14
      1186.40  4.44557e-14
      1187.60  5.26792e-14
      1188.80  5.08307e-14
      1190.00  4.82348e-14
      1191.20  5.08952e-14
      1192.40  5.08952e-14
      1193.40  5.08952e-14
      1194.60  5.08952e-14
      1195.80  5.08952e-14
      1197.00  5.08952e-14
      1198.20  5.08952e-14
      1199.40  5.08952e-14
      1200.91  5.08952e-14
      1202.61  5.08952e-14
      1204.41  5.07386e-14
      1206.11  2.97491e-13
      1207.91  5.07386e-14
      1209.61  5.07386e-14
      1211.41  5.07386e-14
      1213.11  1.30536e-13
      1214.91  1.64022e-12
      1216.61  1.81717e-12
      1218.41  2.11760e-13
      1220.11  5.08952e-14
      1221.91  5.08952e-14
      1223.61  5.08952e-14
      1225.41  5.08952e-14
      1227.11  5.08952e-14
      1228.91  5.08952e-14
      1231.20  5.30526e-14
      1232.40  5.43406e-14
      1233.60  5.54544e-14
      1234.80  5.37846e-14
      1236.00  6.36348e-14
      1237.20  7.02140e-14
      1238.40  6.55348e-14
      1239.40  6.77756e-14
      1240.60  6.92680e-14
      1241.80  6.77423e-14
      1243.00  6.22394e-14
      1244.20  6.56690e-14
      1245.40  6.72470e-14
      1246.60  6.81629e-14
      1247.80  7.04813e-14
      1249.00  6.24494e-14
      1250.20  5.97830e-14
      1251.20  5.76775e-14
      1252.40  5.52959e-14
      1253.60  5.50368e-14
      1254.80  5.35870e-14
      1256.00  6.15340e-14
      1257.20  5.71354e-14
      1258.40  5.21006e-14
      1259.60  5.25680e-14
      1260.80  5.62542e-14
      1262.00  6.45284e-14
      1263.00  6.14309e-14
      1264.20  6.10794e-14
      1265.40  5.69977e-14
      1266.60  5.88236e-14
      1267.80  6.40588e-14
      1269.00  6.14949e-14
      1270.20  5.96969e-14
      1271.40  5.58207e-14
      1272.60  5.65185e-14
      1273.80  6.38920e-14
      1274.80  6.24212e-14
      1276.00  5.65691e-14
      1277.20  5.97384e-14
      1278.40  5.69201e-14
      1279.60  6.39574e-14
      1280.80  5.68790e-14
      1282.00  6.05079e-14
      1283.20  5.95974e-14
      1284.40  5.91980e-14
      1285.60  6.33292e-14
      1286.60  6.40727e-14
      1287.80  6.88629e-14
      1289.00  6.31956e-14
      1290.20  7.42370e-14
      1291.40  6.49747e-14
      1292.60  6.76387e-14
      1293.80  7.19533e-14
      1295.00  7.87547e-14
      1296.20  8.60549e-14
      1297.40  9.26284e-14
      1298.40  8.92090e-14
      1299.60  7.90854e-14
      1300.80  8.42638e-14
      1302.00  8.36600e-14
      1303.20  8.81807e-14
      1304.40  7.53489e-14
      1305.60  6.69867e-14
      1306.80  6.84852e-14
      1308.00  6.40172e-14
      1309.20  5.67801e-14
      1310.20  6.49466e-14
      1311.40  7.23578e-14
      1312.60  6.39801e-14
      1313.80  6.32333e-14
      1315.00  6.19699e-14
      1316.20  6.28834e-14
      1317.40  6.24119e-14
      1318.60  5.66801e-14
      1319.80  6.43113e-14
      1320.80  5.77409e-14
      1322.00  5.94306e-14
      1323.20  6.39188e-14
      1324.40  6.48766e-14
      1325.60  6.45992e-14
      1326.80  6.38647e-14
      1328.00  5.70961e-14
      1329.20  6.56756e-14
      1330.40  6.50204e-14
      1331.60  6.99585e-14
      1332.60  9.30362e-14
      1333.80  1.08257e-13
      1335.00  1.18281e-13
      1336.20  1.17086e-13
      1337.40  1.06232e-13
      1338.60  8.39382e-14
      1339.80  6.77871e-14
      1341.00  5.52533e-14
      1342.20  6.33924e-14
      1343.40  6.58032e-14
      1344.40  5.97207e-14
      1345.60  6.39467e-14
      1346.80  5.84108e-14
      1348.00  6.19333e-14
      1349.20  5.68777e-14
      1350.40  5.24136e-14
      1351.60  5.67891e-14
      1352.80  5.82772e-14
      1354.00  6.17084e-14
      1355.20  6.56171e-14
      1356.20  6.16212e-14
      1357.40  5.62750e-14
      1358.60  5.61711e-14
      1359.80  5.73090e-14
      1361.00  5.81946e-14
      1362.20  5.63236e-14
      1363.40  5.95091e-14
      1364.60  6.27314e-14
      1365.80  6.41301e-14
      1367.00  6.15416e-14
      1368.00  5.86134e-14
      1369.20  6.03477e-14
      1370.40  5.54197e-14
      1371.60  5.90707e-14
      1372.80  6.80416e-14
      1374.00  6.14462e-14
      1375.20  5.68069e-14
      1376.40  5.21913e-14
      1377.60  5.91136e-14
      1378.80  6.05653e-14
      1379.80  5.45284e-14
      1381.00  5.94077e-14
      1382.20  6.43138e-14
      1383.40  5.44972e-14
      1384.60  5.62285e-14
      1385.80  5.82537e-14
      1387.00  5.80856e-14
      1388.20  6.42025e-14
      1389.40  7.00246e-14
      1390.60  8.32483e-14
      1391.60  1.08055e-13
      1392.80  1.33538e-13
      1394.00  1.37190e-13
      1395.20  1.23477e-13
      1396.40  9.41304e-14
      1397.60  7.58338e-14
      1398.80  7.85210e-14
      1400.00  8.87897e-14
      1401.20  1.07424e-13
      1402.40  1.08035e-13
      1403.40  1.05293e-13
      1404.60  1.02399e-13
      1405.80  7.73508e-14
      1407.00  6.54525e-14
      1408.20  6.09529e-14
      1409.40  6.61129e-14
      1410.60  5.66415e-14
      1411.80  5.48443e-14
      1413.00  5.96851e-14
      1414.00  6.10966e-14
      1415.20  6.06760e-14
      1416.40  6.32475e-14
      1417.60  6.26380e-14
      1418.80  6.24401e-14
      1420.00  5.75714e-14
      1421.20  5.68102e-14
      1422.40  6.29840e-14
      1423.60  6.01733e-14
      1424.80  6.10223e-14
      1425.80  5.98765e-14
      1427.00  5.64393e-14
      1428.20  5.80402e-14
      1429.40  5.90540e-14
      1430.60  6.13880e-14
      1431.80  5.92921e-14
      1433.00  6.50256e-14
      1434.20  5.82105e-14
      1435.40  5.58970e-14
      1436.60  5.70228e-14
      1437.60  5.70064e-14
      1438.80  5.66645e-14
      1440.00  5.70718e-14
      1441.20  5.48077e-14
      1442.40  5.73896e-14
      1443.60  5.92120e-14
      1444.80  6.17045e-14
      1446.00  5.97351e-14
      1447.20  6.00607e-14
      1448.40  5.92538e-14
      1449.40  5.96813e-14
      1450.60  6.48539e-14
      1451.80  6.04458e-14
      1453.00  5.58939e-14
      1454.20  5.60358e-14
      1455.40  6.01892e-14
      1456.60  6.02586e-14
      1457.80  6.45907e-14
      1459.00  6.18289e-14
      1460.20  5.94320e-14
      1461.20  6.03600e-14
      1462.40  6.21025e-14
      1463.60  5.78221e-14
      1464.80  6.01908e-14
      1466.00  6.51046e-14
      1467.20  6.24458e-14
      1468.40  6.45368e-14
      1469.60  6.75616e-14
      1470.80  6.49157e-14
      1472.00  6.06792e-14
      1473.00  6.25090e-14
      1474.20  6.57647e-14
      1475.40  6.33713e-14
      1476.60  6.48334e-14
      1477.80  6.54011e-14
      1479.00  6.12133e-14
      1480.20  6.40801e-14
      1481.40  6.80612e-14
      1482.60  6.21657e-14
      1483.80  6.37062e-14
      1484.80  6.83171e-14
      1486.00  6.63299e-14
      1487.20  7.13921e-14
      1488.40  6.63876e-14
      1489.60  6.91950e-14
      1490.80  6.38497e-14
      1492.00  6.45259e-14
      1493.20  6.53525e-14
      1494.40  6.87107e-14
      1495.60  6.85732e-14
      1496.60  6.72675e-14
      1497.80  6.86741e-14
      1499.00  6.90704e-14
      1500.20  7.07060e-14
      1501.40  7.06284e-14
      1502.60  7.10329e-14
      1503.80  6.36947e-14
      1505.00  6.45541e-14
      1506.20  6.28793e-14
      1507.40  6.39276e-14
      1508.40  6.21126e-14
      1509.60  6.08173e-14
      1510.80  6.34935e-14
      1512.00  6.56529e-14
      1513.20  6.08107e-14
      1514.40  5.57835e-14
      1515.60  5.62712e-14
      1516.80  5.58084e-14
      1518.00  6.13672e-14
      1519.00  6.82482e-14
      1520.20  6.43338e-14
      1521.40  6.30264e-14
      1522.60  6.47025e-14
      1523.80  6.65180e-14
      1525.00  7.32095e-14
      1526.20  6.61115e-14
      1527.40  6.24581e-14
      1528.60  6.89977e-14
      1529.80  7.30163e-14
      1530.80  6.86350e-14
      1532.00  6.68263e-14
      1533.20  6.53773e-14
      1534.40  6.91365e-14
      1535.60  6.41063e-14
      1536.80  6.41063e-14
      1538.00  6.41063e-14
      1539.20  6.41063e-14
      1540.40  6.41063e-14
      1541.60  6.41063e-14
      1542.60  6.41063e-14
      1543.80  6.41063e-14
      1545.00  6.41063e-14
      1546.20  7.10433e-14
      1547.40  8.38879e-14
      1548.60  8.93798e-14
      1549.80  8.93022e-14
      1551.00  8.37341e-14
      1552.20  7.76378e-14
      1553.40  6.42225e-14
      1554.40  6.41063e-14
      1555.60  6.41063e-14
      1556.80  6.41063e-14
      1558.00  6.41063e-14
      1559.20  6.41063e-14
      1560.40  6.41063e-14
      1561.60  6.41063e-14
      1562.80  6.41063e-14
      1564.00  6.41063e-14
      1565.20  7.03605e-14
      1566.20  7.15763e-14
      1567.40  7.06732e-14
      1568.60  6.77923e-14
      1569.80  6.81154e-14
      1571.00  6.65765e-14
      1572.20  6.13555e-14
      1573.40  6.54473e-14
      1574.60  6.35829e-14
      1575.80  6.68288e-14
      1577.00  6.87593e-14
      1578.00  7.15867e-14
      1579.20  6.98270e-14
      1580.40  7.37278e-14
      1581.60  7.00626e-14
      1582.80  6.71442e-14
      1584.00  6.72565e-14
      1585.20  6.78379e-14
      1586.40  6.93074e-14
      1587.60  6.50332e-14
      1588.80  6.65603e-14
      1589.80  6.55649e-14
      1591.00  6.52065e-14
      1592.20  6.55933e-14
      1593.40  6.53702e-14
      1594.60  6.86380e-14
      1595.80  6.89020e-14
      1597.00  6.66907e-14
      1598.20  6.33372e-14
      1599.40  6.53279e-14
      1600.60  6.57622e-14
      1601.60  6.13702e-14
      1602.80  6.71275e-14
      1604.00  6.70619e-14
      1605.20  6.38737e-14
      1606.40  6.22545e-14
      1607.60  6.49389e-14
      1608.80  7.12276e-14
      1610.00  6.57190e-14
      1611.20  6.26653e-14
      1612.40  6.10144e-14
      1613.40  6.24581e-14
      1614.60  6.68424e-14
      1615.80  6.40858e-14
      1617.00  5.85486e-14
      1618.20  5.96100e-14
      1619.40  6.51846e-14
      1620.60  6.88725e-14
      1621.80  6.71242e-14
      1623.00  6.41255e-14
      1624.00  6.51822e-14
      1625.20  6.32453e-14
      1626.40  6.26473e-14
      1627.60  6.44494e-14
      1628.80  6.06844e-14
      1630.00  6.16674e-14
      1631.20  6.40938e-14
      1632.40  6.51494e-14
      1633.60  6.71327e-14
      1634.80  7.09630e-14
      1635.80  7.21998e-14
      1637.00  7.21350e-14
      1638.20  8.68192e-14
      1639.40  9.07612e-14
      1640.60  9.49154e-14
      1641.80  9.41118e-14
      1643.00  8.37961e-14
      1644.20  7.39205e-14
      1645.40  6.60210e-14
      1646.60  6.49728e-14
      1647.60  6.51007e-14
      1648.80  6.62671e-14
      1650.00  5.85128e-14
      1651.20  5.94063e-14
      1652.40  6.65065e-14
      1653.60  6.42258e-14
      1654.80  6.63993e-14
      1656.00  7.11177e-14
      1657.20  7.47489e-14
      1658.40  7.50193e-14
      1659.40  7.26669e-14
      1660.60  6.89766e-14
      1661.80  6.78431e-14
      1663.00  6.74807e-14
      1664.20  6.48143e-14
      1665.40  6.68012e-14
      1666.60  6.57565e-14
      1667.80  6.35184e-14
      1669.00  6.35209e-14
      1670.20  6.00293e-14
      1671.20  6.19032e-14
      1672.40  6.48044e-14
      1673.60  6.56928e-14
      1674.80  6.65070e-14
      1676.00  6.41285e-14
      1677.20  6.40607e-14
      1678.40  6.50294e-14
      1679.60  5.99090e-14
      1680.80  6.13363e-14
      1682.00  6.39757e-14
      1683.00  6.33855e-14
      1684.20  6.21938e-14
      1685.40  6.04401e-14
      1686.60  5.83286e-14
      1687.80  6.22701e-14
      1689.00  6.52021e-14
      1690.20  6.26809e-14
      1691.40  6.36665e-14
      1692.60  6.54763e-14
      1693.80  6.65926e-14
      1694.80  6.96739e-14
      1696.00  6.59440e-14
      1697.20  6.19612e-14
      1698.40  6.41115e-14
      1699.60  6.59317e-14
      1700.80  6.43266e-14
      1702.00  6.55129e-14
      1703.20  6.12459e-14
      1704.40  6.09608e-14
      1705.60  6.27722e-14
      1706.60  6.29165e-14
      1707.80  6.26530e-14
      1709.00  5.95143e-14
      1710.20  6.02843e-14
      1711.40  6.38360e-14
      1712.60  6.52393e-14
      1713.80  6.40648e-14
      1715.00  6.55777e-14
      1716.20  6.59959e-14
      1717.40  6.34919e-14
      1718.40  6.66311e-14
      1719.60  6.96933e-14
      1720.80  6.75034e-14
      1722.00  6.45560e-14
      1723.20  6.14705e-14
      1724.40  6.19248e-14
      1725.60  6.48225e-14
      1726.80  6.38581e-14
      1728.00  6.36187e-14
      1729.00  6.47224e-14
      1730.20  6.29652e-14
      1731.40  6.31374e-14
      1732.60  6.09039e-14
      1733.80  6.04469e-14
      1735.00  6.20585e-14
      1736.20  6.51874e-14
      1737.40  6.52502e-14
      1738.60  6.39445e-14
      1739.80  6.55856e-14
      1740.80  6.43909e-14
      1742.00  6.20325e-14
      1743.20  6.18557e-14
      1744.40  6.31882e-14
      1745.60  6.39604e-14
      1746.80  6.66965e-14
      1748.00  6.89477e-14
      1749.20  6.70671e-14
      1750.40  6.65631e-14
      1751.60  6.66902e-14
      1752.60  6.48668e-14
      1753.80  6.70947e-14
      1755.00  6.81840e-14
      1756.20  6.73806e-14
      1757.40  6.82662e-14
      1758.60  6.77904e-14
      1759.80  6.42791e-14
      1761.00  6.20692e-14
      1762.20  6.62966e-14
      1763.40  6.87164e-14
      1764.40  6.76548e-14
      1765.60  6.52322e-14
      1766.80  6.72978e-14
      1768.00  6.77748e-14
      1769.20  6.63419e-14
      1770.40  6.59112e-14
      1771.60  6.47424e-14
      1772.80  6.59311e-14
      1774.00  6.73858e-14
      1775.20  6.80768e-14
      1776.20  6.83696e-14
      1777.40  6.75744e-14
      1778.60  6.61872e-14
      1779.80  6.60268e-14
      1781.00  6.43562e-14
      1782.20  6.63819e-14
      1783.40  6.68309e-14
      1784.60  6.81492e-14
      1785.80  6.84070e-14
      1787.00  6.76425e-14
      1788.00  6.38896e-14
      1789.20  6.06779e-14
      1790.40  5.45797e-14
      1791.60  4.63704e-14
      1792.80  4.31967e-14
      1794.00  4.79770e-14
      1795.20  5.41618e-14
      1796.40  5.87470e-14
      1797.60  6.23089e-14
      1798.80  6.43999e-14
      1799.80  6.42709e-14
      1801.00  6.62296e-14
      1802.20  6.64693e-14
      1803.40  6.61624e-14
      1804.60  6.49542e-14
      1805.80  6.72355e-14
      1807.00  6.76961e-14
      1808.20  6.87041e-14
      1809.40  6.77485e-14
      1810.60  6.72407e-14
      1811.60  6.51442e-14
      1812.80  6.41271e-14
      1814.00  6.43685e-14
      1815.20  6.57775e-14
      1816.40  6.60268e-14
      1817.60  6.89053e-14
      1818.80  6.75400e-14
      1820.00  6.62630e-14
      1821.20  6.42818e-14
      1822.40  6.41523e-14
      1823.40  6.45445e-14
      1824.60  6.55785e-14
      1825.80  6.59678e-14
      1827.00  6.67735e-14
      1828.20  6.64879e-14
      1829.40  6.49427e-14
      1830.60  6.29403e-14
      1831.80  6.27618e-14
      1833.00  6.11939e-14
      1834.00  6.08320e-14
      1835.20  6.11647e-14
      1836.40  6.22189e-14
      1837.60  6.20946e-14
      1838.80  6.22512e-14
      1840.00  6.27140e-14
      1841.20  6.18789e-14
      1842.40  6.30193e-14
      1843.60  6.35375e-14
      1844.80  6.20273e-14
      1845.80  6.22600e-14
      1847.00  6.27033e-14
      1848.20  6.36086e-14
      1849.40  6.25841e-14
      1850.60  6.45021e-14
      1851.80  6.55214e-14
      1853.00  6.66369e-14
      1854.20  6.63441e-14
      1855.40  6.63291e-14
      1856.60  6.57761e-14
      1857.60  6.68192e-14
      1858.80  6.72366e-14
      1860.00  6.70975e-14
      1861.20  6.63851e-14
      1862.40  6.71294e-14
      1863.60  6.53749e-14
      1864.80  6.59330e-14
      1866.00  6.43523e-14
      1867.20  6.24685e-14
      1868.40  6.01585e-14
      1869.40  6.20875e-14
      1870.60  6.14998e-14
      1871.80  6.31251e-14
      1873.00  6.28596e-14
      1874.20  6.28162e-14
      1875.40  6.18374e-14
      1876.60  6.22184e-14
      1877.80  6.06822e-14
      1879.00  6.05975e-14
      1880.20  6.06467e-14
      1881.20  6.24398e-14
      1882.40  6.20492e-14
      1883.60  6.29783e-14
      1884.80  6.13147e-14
      1886.00  6.18346e-14
      1887.20  6.12041e-14
      1888.40  6.25901e-14
      1889.60  6.15072e-14
      1890.80  6.26448e-14
      1892.00  6.30179e-14
      1893.00  6.40872e-14
      1894.20  6.34930e-14
      1895.40  6.37215e-14
      1896.60  6.35165e-14
      1897.80  6.32336e-14
      1899.00  6.22403e-14
      1900.20  6.27052e-14
      1901.40  6.21277e-14
      1902.60  6.17972e-14
      1903.80  6.03001e-14
      1904.80  6.02763e-14
      1906.00  5.99647e-14
      1907.20  6.17228e-14
      1908.40  6.19259e-14
      1909.60  6.25565e-14
      1910.80  6.17928e-14
      1912.00  6.22168e-14
      1913.20  6.23906e-14
      1914.40  6.28577e-14
      1915.60  6.27038e-14
      1916.60  6.37002e-14
      1917.80  6.23272e-14
      1919.00  6.17824e-14
      1920.20  6.04633e-14
      1921.40  6.07222e-14
      1922.60  6.19850e-14
      1923.80  6.24775e-14
      1925.00  6.16020e-14
      1926.20  6.26279e-14
      1927.40  6.41533e-14
      1928.40  6.44250e-14
      1929.60  6.45593e-14
      1930.80  6.39008e-14
      1932.00  6.28495e-14
      1933.20  6.29993e-14
      1934.40  6.12232e-14
      1935.60  6.18330e-14
      1936.80  6.03794e-14
      1938.00  6.07771e-14
      1939.00  6.03009e-14
      1940.20  6.13369e-14
      1941.40  6.08096e-14
      1942.60  6.06836e-14
      1943.80  6.02865e-14
      1945.00  5.96313e-14
      1946.20  5.98128e-14
      1947.40  5.96928e-14
      1948.60  6.00161e-14
      1949.80  6.00897e-14
      1950.80  6.03682e-14
      1952.00  6.14378e-14
      1953.20  6.16821e-14
      1954.40  6.26331e-14
      1955.60  6.27957e-14
      1956.80  6.31636e-14
      1958.00  6.18707e-14
      1959.20  6.21908e-14
      1960.40  6.23321e-14
      1961.60  6.21949e-14
      1962.60  6.19874e-14
      1963.80  6.21881e-14
      1965.00  6.19098e-14
      1966.20  6.06287e-14
      1967.40  5.95290e-14
      1968.60  5.89906e-14
      1969.80  5.95173e-14
      1971.00  5.94421e-14
      1972.20  5.85243e-14
      1973.40  5.87019e-14
      1974.40  5.88561e-14
      1975.60  5.97414e-14
      1976.80  6.00006e-14
      1978.00  6.06325e-14
      1979.20  6.04037e-14
      1980.40  6.06339e-14
      1981.60  6.08990e-14
      1982.80  6.23589e-14
      2000.40  1.70831e-13
      2002.20  1.92461e-13
      2004.20  1.48146e-13
      2006.00  1.42715e-13
      2008.00  1.99676e-13
      2009.80  4.74848e-14
      2011.60  1.00811e-14
      2013.60  1.89959e-13
      2015.40  1.98837e-13
      2017.20  8.03100e-14
      2019.20 -2.60949e-14
      2021.00 -3.39586e-14
      2022.80  2.95211e-14
      2024.80  1.35464e-13
      2026.60  3.01768e-14
      2028.40  1.03252e-13
      2030.40  1.27608e-13
      2032.20  1.68291e-13
      2034.00  7.51402e-14
      2036.00  1.03244e-13
      2037.80  1.26459e-13
      2039.60 -7.69869e-14
      2041.60  1.96899e-13
      2043.40  1.35021e-13
      2045.40  8.36638e-15
      2047.20  2.51253e-14
      2049.00  5.97785e-14
      2051.00  2.85591e-13
      2052.80  1.20059e-13
      2054.60  5.79422e-14
      2056.60  2.37682e-13
      2058.40  4.72330e-13
      2060.20  1.57964e-13
      2062.20 -2.60534e-14
      2064.00  6.82413e-14
      2065.80  1.04357e-13
      2067.80  6.33951e-14
      2069.60  5.13473e-14
      2071.40  9.30748e-14
      2073.40  2.29530e-13
      2075.20  1.01016e-13
      2077.00  1.17125e-13
      2079.00  2.46410e-13
      2080.80  2.10408e-13
      2082.60  1.34583e-13
      2084.60  3.40155e-14
      2086.40  7.84123e-14
      2088.40  1.38694e-13
      2090.20  1.15610e-13
      2092.00  6.25894e-14
      2094.00  1.05436e-13
      2095.80  2.73407e-14
      2097.60  2.54817e-14
      2099.60  4.81306e-14
      2101.40  7.45478e-14
      2103.20  1.25085e-13
      2105.20  1.29192e-13
      2107.00  4.93379e-14
      2108.80  4.60390e-14
      2110.80  2.33251e-13
      2112.60  1.61298e-13
      2114.40 -5.67920e-14
      2116.40  3.20209e-14
      2118.20 -8.75978e-15
      2120.00  1.17626e-14
      2122.00  1.52582e-13
      2123.80  1.14119e-13
      2125.60  9.72193e-14
      2127.60  1.09743e-13
      2129.40  3.01036e-13
      2131.40  2.23720e-13
      2133.20  9.42039e-14
      2135.00  2.14894e-14
      2137.00  7.21468e-14
      2138.80  1.76070e-13
      2140.60  1.36250e-13
      2142.60  5.93917e-14
      2144.40  2.26597e-14
      2146.20  5.88210e-14
      2148.20  8.02853e-14
      2150.00  1.76984e-13
      2151.80  1.73493e-13
      2153.80  1.05544e-13
      2155.60  1.18267e-14
      2157.40 -4.42987e-15
      2159.40  8.66369e-14
      2161.20  1.36487e-13
      2163.00  5.78639e-14
      2165.00  1.26774e-13
      2166.80  1.81990e-13
      2168.60  1.59157e-13
      2170.60  7.70475e-13
      2172.40  4.56637e-13
      2174.40  1.04349e-13
      2176.20  6.63711e-14
      2178.00  1.05115e-13
      2180.00  1.35856e-13
      2181.80  1.06698e-13
      2183.60  1.99867e-13
      2185.60  1.95254e-13
      2187.40  1.08609e-13
      2189.20  9.70560e-14
      2191.20  7.36423e-14
      2193.00  1.39089e-13
      2194.80  1.76803e-13
      2196.80  7.69777e-14
      2198.60  6.34961e-14
      2200.40  3.24820e-13
      2202.40  4.82302e-13
      2204.20  3.13904e-13
      2206.00  2.67326e-13
      2208.00  2.89315e-13
      2209.80  2.15512e-13
      2211.80  1.94110e-13
      2213.60  1.83580e-13
      2215.40  3.54534e-13
      2217.40  2.31130e-13
      2219.20  1.16888e-13
      2221.00  3.41495e-13
      2223.00  4.09304e-13
      2224.80  6.00351e-13
      2226.60  5.16211e-13
      2228.60  2.42996e-13
      2230.40  2.30113e-13
      2232.20  3.51519e-13
      2234.20  1.22737e-13
      2236.00  2.08526e-13
      2237.80  3.36009e-13
      2239.80  1.14166e-13
      2241.60  1.74537e-14
      2243.40  6.18618e-14
      2245.40  1.05226e-13
      2247.20  1.04190e-13
      2249.00  6.15469e-13
      2251.00  6.00480e-13
      2252.80  2.79277e-13
      2254.80  4.29137e-13
      2256.60  6.39345e-13
      2258.40  2.99624e-13
      2260.40  3.60307e-13
      2262.20  4.32249e-13
      2264.00  4.41461e-13
      2266.00  3.88163e-13
      2267.80  3.61822e-13
      2269.60  2.40059e-13
      2271.60  2.86654e-13
      2273.40  1.75071e-13
      2275.20  2.67085e-13
      2277.20  2.24115e-13
      2279.00  1.00393e-13
      2280.80  2.22025e-13
      2282.80  3.39104e-13
      2284.60  1.93389e-13
      2286.40  3.26146e-13
      2288.40  2.56253e-13
      2290.20  1.93557e-13
      2292.00  3.77939e-13
      2294.00  2.88827e-13
      2295.80  3.27867e-13
      2297.80  3.59836e-13
      2299.60  3.78789e-13
      2301.40  3.23397e-13
      2303.40  4.18867e-13
      2305.20  4.20464e-13
      2307.00  2.56499e-13
      2309.00  2.60425e-13
      2310.80  2.19853e-13
      2312.60  3.34660e-13
      2314.60  4.60764e-13
      2316.40  3.12753e-13
      2318.20  2.51422e-13
      2320.20  2.34588e-13
      2322.00  3.09690e-13
      2323.80  1.72636e-13
      2325.80  2.40841e-13
      2327.60  2.78985e-13
      2329.40  4.50422e-13
      2331.40  3.42452e-13
      2333.20  3.28520e-13
      2335.00  4.26644e-13
      2337.00  4.43854e-13
      2338.80  6.71060e-13
      2340.80  5.80247e-13
      2342.60  4.48070e-13
      2344.40  6.30647e-13
      2346.40  7.57656e-13
      2348.20  8.98304e-13
      2350.00  5.29350e-13
      2352.00  5.47310e-13
      2353.80  5.05883e-13
      2355.60  3.11908e-13
      2357.60  3.60330e-13
      2359.40  5.86765e-13
      2361.20  6.13040e-13
      2363.20  6.74567e-13
      2365.00  5.73673e-13
      2366.80  7.20636e-13
      2368.80  7.16545e-13
      2370.60  5.84310e-13
      2372.40  5.48907e-13
      2374.40  4.14277e-13
      2376.20  5.98376e-13
      2378.00  8.47992e-13
      2380.00  5.51097e-13
      2381.80  1.01647e-12
      2383.80  1.38567e-12
      2385.60  1.10565e-12
      2387.40  8.23194e-13
      2389.40  7.89292e-13
      2391.20  7.23804e-13
      2393.00  6.00320e-13
      2395.00  7.24180e-13
      2396.80  7.55584e-13
      2398.60  7.66069e-13
      2400.60  4.28664e-13
      2402.40  6.28682e-13
      2404.20  7.73225e-13
      2406.20  7.36043e-13
      2408.00  8.74092e-13
      2409.80  6.80858e-13
      2411.80  6.31522e-13
      2413.60  6.68432e-13
      2415.40  6.79323e-13
      2417.40  4.75830e-13
      2419.20  3.93424e-13
      2421.00  2.71086e-13
      2423.00  3.85685e-13
      2424.80  4.75147e-13
      2426.80  3.92161e-13
      2428.60  3.87585e-13
      2430.40  4.22186e-13
      2432.40  5.16358e-13
      2434.20  4.62395e-13
      2436.00  6.09685e-13
      2438.00  3.73753e-13
      2439.80  3.58161e-13
      2441.60  5.04560e-13
      2443.60  3.19019e-13
      2445.40  3.72744e-13
      2447.20  3.67424e-13
      2449.20  3.97887e-13
      2451.00  3.71682e-13
      2452.80  4.72729e-13
      2454.80  5.63334e-13
      2456.60  4.26220e-13
      2458.40  3.55025e-13
      2460.40  4.77321e-13
      2462.20  3.20580e-13
      2464.00  3.77919e-13
      2466.00  4.34044e-13
      2467.80  4.75778e-13
      2469.80  5.94198e-13
      2471.60  4.87005e-13
      2473.40  5.47956e-13
      2475.40  5.51301e-13
      2477.20  5.54388e-13
      2479.00  4.34661e-13
      2481.00  7.25697e-13
      2482.80  6.77774e-13
      2484.60  6.20815e-13
      2486.60  6.23464e-13
      2488.40  6.20099e-13
      2490.20  7.27250e-13
      2492.20  5.45994e-13
      2494.00  5.84082e-13
      2495.80  4.89289e-13
      2497.80  3.34960e-13
      2499.60  2.95752e-13
      2501.40  3.63421e-13
      2503.40  4.01096e-13
      2505.20  4.61981e-13
      2507.20  5.77120e-13
      2509.00  5.71090e-13
      2510.80  5.29085e-13
      2512.80  5.62402e-13
      2514.60  6.02555e-13
      2516.40  5.79426e-13
      2518.40  6.61169e-13
      2520.20  6.13305e-13
      2522.00  5.03084e-13
      2524.00  4.53649e-13
      2525.80  6.37751e-13
      2527.60  7.82308e-13
      2529.60  5.36763e-13
      2531.40  4.80425e-13
      2533.20  5.83260e-13
      2535.20  6.60954e-13
      2537.00  6.95166e-13
      2538.80  7.30615e-13
      2540.80  7.83083e-13
      2542.60  8.13444e-13
      2544.40  6.84233e-13
      2546.40  6.96217e-13
      2548.20  6.64045e-13
      2550.20  7.43258e-13
      2552.00  7.13183e-13
      2553.80  5.62176e-13
      2555.80  3.61998e-13
      2557.60  3.27950e-13
      2559.40  4.39946e-13
      2561.40  5.12290e-13
      2563.20  6.84632e-13
      2565.00  6.05384e-13
      2567.00  4.90129e-13
      2568.80  4.54242e-13
      2570.60  4.00392e-13
      2572.60  4.08654e-13
      2574.40  5.12157e-13
      2576.20  4.83132e-13
      2578.20  4.40143e-13
      2580.00  5.06633e-13
      2581.80  5.47994e-13
      2583.80  5.71969e-13
      2585.60  6.10992e-13
      2587.40  6.22681e-13
      2589.40  4.61559e-13
      2591.20  5.27492e-13
      2593.20  6.68104e-13
      2595.00  7.61450e-13
      2596.80  7.79025e-13
      2598.80  8.22873e-13
      2600.60  9.62736e-13
      2602.40  8.17445e-13
      2604.40  6.92407e-13
      2606.20  9.10969e-13
      2608.00  1.27208e-12
      2610.00  1.09573e-12
      2611.80  9.65470e-13
      2613.60  9.75407e-13
      2615.60  1.11699e-12
      2617.40  1.11890e-12
      2619.20  9.44160e-13
      2621.20  9.14454e-13
      2623.00  9.96855e-13
      2624.80  9.41018e-13
      2626.80  1.00957e-12
      2628.60  1.02060e-12
      2630.40  1.19171e-12
      2632.40  1.24185e-12
      2634.20  9.47268e-13
      2636.20  5.50674e-13
      2638.00  3.44301e-13
      2639.80  3.40212e-13
      2641.80  2.70364e-13
      2643.60  2.58440e-13
      2645.40  2.68277e-13
      2647.40  2.22934e-13
      2649.20  2.26469e-13
      2651.00  2.34344e-13
      2653.00  2.99998e-13
      2654.80  3.06244e-13
      2656.60  2.88305e-13
      2658.60  2.81042e-13
      2660.40  3.29675e-13
      2662.20  3.21786e-13
      2664.20  3.74429e-13
      2666.00  4.68737e-13
      2667.80  4.03750e-13
      2669.80  3.52132e-13
      2671.60  3.36581e-13
      2673.40  3.45278e-13
      2675.40  2.82821e-13
      2677.20  2.97158e-13
      2679.20  3.06194e-13
      2681.00  3.02527e-13
      2682.80  2.65886e-13
      2684.80  2.48121e-13
      2686.60  2.55605e-13
      2688.40  3.47971e-13
      2690.40  3.72776e-13
      2692.20  3.75033e-13
      2694.00  3.90903e-13
      2696.00  3.96983e-13
      2697.80  3.76509e-13
      2699.60  3.15880e-13
      2701.60  3.43907e-13
      2703.40  4.27346e-13
      2705.20  4.87944e-13
      2707.20  3.60939e-13
      2709.00  4.04792e-13
      2710.80  4.84879e-13
      2712.80  5.11679e-13
      2714.60  5.36823e-13
      2716.40  4.72462e-13
      2718.40  5.53728e-13
      2720.20  4.58273e-13
      2722.20  4.97943e-13
      2724.00  5.32796e-13
      2725.80  6.52050e-13
      2727.80  6.19226e-13
      2729.60  6.44128e-13
      2731.40  5.95045e-13
      2733.40  5.58386e-13
      2735.20  6.40510e-13
      2737.00  7.18492e-13
      2739.00  8.17486e-13
      2740.80  7.46204e-13
      2742.60  8.83494e-13
      2744.60  9.31875e-13
      2746.40  1.01383e-12
      2748.20  9.54061e-13
      2750.20  1.03004e-12
      2752.00  1.04558e-12
      2753.80  9.41534e-13
      2755.80  8.69908e-13
      2757.60  7.56801e-13
      2759.40  6.79222e-13
      2761.40  6.17848e-13
      2763.20  5.09854e-13
      2765.20  5.38219e-13
      2767.00  5.48335e-13
      2768.80  5.87463e-13
      2770.80  5.86780e-13
      2772.60  5.54424e-13
      2774.40  5.34340e-13
      2776.40  4.58397e-13
      2778.20  4.48290e-13
      2780.00  4.09314e-13
      2782.00  4.35959e-13
      2783.80  4.43087e-13
      2785.60  3.97327e-13
      2787.60  4.40822e-13
      2789.40  6.22032e-13
      2791.20  8.40504e-13
      2793.20  1.11566e-12
      2795.00  1.28367e-12
      2796.80  1.22614e-12
      2798.80  1.19646e-12
      2800.60  1.18347e-12
      2802.40  1.21589e-12
      2804.40  1.22738e-12
      2806.20  1.18893e-12
      2808.20  1.09735e-12
      2810.00  8.03870e-13
      2811.80  4.90369e-13
      2813.80  4.24782e-13
      2815.60  3.60860e-13
      2817.40  3.32597e-13
      2819.40  3.20689e-13
      2821.20  3.25720e-13
      2823.00  3.49184e-13
      2825.00  4.07274e-13
      2826.80  4.16691e-13
      2828.60  3.98200e-13
      2830.60  3.68220e-13
      2832.40  4.14146e-13
      2834.20  5.41096e-13
      2836.20  5.37456e-13
      2838.00  5.79601e-13
      2839.80  5.56388e-13
      2841.80  5.74800e-13
      2843.60  5.53201e-13
      2845.40  5.24034e-13
      2847.40  5.21029e-13
      2849.20  6.01842e-13
      2851.20  6.98055e-13
      2853.00  6.78385e-13
      2854.80  7.17893e-13
      2856.80  6.71021e-13
      2858.60  6.58995e-13
      2860.40  5.24065e-13
      2862.40  5.70419e-13
      2864.20  5.16187e-13
      2866.00  4.80520e-13
      2868.00  5.39992e-13
      2869.80  5.84374e-13
      2871.60  5.80719e-13
      2873.60  5.56947e-13
      2875.40  5.00068e-13
      2877.20  5.68594e-13
      2879.20  6.07632e-13
      2881.00  5.79665e-13
      2882.80  5.72074e-13
      2884.80  5.34357e-13
      2886.60  4.59611e-13
      2888.40  4.43772e-13
      2890.40  4.31953e-13
      2892.20  4.34653e-13
      2894.20  4.45337e-13
      2896.00  4.11589e-13
      2897.80  4.00158e-13
      2899.80  3.63713e-13
      2901.60  3.52607e-13
      2903.40  3.22376e-13
      2905.40  3.45369e-13
      2907.20  3.65591e-13
      2909.00  3.58061e-13
      2911.00  3.25923e-13
      2912.80  3.48177e-13
      2914.60  3.49104e-13
      2916.60  3.42199e-13
      2918.40  3.24630e-13
      2920.20  3.67194e-13
      2922.20  4.28185e-13
      2924.00  4.85798e-13
      2925.80  5.69709e-13
      2927.80  6.16124e-13
      2929.60  6.59540e-13
      2931.40  5.78927e-13
      2933.40  5.56809e-13
      2935.20  5.61906e-13
      2937.20  5.49496e-13
      2939.00  5.05338e-13
      2940.80  4.86548e-13
      2942.80  4.33997e-13
      2944.60  5.24462e-13
      2946.40  5.15533e-13
      2948.40  5.64492e-13
      2950.20  5.75256e-13
      2952.00  5.00649e-13
      2954.00  4.51608e-13
      2955.80  4.46911e-13
      2957.60  4.24500e-13
      2959.60  3.88070e-13
      2961.40  4.42092e-13
      2963.20  4.86470e-13
      2965.20  5.59639e-13
      2967.00  5.68181e-13
      2968.80  5.59445e-13
      2970.80  5.28675e-13
      2972.60  5.23165e-13
      2974.40  4.43793e-13
      2976.40  4.40880e-13
      2978.20  4.45212e-13
      2980.20  4.54758e-13
      2982.00  5.18805e-13
      2983.80  6.29653e-13
      2985.80  6.62225e-13
      2987.60  5.88109e-13
      2989.40  4.82008e-13
      2991.40  4.39538e-13
      2993.20  4.07178e-13
      2995.00  3.55515e-13
      2997.00  4.07877e-13
      2998.80  4.73012e-13
      3000.60  5.36196e-13
      3002.60  5.21628e-13
      3004.40  5.36630e-13
      3006.20  4.74039e-13
      3008.20  4.19004e-13
      3010.00  3.72726e-13
      3011.80  3.67323e-13
      3013.80  3.28876e-13
      3015.60  3.70516e-13
      3017.40  3.97462e-13
      3019.40  4.24574e-13
      3021.20  4.34215e-13
      3023.20  4.19575e-13
      3025.00  3.94637e-13
      3026.80  3.76595e-13
      3028.80  3.53828e-13
      3030.60  3.94572e-13
      3032.40  3.69151e-13
      3034.40  3.70227e-13
      3036.20  3.82953e-13
      3038.00  3.64661e-13
      3040.00  3.22947e-13
      3041.80  3.26011e-13
      3043.60  3.94932e-13
      3045.60  3.88919e-13
      3047.40  3.93074e-13
      3049.20  4.44948e-13
      3051.20  3.61410e-13
      3053.00  1.85314e-13
      3054.80  2.06173e-14
      3056.80 -3.22175e-14
      3058.60  1.21761e-13
      3060.40  2.89628e-13
      3062.40  3.48631e-13
      3064.20  3.54524e-13
      3066.20  3.60967e-13
      3068.00  3.68793e-13
      3069.80  3.80029e-13
      3071.80  3.84208e-13
      3073.60  4.40537e-13
      3075.40  4.57771e-13
      3077.40  4.40845e-13
      3079.20  4.07531e-13
      3081.00  3.53333e-13
      3083.00  3.26387e-13
      3084.80  3.45384e-13
      3086.60  3.23804e-13
      3088.60  3.49234e-13
      3090.40  4.07415e-13
      3092.20  4.06602e-13
      3094.20  4.72797e-13
      3096.00  4.63477e-13
      3097.80  4.59171e-13
      3099.80  4.22377e-13
      3101.60  4.39797e-13
      3103.40  4.38550e-13
      3105.40  4.30593e-13
      3107.20  4.09347e-13
      3109.20  4.10235e-13
      3111.00  4.09112e-13
      3112.80  4.17896e-13
      3114.80  3.76118e-13
      3116.60  3.55161e-13
      3118.40  3.76923e-13
      3120.40  4.51401e-13
      3122.20  4.64474e-13
      3124.00  4.59364e-13
      3126.00  4.30613e-13
      3127.80  4.29208e-13
      3129.60  4.45571e-13
      3131.60  5.51254e-13
      3133.40  5.32492e-13
      3135.20  5.58937e-13
      3137.20  5.36764e-13
      3139.00  5.01552e-13
      3140.80  4.90152e-13
      3142.80  4.62358e-13
      3144.60  5.24134e-13
      3146.40  5.21609e-13
      3148.40  5.00889e-13
      3150.20  4.88323e-13
      3152.20  4.76869e-13
      3154.00  4.70935e-13
      3155.80  4.81780e-13
      3157.80  4.50555e-13
      3159.60  4.84407e-13
      3161.40  5.61393e-13
      3163.40  5.18374e-13
      3165.20  4.35860e-13
      3167.00  3.87691e-13
      3169.00  3.71521e-13
      3170.80  4.29194e-13
      3172.60  4.59138e-13
      3174.60  4.93523e-13
      3176.40  5.76022e-13
      3178.20  6.51755e-13
      3180.20  6.28269e-13
      3182.00  6.79927e-13
      3183.80  6.65618e-13
      3185.80  6.44723e-13
      3187.60  5.76377e-13
      3189.40  5.59233e-13
      3191.40  5.35826e-13
      3193.20  6.13251e-13
      3195.20  6.59145e-13
      3197.00  5.73676e-13
      3198.80  4.84117e-13
      3200.80  4.67497e-13
      3202.60  5.08159e-13
      3204.40  5.65340e-13
      3206.40  5.36595e-13
      3208.20  6.07434e-13
      3210.00  6.75793e-13
      3212.00  8.09376e-13
      3213.80  7.93572e-13
      3215.60  7.09345e-13
      3217.60  5.84254e-13
      3219.40  6.05646e-13
      3221.20  5.89715e-13
      3223.20  5.98652e-13
      3225.00  7.24794e-13
      3226.80  7.58363e-13
      3228.80  7.25156e-13
      3230.60  7.40522e-13
      3232.40  6.86851e-13
      3234.40  6.13708e-13
      3236.20  6.14049e-13
      3238.20  5.98659e-13
      3240.00  5.15511e-13
      3241.80  5.24349e-13
      3243.80  6.21461e-13
      3245.60  6.41533e-13
      3247.40  6.51742e-13
      3249.40  5.99715e-13
      3251.20  4.88807e-13
      3253.00  4.52459e-13
      3255.00  5.34882e-13
      3256.80  5.23163e-13
      3258.60  5.07008e-13
      3260.60  5.56125e-13
      3262.40  5.46591e-13
      3264.20  6.36343e-13
      3266.20  6.70115e-13
      3268.00  5.10365e-13
      3269.80  4.22435e-13
      3271.80  3.53641e-13
      3273.60  4.36172e-13
      3275.40  6.01839e-13
      3277.40  7.05767e-13
      3279.20  8.28045e-13
      3281.20  9.81005e-13
      3283.00  9.66763e-13
      3284.80  8.80153e-13
      3286.80  7.73933e-13
      3288.60  7.74990e-13
      3290.40  7.78632e-13
      3292.40  8.09795e-13
      3294.20  7.72067e-13
      3296.00  7.24321e-13
      3298.00  6.41456e-13
      3299.80  5.92876e-13
      3301.60  3.66081e-13
      3303.60  3.35763e-13
      3305.40  3.67929e-13
      3307.20  3.88466e-13
      3309.20  4.00549e-13
      3311.00  3.86939e-13
      3312.80  3.85797e-13
      3314.80  3.80477e-13
      3316.60  3.62477e-13
      3318.40  3.70462e-13
      3320.40  3.45116e-13
      3322.20  2.68369e-13
      3324.20  2.88955e-13
      3326.00  3.19111e-13
      3327.80  3.17969e-13
      3329.80  2.90299e-13
      3331.60  2.42621e-13
      3333.40  2.69319e-13
      3335.40  2.87233e-13
      3337.20  2.67230e-13
      3339.00  3.25897e-13
      3341.00  3.97068e-13
      3342.80  2.99572e-13
      3344.60  2.47680e-13
      3346.60  3.03794e-13
      3348.40  3.14199e-13
      3350.20  3.35396e-13
      3352.20  2.86792e-13
      3354.00  2.22327e-13
      3355.80  2.47600e-13
      3357.80  3.06777e-13
      3359.60  3.68642e-13
      3361.40  3.76746e-13
      3363.40  3.11415e-13
      3365.20  3.02651e-13
      3367.20  2.19529e-13
      3369.00  2.24933e-13
      3370.80  2.56730e-13
      3372.80  3.08264e-13
      3374.60  2.88473e-13
      3376.40  3.04335e-13
      3378.40  3.99494e-13
      3380.20  3.66950e-13
      3382.00  3.33140e-13
      3384.00  4.53426e-13
      3550.06  3.96300e-13
      3551.80 -2.09800e-14
      3553.53 -3.92300e-13
      3555.27 -3.55100e-13
      3557.01  3.84900e-13
      3558.75  2.18200e-13
      3560.49  2.53900e-13
      3562.22  2.28600e-13
      3563.96  1.64300e-13
      3565.70  5.47400e-14
      3567.44  1.95700e-13
      3569.17  5.04400e-13
      3570.91  2.88600e-13
      3572.65  4.59100e-13
      3574.39 -1.15700e-13
      3576.13  9.39300e-14
      3577.86  1.92100e-13
      3579.60  4.59800e-13
      3581.34  6.46700e-13
      3583.08 -1.99400e-13
      3584.82  5.35600e-14
      3586.56  5.59800e-14
      3588.29 -1.06800e-13
      3590.03  6.31500e-13
      3591.77  4.32200e-13
      3593.51  5.67000e-13
      3595.25  4.59300e-13
      3596.98  7.56800e-13
      3598.72 -1.33900e-14
      3600.46  1.29000e-13
      3602.20 -6.67800e-14
      3603.94  2.23000e-13
      3605.68  2.00500e-13
      3607.41  4.65600e-13
      3609.15  4.99900e-13
      3610.89  3.61500e-13
      3612.63  7.70500e-13
      3614.37  3.19900e-13
      3616.11  6.09500e-13
      3617.84  1.35600e-13
      3619.58  5.97300e-13
      3621.32  2.19700e-13
      3623.06  1.08100e-13
      3624.80  4.29400e-14
      3626.54  3.21700e-13
      3628.27  2.61800e-13
      3630.01  4.73700e-13
      3631.75  1.46300e-13
      3633.49  3.69800e-13
      3635.23  5.00500e-13
      3636.97 -7.00600e-14
      3638.71  4.87200e-13
      3640.44  2.24300e-13
      3642.18  3.91300e-13
      3643.92  1.36000e-13
      3645.66  4.01000e-13
      3647.40  5.38200e-13
      3649.14  3.25200e-13
      3650.88  2.77500e-13
      3652.62  5.58600e-13
      3654.35  2.19000e-13
      3656.09  5.20500e-14
      3657.83  3.69000e-13
      3659.57  5.42400e-13
      3661.31  2.19300e-13
      3663.05  7.54200e-14
      3664.79  3.72000e-13
      3666.53  3.66700e-13
      3668.26  2.05500e-13
      3670.00  2.31900e-13
      3671.74  3.09400e-13
      3673.48  5.33700e-13
      3675.22  3.29800e-13
      3676.96  3.77400e-13
      3678.70  4.53700e-13
      3680.44  6.87800e-13
      3682.18  3.87200e-13
      3683.92  2.49600e-13
      3685.65  4.44100e-13
      3687.39  2.58600e-13
      3689.13  3.31200e-13
      3690.87  2.23500e-13
      3692.61  2.38000e-13
      3694.35  3.48400e-13
      3696.09  3.26700e-14
      3697.83  5.04900e-13
      3699.57  1.80200e-13
      3701.31  3.58600e-13
      3703.05  2.59600e-13
      3704.78  5.63000e-13
      3706.52  7.57300e-13
      3708.26  1.25900e-13
      3710.00  1.27200e-13
      3711.74  3.76100e-13
      3713.48  5.90600e-13
      3715.22  1.49900e-13
      3716.96  2.00800e-13
      3718.70  5.65400e-14
      3720.44  4.52400e-13
      3722.18  6.83300e-13
      3723.92  2.54100e-13
      3725.66  9.06900e-14
      3727.40  2.17800e-13
      3729.14  4.53800e-13
      3730.87  3.25200e-13
      3732.61  4.50200e-13
      3734.35  8.45400e-13
      3736.09  7.01500e-13
      3737.83  4.83200e-13
      3739.57  4.24800e-13
      3741.31  2.40200e-13
      3743.05  2.39700e-13
      3744.79  4.09300e-13
      3746.53  5.07600e-13
      3748.27  3.10500e-13
      3750.01  9.54000e-13
      3751.75  7.74700e-13
      3753.49  2.69100e-13
      3755.23  3.43400e-13
      3756.97  2.14600e-13
      3758.71  3.84300e-13
      3760.45  2.56600e-13
      3762.19  3.20300e-13
      3763.93  2.75800e-13
      3765.67  1.86100e-13
      3767.41  3.47000e-13
      3769.15  5.25800e-13
      3770.89  1.36200e-12
      3772.63  5.00700e-13
      3774.37  2.65600e-13
      3776.11  1.35200e-13
      3777.85  3.35500e-13
      3779.59  2.51000e-13
      3781.33  1.91200e-13
      3783.07  2.27500e-13
      3784.81  1.61000e-13
      3786.55  1.88900e-13
      3788.29  2.21800e-13
      3790.03  2.99900e-13
      3791.77  2.19700e-13
      3793.51  1.77200e-13
      3795.25  4.84100e-13
      3796.99  6.51300e-13
      3798.73  1.91600e-12
      3800.47  6.30700e-13
      3802.21  3.21000e-13
      3803.95  2.44000e-13
      3805.69  1.70100e-13
      3807.43  1.95600e-13
      3809.17  1.28400e-13
      3810.91  8.34500e-14
      3812.65  1.88300e-13
      3814.39  2.37900e-13
      3816.13  2.29100e-13
      3817.87  1.86000e-13
      3819.61  2.41800e-13
      3821.35  4.01800e-13
      3823.09  1.43700e-13
      3824.83  2.86900e-13
      3826.57  3.63400e-13
      3828.31  3.51500e-13
      3830.05  3.75900e-13
      3831.79  3.47800e-13
      3833.53  7.14400e-13
      3835.27  1.96700e-12
      3837.01  1.62300e-12
      3838.75  6.95700e-13
      3840.49  4.02800e-13
      3842.23  2.16700e-13
      3843.97  2.29400e-13
      3845.71  1.47100e-13
      3847.45  1.96200e-13
      3849.19  2.01800e-13
      3850.93  1.70900e-13
      3852.68  1.30700e-13
      3854.42  1.80200e-13
      3856.16  3.44300e-13
      3857.90  2.15500e-13
      3859.64  3.37300e-13
      3861.38  3.36600e-13
      3863.12  2.47700e-13
      3864.86  2.14100e-13
      3866.60  2.16200e-13
      3868.34  1.91800e-13
      3870.08  1.98400e-13
      3871.82  1.59500e-13
      3873.56  2.83000e-13
      3875.30  2.70700e-13
      3877.04  1.65700e-13
      3878.79  4.08100e-13
      3880.53  2.49700e-13
      3882.27  2.44000e-13
      3884.01  2.19500e-13
      3885.75  3.89900e-13
      3887.49  9.98000e-13
      3889.23  3.18900e-12
      3890.97  1.59800e-12
      3892.71  5.16200e-13
      3894.45  3.63800e-13
      3896.19  3.20000e-13
      3897.94  3.25000e-13
      3899.68  2.91300e-13
      3901.42  3.16600e-13
      3903.16  2.78200e-13
      3904.90  3.04100e-13
      3906.64  4.88800e-13
      3908.38  1.89500e-13
      3910.12  1.96100e-13
      3911.86  2.37000e-13
      3913.60  2.12600e-13
      3915.35  2.21200e-13
      3917.09  2.27500e-13
      3918.83  2.51300e-13
      3920.57  2.81900e-13
      3922.31  2.01600e-13
      3924.05  2.50200e-13
      3925.79  2.05900e-13
      3927.53  1.92900e-13
      3929.28  2.24500e-13
      3931.02  3.68600e-13
      3932.76  8.51800e-13
      3934.50  3.83200e-12
      3936.24  5.38100e-13
      3937.98  2.78200e-13
      3939.72  2.26300e-13
      3941.46  2.36900e-13
      3943.21  2.26400e-13
      3944.95  2.56400e-13
      3946.69  1.65200e-13
      3948.43  2.44000e-13
      3950.17  2.03900e-13
      3951.91  2.34900e-13
      3953.65  2.82000e-13
      3955.40  2.68200e-13
      3957.14  2.68800e-13
      3958.88  1.76300e-13
      3960.62  2.51500e-13
      3962.36  3.03500e-13
      3964.10  2.94300e-13
      3965.85  4.51900e-13
      3967.59  1.11700e-12
      3969.33  4.85600e-12
      3971.07  3.86700e-12
      3972.81  1.03500e-12
      3974.55  4.62500e-13
      3976.30  4.46800e-13
      3978.04  3.55900e-13
      3979.78  2.43800e-13
      3981.52  2.50500e-13
      3983.26  2.45300e-13
      3985.00  2.25000e-13
      3986.75  2.79400e-13
      3988.49  2.60100e-13
      3990.23  2.08800e-13
      3991.97  2.27800e-13
      3993.71  2.05300e-13
      3995.45  2.25000e-13
      3997.20  2.20300e-13
      3998.94  1.90100e-13
      4000.68  1.71700e-13
      4002.42  2.06100e-13
      4004.16  2.45800e-13
      4005.91  3.40600e-13
      4007.65  2.25700e-13
      4009.39  2.94000e-13
      4011.13  2.67500e-13
      4012.87  2.97200e-13
      4014.62  2.73400e-13
      4016.36  2.38300e-13
      4018.10  2.82300e-13
      4019.84  2.29700e-13
      4021.58  2.27900e-13
      4023.33  2.39400e-13
      4025.07  2.74500e-13
      4026.81  5.19900e-13
      4028.55  3.29400e-13
      4030.30  2.59700e-13
      4032.04  2.85900e-13
      4033.78  2.44200e-13
      4035.52  2.67300e-13
      4037.26  2.20100e-13
      4039.01  2.56300e-13
      4040.75  2.27900e-13
      4042.49  2.40800e-13
      4044.23  2.51500e-13
      4045.98  3.11300e-13
      4047.72  2.39300e-13
      4049.46  2.61100e-13
      4051.20  2.37400e-13
      4052.95  2.38200e-13
      4054.69  2.52800e-13
      4056.43  2.47500e-13
      4058.17  2.79700e-13
      4059.91  2.43700e-13
      4061.66  2.62100e-13
      4063.40  2.90900e-13
      4065.14  2.57800e-13
      4066.88  2.68700e-13
      4068.63  2.41500e-13
      4070.37  2.41700e-13
      4072.11  2.93800e-13
      4073.85  2.26800e-13
      4075.60  2.39300e-13
      4077.34  3.43000e-13
      4079.08  3.56100e-13
      4080.83  2.59200e-13
      4082.57  2.37600e-13
      4084.31  2.86600e-13
      4086.05  2.85600e-13
      4087.80  2.95300e-13
      4089.54  2.83700e-13
      4091.28  2.45800e-13
      4093.02  2.69500e-13
      4094.77  3.35900e-13
      4096.51  3.56300e-13
      4098.25  5.58200e-13
      4100.00  1.09300e-12
      4101.74  4.36600e-12
      4103.48  2.87100e-12
      4105.22  8.62700e-13
      4106.97  5.15500e-13
      4108.71  3.44400e-13
      4110.45  3.54900e-13
      4112.20  3.02100e-13
      4113.94  2.58500e-13
      4115.68  3.04400e-13
      4117.42  2.64900e-13
      4119.17  2.87800e-13
      4120.91  3.05400e-13
      4122.65  3.03600e-13
      4124.40  2.64200e-13
      4126.14  3.13900e-13
      4127.88  2.98400e-13
      4129.63  2.85500e-13
      4131.37  2.72600e-13
      4133.11  3.24300e-13
      4134.85  3.21600e-13
      4136.60  2.73600e-13
      4138.34  2.87700e-13
      4140.08  2.53300e-13
      4141.83  2.68600e-13
      4143.57  3.56900e-13
      4145.31  3.53500e-13
      4147.06  2.94000e-13
      4148.80  2.92900e-13
      4150.54  2.69600e-13
      4152.29  2.70800e-13
      4154.03  3.19800e-13
      4155.77  3.16700e-13
      4157.52  3.08600e-13
      4159.26  3.12200e-13
      4161.00  3.10400e-13
      4162.75  2.58900e-13
      4164.49  3.06900e-13
      4166.23  2.70000e-13
      4167.98  2.99500e-13
      4169.72  2.81700e-13
      4171.46  3.37700e-13
      4173.21  3.25400e-13
      4174.95  3.32800e-13
      4176.69  3.09000e-13
      4178.44  3.71200e-13
      4180.18  3.65200e-13
      4181.93  3.10300e-13
      4183.67  3.13200e-13
      4185.41  2.93500e-13
      4187.16  3.10000e-13
      4188.90  3.18700e-13
      4190.64  2.73200e-13
      4192.39  3.03900e-13
      4194.13  2.73300e-13
      4195.87  2.66600e-13
      4197.62  3.02900e-13
      4199.36  3.48300e-13
      4201.11  2.86300e-13
      4202.85  3.49200e-13
      4204.59  2.99700e-13
      4206.34  2.98600e-13
      4208.08  2.81500e-13
      4209.82  2.65700e-13
      4211.57  2.57000e-13
      4213.31  2.59400e-13
      4215.06  3.59000e-13
      4216.80  4.01000e-13
      4218.54  2.49300e-13
      4220.29  1.89200e-13
      4222.03  2.06800e-13
      4223.78  1.97400e-13
      4225.52  2.10600e-13
      4227.26  4.39000e-13
      4229.01  1.78400e-13
      4230.75  1.92600e-13
      4232.50  2.56700e-13
      4234.24  3.83600e-13
      4235.98  2.81300e-13
      4237.73  2.48000e-13
      4239.47  2.77100e-13
      4241.22  2.41900e-13
      4242.96  2.27400e-13
      4244.70  2.34600e-13
      4246.45  2.73400e-13
      4248.19  2.94200e-13
      4249.94  2.70200e-13
      4251.68  3.24100e-13
      4253.43  2.38200e-13
      4255.17  2.95400e-13
      4256.91  2.42900e-13
      4258.66  2.73200e-13
      4260.40  2.95700e-13
      4262.15  2.73600e-13
      4263.89  2.49300e-13
      4265.64  2.53600e-13
      4267.38  2.71900e-13
      4269.12  2.83100e-13
      4270.87  2.84600e-13
      4272.61  3.39000e-13
      4274.36  2.81400e-13
      4276.10  3.01200e-13
      4277.85  2.60100e-13
      4279.59  3.01700e-13
      4281.33  3.06600e-13
      4283.08  3.22900e-13
      4284.82  2.69700e-13
      4286.57  2.90400e-13
      4288.31  2.68300e-13
      4290.06  3.53700e-13
      4291.80  2.94700e-13
      4293.55  3.17500e-13
      4295.29  3.73100e-13
      4297.04  3.19400e-13
      4298.78  3.07300e-13
      4300.52  3.85700e-13
      4302.27  3.32700e-13
      4304.01  3.63800e-13
      4305.76  3.13200e-13
      4307.50  3.48900e-13
      4309.25  3.53800e-13
      4310.99  3.39200e-13
      4312.74  3.74700e-13
      4314.48  3.86600e-13
      4316.23  3.32000e-13
      4317.97  2.77500e-13
      4319.72  2.93300e-13
      4321.46  3.29100e-13
      4323.21  2.99300e-13
      4324.95  3.52900e-13
      4326.70  3.90300e-13
      4328.44  3.34300e-13
      4330.19  3.68500e-13
      4331.93  3.51800e-13
      4333.68  4.16800e-13
      4335.42  4.91600e-13
      4337.17  7.41600e-13
      4338.91  1.57000e-12
      4340.66  5.78600e-12
      4342.40  2.92600e-12
      4344.15  9.78000e-13
      4345.89  5.54200e-13
      4347.64  4.53300e-13
      4349.38  4.15400e-13
      4351.13  4.12400e-13
      4352.87  4.98000e-13
      4354.62  2.84900e-13
      4356.36  3.11200e-13
      4358.11  3.32300e-13
      4359.85  3.29800e-13
      4361.60  3.05000e-13
      4363.34  2.87800e-13
      4365.09  3.02600e-13
      4366.83  3.36000e-13
      4368.58  3.30900e-13
      4370.32  3.46800e-13
      4372.07  3.40400e-13
      4373.81  3.55500e-13
      4375.56  3.66400e-13
      4377.30  3.79500e-13
      4379.05  3.37200e-13
      4380.80  2.85200e-13
      4382.54  3.47700e-13
      4384.29  4.40300e-13
      4386.03  4.09200e-13
      4387.78  4.21600e-13
      4389.52  3.84100e-13
      4391.27  3.59700e-13
      4393.01  3.58200e-13
      4394.76  3.75800e-13
      4396.50  3.74400e-13
      4398.25  3.20500e-13
      4400.00  3.61300e-13
      4401.74  3.99000e-13
      4403.49  3.53300e-13
      4405.23  3.99800e-13
      4406.98  3.50200e-13
      4408.72  3.81000e-13
      4410.47  3.81400e-13
      4412.21  3.38400e-13
      4413.96  3.83700e-13
      4415.71  4.59700e-13
      4417.45  4.61100e-13
      4419.20  4.30600e-13
      4420.94  3.48200e-13
      4422.69  3.77600e-13
      4424.44  3.61200e-13
      4426.18  3.16100e-13
      4427.93  4.08500e-13
      4429.67  3.46100e-13
      4431.42  3.95000e-13
      4433.16  4.17900e-13
      4434.91  3.40900e-13
      4436.66  3.62800e-13
      4438.40  3.77400e-13
      4440.15  5.56000e-13
