Left Bin Edge (nm)	Right Bin Edge (nm)	Bin Center (nm)		Top of Atm Flux (erg/s/nm/cm2)
1.0000000e+02		1.0100000e+02		1.0050000e+02		4.4569042e-02
1.0100000e+02		1.0200000e+02		1.0150000e+02		1.7387199e-01
1.0200000e+02		1.0300000e+02		1.0250000e+02		9.2286085e-01
1.0300000e+02		1.0400000e+02		1.0350000e+02		7.0094286e-01
1.0400000e+02		1.0500000e+02		1.0450000e+02		1.4124828e-01
1.0500000e+02		1.0600000e+02		1.0550000e+02		4.8389941e-02
1.0600000e+02		1.0700000e+02		1.0650000e+02		4.5487167e-02
1.0700000e+02		1.0800000e+02		1.0750000e+02		5.0757295e-02
1.0800000e+02		1.0900000e+02		1.0850000e+02		7.1152114e-02
1.0900000e+02		1.1000000e+02		1.0950000e+02		5.5817450e-02
1.1000000e+02		1.1100000e+02		1.1050000e+02		5.4043772e-02
1.1100000e+02		1.1200000e+02		1.1150000e+02		5.0797691e-02
1.1200000e+02		1.1300000e+02		1.1250000e+02		5.1969037e-02
1.1300000e+02		1.1400000e+02		1.1350000e+02		4.1221387e-02
1.1400000e+02		1.1500000e+02		1.1450000e+02		3.1562600e-02
1.1500000e+02		1.1600000e+02		1.1550000e+02		4.3552050e-02
1.1600000e+02		1.1700000e+02		1.1650000e+02		1.0143732e-01
1.1700000e+02		1.1800000e+02		1.1750000e+02		3.6108525e-01
1.1800000e+02		1.1900000e+02		1.1850000e+02		1.2283927e-01
1.1900000e+02		1.2000000e+02		1.1950000e+02		1.7115732e-01
1.2000000e+02		1.2100000e+02		1.2050000e+02		9.3056497e-01
1.2100000e+02		1.2200000e+02		1.2150000e+02		3.6941242e+01
1.2200000e+02		1.2300000e+02		1.2250000e+02		2.4773856e-01
1.2300000e+02		1.2400000e+02		1.2350000e+02		1.3344721e-01
1.2400000e+02		1.2500000e+02		1.2450000e+02		1.0726631e-01
1.2500000e+02		1.2600000e+02		1.2550000e+02		1.0471361e-01
1.2600000e+02		1.2700000e+02		1.2650000e+02		1.4644878e-01
1.2700000e+02		1.2800000e+02		1.2750000e+02		7.6659940e-02
1.2800000e+02		1.2900000e+02		1.2850000e+02		6.1165494e-02
1.2900000e+02		1.3000000e+02		1.2950000e+02		8.1594975e-02
1.3000000e+02		1.3100000e+02		1.3050000e+02		6.7007791e-01
1.3100000e+02		1.3200000e+02		1.3150000e+02		9.0731094e-02
1.3200000e+02		1.3300000e+02		1.3250000e+02		7.0547730e-02
1.3300000e+02		1.3400000e+02		1.3350000e+02		9.5357088e-01
1.3400000e+02		1.3500000e+02		1.3450000e+02		6.5246966e-02
1.3500000e+02		1.3600000e+02		1.3550000e+02		1.3692679e-01
1.3600000e+02		1.3700000e+02		1.3650000e+02		8.9861989e-02
1.3700000e+02		1.3800000e+02		1.3750000e+02		9.2282630e-02
1.3800000e+02		1.3900000e+02		1.3850000e+02		9.4180145e-02
1.3900000e+02		1.4000000e+02		1.3950000e+02		3.1801144e-01
1.4000000e+02		1.4100000e+02		1.4050000e+02		2.7729440e-01
1.4100000e+02		1.4200000e+02		1.4150000e+02		1.3359910e-01
1.4200000e+02		1.4300000e+02		1.4250000e+02		1.4479671e-01
1.4300000e+02		1.4400000e+02		1.4350000e+02		1.6064305e-01
1.4400000e+02		1.4500000e+02		1.4450000e+02		1.5363637e-01
1.4500000e+02		1.4600000e+02		1.4550000e+02		1.6382583e-01
1.4600000e+02		1.4700000e+02		1.4650000e+02		1.9977093e-01
1.4700000e+02		1.4800000e+02		1.4750000e+02		2.4643334e-01
1.4800000e+02		1.4900000e+02		1.4850000e+02		2.4167300e-01
1.4900000e+02		1.5000000e+02		1.4950000e+02		2.1832777e-01
1.5000000e+02		1.5100000e+02		1.5050000e+02		2.4023073e-01
1.5100000e+02		1.5200000e+02		1.5150000e+02		2.5258505e-01
1.5200000e+02		1.5300000e+02		1.5250000e+02		3.2229547e-01
1.5300000e+02		1.5400000e+02		1.5350000e+02		3.5701286e-01
1.5400000e+02		1.5500000e+02		1.5450000e+02		9.5486931e-01
1.5500000e+02		1.5600000e+02		1.5550000e+02		7.8587524e-01
1.5600000e+02		1.5700000e+02		1.5650000e+02		4.6648084e-01
1.5700000e+02		1.5800000e+02		1.5750000e+02		4.2309893e-01
1.5800000e+02		1.5900000e+02		1.5850000e+02		3.9008072e-01
1.5900000e+02		1.6000000e+02		1.5950000e+02		3.8042347e-01
1.6000000e+02		1.6100000e+02		1.6050000e+02		4.1635449e-01
1.6100000e+02		1.6200000e+02		1.6150000e+02		4.7164413e-01
1.6200000e+02		1.6300000e+02		1.6250000e+02		5.2241459e-01
1.6300000e+02		1.6400000e+02		1.6350000e+02		1.1072121e+00
1.6400000e+02		1.6500000e+02		1.6450000e+02		1.1323318e+00
1.6500000e+02		1.6600000e+02		1.6550000e+02		1.3255566e+00
1.6600000e+02		1.6700000e+02		1.6650000e+02		6.2522883e-01
1.6700000e+02		1.6800000e+02		1.6750000e+02		6.6723830e-01
1.6800000e+02		1.6900000e+02		1.6850000e+02		7.1904320e-01
1.6900000e+02		1.7000000e+02		1.6950000e+02		9.0554889e-01
1.7000000e+02		1.7100000e+02		1.7050000e+02		1.0161854e+00
1.7100000e+02		1.7200000e+02		1.7150000e+02		1.0130704e+00
1.7200000e+02		1.7300000e+02		1.7250000e+02		1.0571150e+00
1.7300000e+02		1.7400000e+02		1.7350000e+02		1.0479596e+00
1.7400000e+02		1.7500000e+02		1.7450000e+02		1.2530722e+00
1.7500000e+02		1.7600000e+02		1.7550000e+02		1.4954862e+00
1.7600000e+02		1.7700000e+02		1.7650000e+02		1.6135596e+00
1.7700000e+02		1.7800000e+02		1.7750000e+02		1.9010195e+00
1.7800000e+02		1.7900000e+02		1.7850000e+02		2.0776624e+00
1.7900000e+02		1.8000000e+02		1.7950000e+02		2.0198657e+00
1.8000000e+02		1.8100000e+02		1.8050000e+02		2.4976225e+00
1.8100000e+02		1.8200000e+02		1.8150000e+02		3.0410490e+00
1.8200000e+02		1.8300000e+02		1.8250000e+02		2.8073836e+00
1.8300000e+02		1.8400000e+02		1.8350000e+02		2.9562417e+00
1.8400000e+02		1.8500000e+02		1.8450000e+02		2.5409769e+00
1.8500000e+02		1.8600000e+02		1.8550000e+02		2.8735562e+00
1.8600000e+02		1.8700000e+02		1.8650000e+02		3.2604304e+00
1.8700000e+02		1.8800000e+02		1.8750000e+02		3.6946466e+00
1.8800000e+02		1.8900000e+02		1.8850000e+02		3.8870616e+00
1.8900000e+02		1.9000000e+02		1.8950000e+02		4.3106081e+00
1.9000000e+02		1.9100000e+02		1.9050000e+02		4.4384288e+00
1.9100000e+02		1.9200000e+02		1.9150000e+02		4.8094361e+00
1.9200000e+02		1.9300000e+02		1.9250000e+02		5.0365493e+00
1.9300000e+02		1.9400000e+02		1.9350000e+02		3.8447944e+00
1.9400000e+02		1.9500000e+02		1.9450000e+02		6.1679797e+00
1.9500000e+02		1.9600000e+02		1.9550000e+02		5.9528271e+00
1.9600000e+02		1.9700000e+02		1.9650000e+02		6.5508102e+00
1.9700000e+02		1.9800000e+02		1.9750000e+02		6.5190955e+00
1.9800000e+02		1.9900000e+02		1.9850000e+02		6.3883794e+00
1.9900000e+02		2.0000000e+02		1.9950000e+02		6.7274707e+00
2.0000000e+02		2.0100000e+02		2.0050000e+02		7.1125146e+00
2.0100000e+02		2.0200000e+02		2.0150000e+02		7.5701275e+00
2.0200000e+02		2.0300000e+02		2.0250000e+02		7.4828608e+00
2.0300000e+02		2.0400000e+02		2.0350000e+02		8.0092047e+00
2.0400000e+02		2.0500000e+02		2.0450000e+02		8.6207445e+00
2.0500000e+02		2.0600000e+02		2.0550000e+02		8.6400754e+00
2.0600000e+02		2.0700000e+02		2.0650000e+02		8.6510225e+00
2.0700000e+02		2.0800000e+02		2.0750000e+02		9.3957826e+00
2.0800000e+02		2.0900000e+02		2.0850000e+02		1.0163489e+01
2.0900000e+02		2.1000000e+02		2.0950000e+02		1.3129215e+01
2.1000000e+02		2.1100000e+02		2.1050000e+02		1.6183343e+01
2.1100000e+02		2.1200000e+02		2.1150000e+02		1.8424170e+01
2.1200000e+02		2.1300000e+02		2.1250000e+02		1.6428561e+01
2.1300000e+02		2.1400000e+02		2.1350000e+02		1.6737981e+01
2.1400000e+02		2.1500000e+02		2.1450000e+02		2.1432541e+01
2.1500000e+02		2.1600000e+02		2.1550000e+02		1.8408135e+01
2.1600000e+02		2.1700000e+02		2.1650000e+02		1.7036901e+01
2.1700000e+02		2.1800000e+02		2.1750000e+02		1.7640866e+01
2.1800000e+02		2.1900000e+02		2.1850000e+02		2.3730294e+01
2.1900000e+02		2.2000000e+02		2.1950000e+02		2.5052511e+01
2.2000000e+02		2.2100000e+02		2.2050000e+02		2.5203754e+01
2.2100000e+02		2.2200000e+02		2.2150000e+02		2.0176768e+01
2.2200000e+02		2.2300000e+02		2.2250000e+02		2.7154039e+01
2.2300000e+02		2.2400000e+02		2.2350000e+02		3.5163062e+01
2.2400000e+02		2.2500000e+02		2.2450000e+02		3.2875934e+01
2.2500000e+02		2.2600000e+02		2.2550000e+02		2.8720078e+01
2.2600000e+02		2.2700000e+02		2.2650000e+02		2.1037217e+01
2.2700000e+02		2.2800000e+02		2.2750000e+02		2.0463841e+01
2.2800000e+02		2.2900000e+02		2.2850000e+02		2.8509984e+01
2.2900000e+02		2.3000000e+02		2.2950000e+02		2.5620938e+01
2.3000000e+02		2.3100000e+02		2.3050000e+02		2.9055844e+01
2.3100000e+02		2.3200000e+02		2.3150000e+02		2.7387429e+01
2.3200000e+02		2.3300000e+02		2.3250000e+02		2.9413108e+01
2.3300000e+02		2.3400000e+02		2.3350000e+02		2.6543685e+01
2.3400000e+02		2.3500000e+02		2.3450000e+02		2.3194371e+01
2.3500000e+02		2.3600000e+02		2.3550000e+02		3.1223226e+01
2.3600000e+02		2.3700000e+02		2.3650000e+02		2.8911473e+01
2.3700000e+02		2.3800000e+02		2.3750000e+02		3.0878004e+01
2.3800000e+02		2.3900000e+02		2.3850000e+02		2.5598090e+01
2.3900000e+02		2.4000000e+02		2.3950000e+02		2.7890834e+01
2.4000000e+02		2.4100000e+02		2.4050000e+02		2.5623038e+01
2.4100000e+02		2.4200000e+02		2.4150000e+02		3.0005079e+01
2.4200000e+02		2.4300000e+02		2.4250000e+02		4.1301739e+01
2.4300000e+02		2.4400000e+02		2.4350000e+02		3.8791639e+01
2.4400000e+02		2.4500000e+02		2.4450000e+02		3.6329084e+01
2.4500000e+02		2.4600000e+02		2.4550000e+02		2.9476122e+01
2.4600000e+02		2.4700000e+02		2.4650000e+02		2.8685918e+01
2.4700000e+02		2.4800000e+02		2.4750000e+02		3.1678139e+01
2.4800000e+02		2.4900000e+02		2.4850000e+02		2.5406301e+01
2.4900000e+02		2.5000000e+02		2.4950000e+02		3.0967514e+01
2.5000000e+02		2.5100000e+02		2.5050000e+02		3.3448743e+01
2.5100000e+02		2.5200000e+02		2.5150000e+02		2.7888154e+01
2.5200000e+02		2.5300000e+02		2.5250000e+02		2.5069906e+01
2.5300000e+02		2.5400000e+02		2.5350000e+02		3.1592540e+01
2.5400000e+02		2.5500000e+02		2.5450000e+02		3.5730773e+01
2.5500000e+02		2.5600000e+02		2.5550000e+02		4.8755658e+01
2.5600000e+02		2.5700000e+02		2.5650000e+02		6.2803876e+01
2.5700000e+02		2.5800000e+02		2.5750000e+02		7.8843355e+01
2.5800000e+02		2.5900000e+02		2.5850000e+02		8.2991293e+01
2.5900000e+02		2.6000000e+02		2.5950000e+02		7.0629481e+01
2.6000000e+02		2.6100000e+02		2.6050000e+02		5.7868388e+01
2.6100000e+02		2.6200000e+02		2.6150000e+02		5.9092703e+01
2.6200000e+02		2.6300000e+02		2.6250000e+02		7.0528613e+01
2.6300000e+02		2.6400000e+02		2.6350000e+02		1.0614195e+02
2.6400000e+02		2.6500000e+02		2.6450000e+02		1.6548208e+02
2.6500000e+02		2.6600000e+02		2.6550000e+02		1.7356948e+02
2.6600000e+02		2.6700000e+02		2.6650000e+02		1.6826276e+02
2.6700000e+02		2.6800000e+02		2.6750000e+02		1.6940220e+02
2.6800000e+02		2.6900000e+02		2.6850000e+02		1.6778062e+02
2.6900000e+02		2.7000000e+02		2.6950000e+02		1.5737310e+02
2.7000000e+02		2.7100000e+02		2.7050000e+02		1.8181465e+02
2.7100000e+02		2.7200000e+02		2.7150000e+02		1.5108640e+02
2.7200000e+02		2.7300000e+02		2.7250000e+02		1.2154404e+02
2.7300000e+02		2.7400000e+02		2.7350000e+02		1.2960124e+02
2.7400000e+02		2.7500000e+02		2.7450000e+02		8.9183780e+01
2.7500000e+02		2.7600000e+02		2.7550000e+02		1.1893609e+02
2.7600000e+02		2.7700000e+02		2.7650000e+02		1.6564211e+02
2.7700000e+02		2.7800000e+02		2.7750000e+02		1.5837296e+02
2.7800000e+02		2.7900000e+02		2.7850000e+02		1.0921797e+02
2.7900000e+02		2.8000000e+02		2.7950000e+02		6.1368404e+01
2.8000000e+02		2.8100000e+02		2.8050000e+02		6.7313201e+01
2.8100000e+02		2.8200000e+02		2.8150000e+02		1.3943196e+02
2.8200000e+02		2.8300000e+02		2.8250000e+02		1.8983287e+02
2.8300000e+02		2.8400000e+02		2.8350000e+02		1.9610227e+02
2.8400000e+02		2.8500000e+02		2.8450000e+02		1.4459284e+02
2.8500000e+02		2.8600000e+02		2.8550000e+02		9.2944992e+01
2.8600000e+02		2.8700000e+02		2.8650000e+02		1.9045522e+02
2.8700000e+02		2.8800000e+02		2.8750000e+02		2.2108403e+02
2.8800000e+02		2.8900000e+02		2.8850000e+02		2.1010240e+02
2.8900000e+02		2.9000000e+02		2.8950000e+02		3.1885068e+02
2.9000000e+02		2.9100000e+02		2.9050000e+02		4.1860542e+02
2.9100000e+02		2.9200000e+02		2.9150000e+02		4.0318642e+02
2.9200000e+02		2.9300000e+02		2.9250000e+02		3.5818014e+02
2.9300000e+02		2.9400000e+02		2.9350000e+02		3.7393440e+02
2.9400000e+02		2.9500000e+02		2.9450000e+02		3.4819581e+02
2.9500000e+02		2.9600000e+02		2.9550000e+02		3.7701055e+02
2.9600000e+02		2.9700000e+02		2.9650000e+02		3.4493460e+02
2.9700000e+02		2.9800000e+02		2.9750000e+02		3.5165811e+02
2.9800000e+02		2.9900000e+02		2.9850000e+02		3.0223333e+02
2.9900000e+02		3.0000000e+02		2.9950000e+02		3.4101318e+02
3.0000000e+02		3.0100000e+02		3.0050000e+02		2.7131061e+02
3.0100000e+02		3.0200000e+02		3.0150000e+02		3.1202593e+02
3.0200000e+02		3.0300000e+02		3.0250000e+02		3.2846528e+02
3.0300000e+02		3.0400000e+02		3.0350000e+02		4.2601061e+02
3.0400000e+02		3.0500000e+02		3.0450000e+02		4.0776836e+02
3.0500000e+02		3.0600000e+02		3.0550000e+02		4.1174793e+02
3.0600000e+02		3.0700000e+02		3.0650000e+02		3.9053943e+02
3.0700000e+02		3.0800000e+02		3.0750000e+02		4.3847484e+02
3.0800000e+02		3.0900000e+02		3.0850000e+02		4.3035211e+02
3.0900000e+02		3.1000000e+02		3.0950000e+02		3.4901328e+02
3.1000000e+02		3.1100000e+02		3.1050000e+02		4.3927411e+02
3.1100000e+02		3.1200000e+02		3.1150000e+02		5.2246540e+02
3.1200000e+02		3.1300000e+02		3.1250000e+02		4.6521908e+02
3.1300000e+02		3.1400000e+02		3.1350000e+02		4.9544367e+02
3.1400000e+02		3.1500000e+02		3.1450000e+02		4.6729179e+02
3.1500000e+02		3.1600000e+02		3.1550000e+02		4.5343123e+02
3.1600000e+02		3.1700000e+02		3.1650000e+02		4.4229406e+02
3.1700000e+02		3.1800000e+02		3.1750000e+02		5.6102832e+02
3.1800000e+02		3.1900000e+02		3.1850000e+02		4.6340678e+02
3.1900000e+02		3.2000000e+02		3.1950000e+02		4.9774832e+02
3.2000000e+02		3.2100000e+02		3.2050000e+02		5.7184857e+02
3.2100000e+02		3.2200000e+02		3.2150000e+02		4.8024660e+02
3.2200000e+02		3.2300000e+02		3.2250000e+02		4.8228681e+02
3.2300000e+02		3.2400000e+02		3.2350000e+02		4.6607071e+02
3.2400000e+02		3.2500000e+02		3.2450000e+02		5.4882129e+02
3.2500000e+02		3.2600000e+02		3.2550000e+02		6.3196128e+02
3.2600000e+02		3.2700000e+02		3.2650000e+02		7.1301257e+02
3.2700000e+02		3.2800000e+02		3.2750000e+02		6.8984049e+02
3.2800000e+02		3.2900000e+02		3.2850000e+02		6.6596082e+02
3.2900000e+02		3.3000000e+02		3.2950000e+02		7.7527139e+02
3.3000000e+02		3.3100000e+02		3.3050000e+02		7.3029799e+02
3.3100000e+02		3.3200000e+02		3.3150000e+02		6.9881652e+02
3.3200000e+02		3.3300000e+02		3.3250000e+02		6.8562051e+02
3.3300000e+02		3.3400000e+02		3.3350000e+02		6.5878216e+02
3.3400000e+02		3.3500000e+02		3.3450000e+02		6.9405546e+02
3.3500000e+02		3.3600000e+02		3.3550000e+02		6.8541663e+02
3.3600000e+02		3.3700000e+02		3.3650000e+02		5.6469084e+02
3.3700000e+02		3.3800000e+02		3.3750000e+02		5.9573781e+02
3.3800000e+02		3.3900000e+02		3.3850000e+02		6.4448401e+02
3.3900000e+02		3.4000000e+02		3.3950000e+02		6.7448220e+02
3.4000000e+02		3.4100000e+02		3.4050000e+02		7.1196374e+02
3.4100000e+02		3.4200000e+02		3.4150000e+02		6.4984945e+02
3.4200000e+02		3.4300000e+02		3.4250000e+02		7.0477558e+02
3.4300000e+02		3.4400000e+02		3.4350000e+02		6.9264465e+02
3.4400000e+02		3.4500000e+02		3.4450000e+02		5.5710877e+02
3.4500000e+02		3.4600000e+02		3.4550000e+02		6.7138909e+02
3.4600000e+02		3.4700000e+02		3.4650000e+02		6.5194093e+02
3.4700000e+02		3.4800000e+02		3.4750000e+02		6.4525828e+02
3.4800000e+02		3.4900000e+02		3.4850000e+02		6.6761091e+02
3.4900000e+02		3.5000000e+02		3.4950000e+02		6.3989005e+02
3.5000000e+02		3.5100000e+02		3.5050000e+02		7.6650484e+02
3.5100000e+02		3.5200000e+02		3.5150000e+02		7.1211510e+02
3.5200000e+02		3.5300000e+02		3.5250000e+02		6.5785102e+02
3.5300000e+02		3.5400000e+02		3.5350000e+02		7.5263834e+02
3.5400000e+02		3.5500000e+02		3.5450000e+02		8.0329241e+02
3.5500000e+02		3.5600000e+02		3.5550000e+02		7.5433512e+02
3.5600000e+02		3.5700000e+02		3.5650000e+02		6.5576441e+02
3.5700000e+02		3.5800000e+02		3.5750000e+02		5.7307986e+02
3.5800000e+02		3.5900000e+02		3.5850000e+02		4.9194729e+02
3.5900000e+02		3.6000000e+02		3.5950000e+02		7.1030971e+02
3.6000000e+02		3.6100000e+02		3.6050000e+02		7.0092701e+02
3.6100000e+02		3.6200000e+02		3.6150000e+02		6.5110481e+02
3.6200000e+02		3.6300000e+02		3.6250000e+02		7.3500056e+02
3.6300000e+02		3.6400000e+02		3.6350000e+02		7.1558904e+02
3.6400000e+02		3.6500000e+02		3.6450000e+02		7.4837927e+02
3.6500000e+02		3.6600000e+02		3.6550000e+02		8.5179486e+02
3.6600000e+02		3.6700000e+02		3.6650000e+02		9.1042532e+02
3.6700000e+02		3.6800000e+02		3.6750000e+02		8.7909512e+02
3.6800000e+02		3.6900000e+02		3.6850000e+02		8.1047729e+02
3.6900000e+02		3.7000000e+02		3.6950000e+02		8.9967825e+02
3.7000000e+02		3.7100000e+02		3.7050000e+02		8.4427990e+02
3.7100000e+02		3.7200000e+02		3.7150000e+02		8.7164560e+02
3.7200000e+02		3.7300000e+02		3.7250000e+02		7.2411383e+02
3.7300000e+02		3.7400000e+02		3.7350000e+02		6.3155746e+02
3.7400000e+02		3.7500000e+02		3.7450000e+02		6.4642322e+02
3.7500000e+02		3.7600000e+02		3.7550000e+02		7.4036161e+02
3.7600000e+02		3.7700000e+02		3.7650000e+02		7.6758018e+02
3.7700000e+02		3.7800000e+02		3.7750000e+02		9.0048278e+02
3.7800000e+02		3.7900000e+02		3.7850000e+02		9.3786543e+02
3.7900000e+02		3.8000000e+02		3.7950000e+02		7.6051322e+02
3.8000000e+02		3.8100000e+02		3.8050000e+02		8.2814537e+02
3.8100000e+02		3.8200000e+02		3.8150000e+02		7.4366886e+02
3.8200000e+02		3.8300000e+02		3.8250000e+02		5.3336093e+02
3.8300000e+02		3.8400000e+02		3.8350000e+02		4.7073026e+02
3.8400000e+02		3.8500000e+02		3.8450000e+02		6.2969557e+02
3.8500000e+02		3.8600000e+02		3.8550000e+02		6.6694888e+02
3.8600000e+02		3.8700000e+02		3.8650000e+02		6.6977732e+02
3.8700000e+02		3.8800000e+02		3.8750000e+02		6.6902499e+02
3.8800000e+02		3.8900000e+02		3.8850000e+02		6.7841027e+02
3.8900000e+02		3.9000000e+02		3.8950000e+02		8.1451188e+02
3.9000000e+02		3.9100000e+02		3.9050000e+02		8.5560997e+02
3.9100000e+02		3.9200000e+02		3.9150000e+02		9.2006232e+02
3.9200000e+02		3.9300000e+02		3.9250000e+02		7.0614281e+02
3.9300000e+02		3.9400000e+02		3.9350000e+02		4.3291589e+02
3.9400000e+02		3.9500000e+02		3.9450000e+02		7.1565803e+02
3.9500000e+02		3.9600000e+02		3.9550000e+02		8.7888136e+02
3.9600000e+02		3.9700000e+02		3.9650000e+02		6.0712893e+02
3.9700000e+02		3.9800000e+02		3.9750000e+02		6.8053003e+02
3.9800000e+02		3.9900000e+02		3.9850000e+02		1.0480559e+03
3.9900000e+02		4.0000000e+02		3.9950000e+02		1.1577145e+03
4.0000000e+02		4.0100000e+02		4.0050000e+02		1.1939713e+03
4.0100000e+02		4.0200000e+02		4.0150000e+02		1.2509583e+03
4.0200000e+02		4.0300000e+02		4.0250000e+02		1.2664199e+03
4.0300000e+02		4.0400000e+02		4.0350000e+02		1.2115903e+03
4.0400000e+02		4.0500000e+02		4.0450000e+02		1.1914959e+03
4.0500000e+02		4.0600000e+02		4.0550000e+02		1.1904731e+03
4.0600000e+02		4.0700000e+02		4.0650000e+02		1.1388815e+03
4.0700000e+02		4.0800000e+02		4.0750000e+02		1.1575323e+03
4.0800000e+02		4.0900000e+02		4.0850000e+02		1.2307397e+03
4.0900000e+02		4.1000000e+02		4.0950000e+02		1.2243097e+03
4.1000000e+02		4.1100000e+02		4.1050000e+02		1.1216634e+03
4.1100000e+02		4.1200000e+02		4.1150000e+02		1.3003372e+03
4.1200000e+02		4.1300000e+02		4.1250000e+02		1.2760342e+03
4.1300000e+02		4.1400000e+02		4.1350000e+02		1.2308584e+03
4.1400000e+02		4.1500000e+02		4.1450000e+02		1.2488872e+03
4.1500000e+02		4.1600000e+02		4.1550000e+02		1.2477523e+03
4.1600000e+02		4.1700000e+02		4.1650000e+02		1.2947363e+03
4.1700000e+02		4.1800000e+02		4.1750000e+02		1.1781342e+03
4.1800000e+02		4.1900000e+02		4.1850000e+02		1.2217101e+03
4.1900000e+02		4.2000000e+02		4.1950000e+02		1.2338424e+03
4.2000000e+02		4.2100000e+02		4.2050000e+02		1.2494927e+03
4.2100000e+02		4.2200000e+02		4.2150000e+02		1.2299982e+03
4.2200000e+02		4.2300000e+02		4.2250000e+02		1.1657134e+03
4.2300000e+02		4.2400000e+02		4.2350000e+02		1.2419943e+03
4.2400000e+02		4.2500000e+02		4.2450000e+02		1.2850442e+03
4.2500000e+02		4.2600000e+02		4.2550000e+02		1.2367256e+03
4.2600000e+02		4.2700000e+02		4.2650000e+02		1.2316584e+03
4.2700000e+02		4.2800000e+02		4.2750000e+02		1.1420512e+03
4.2800000e+02		4.2900000e+02		4.2850000e+02		1.1495483e+03
4.2900000e+02		4.3000000e+02		4.2950000e+02		1.0698649e+03
4.3000000e+02		4.3100000e+02		4.3050000e+02		8.6065012e+02
4.3100000e+02		4.3200000e+02		4.3150000e+02		1.0641754e+03
4.3200000e+02		4.3300000e+02		4.3250000e+02		1.1990384e+03
4.3300000e+02		4.3400000e+02		4.3350000e+02		1.3017454e+03
4.3400000e+02		4.3500000e+02		4.3450000e+02		1.1054356e+03
4.3500000e+02		4.3600000e+02		4.3550000e+02		1.2347447e+03
4.3600000e+02		4.3700000e+02		4.3650000e+02		1.3814970e+03
4.3700000e+02		4.3800000e+02		4.3750000e+02		1.2223713e+03
4.3800000e+02		4.3900000e+02		4.3850000e+02		1.1905029e+03
4.3900000e+02		4.4000000e+02		4.3950000e+02		1.3250738e+03
4.4000000e+02		4.4100000e+02		4.4050000e+02		1.2562739e+03
4.4100000e+02		4.4200000e+02		4.4150000e+02		1.3817384e+03
4.4200000e+02		4.4300000e+02		4.4250000e+02		1.4526378e+03
4.4300000e+02		4.4400000e+02		4.4350000e+02		1.4050936e+03
4.4400000e+02		4.4500000e+02		4.4450000e+02		1.4475318e+03
4.4500000e+02		4.4600000e+02		4.4550000e+02		1.3420773e+03
4.4600000e+02		4.4700000e+02		4.4650000e+02		1.3689269e+03
4.4700000e+02		4.4800000e+02		4.4750000e+02		1.4837056e+03
4.4800000e+02		4.4900000e+02		4.4850000e+02		1.4587166e+03
4.4900000e+02		4.5000000e+02		4.4950000e+02		1.4737837e+03
4.5000000e+02		4.5100000e+02		4.5050000e+02		1.5636828e+03
4.5100000e+02		4.5200000e+02		4.5150000e+02		1.5589734e+03
4.5200000e+02		4.5300000e+02		4.5250000e+02		1.4757889e+03
4.5300000e+02		4.5400000e+02		4.5350000e+02		1.4141855e+03
4.5400000e+02		4.5500000e+02		4.5450000e+02		1.5096596e+03
4.5500000e+02		4.5600000e+02		4.5550000e+02		1.4952815e+03
4.5600000e+02		4.5700000e+02		4.5650000e+02		1.5527317e+03
4.5700000e+02		4.5800000e+02		4.5750000e+02		1.5677329e+03
4.5800000e+02		4.5900000e+02		4.5850000e+02		1.4734199e+03
4.5900000e+02		4.6000000e+02		4.5950000e+02		1.5222067e+03
4.6000000e+02		4.6100000e+02		4.6050000e+02		1.5039223e+03
4.6100000e+02		4.6200000e+02		4.6150000e+02		1.5386000e+03
4.6200000e+02		4.6300000e+02		4.6250000e+02		1.5538294e+03
4.6300000e+02		4.6400000e+02		4.6350000e+02		1.5018384e+03
4.6400000e+02		4.6500000e+02		4.6450000e+02		1.5281564e+03
4.6500000e+02		4.6600000e+02		4.6550000e+02		1.4760608e+03
4.6600000e+02		4.6700000e+02		4.6650000e+02		1.4854121e+03
4.6700000e+02		4.6800000e+02		4.6750000e+02		1.4997486e+03
4.6800000e+02		4.6900000e+02		4.6850000e+02		1.4665907e+03
4.6900000e+02		4.7000000e+02		4.6950000e+02		1.5086728e+03
4.7000000e+02		4.7100000e+02		4.7050000e+02		1.4256243e+03
4.7100000e+02		4.7200000e+02		4.7150000e+02		1.4904926e+03
4.7200000e+02		4.7300000e+02		4.7250000e+02		1.5269264e+03
4.7300000e+02		4.7400000e+02		4.7350000e+02		1.4995420e+03
4.7400000e+02		4.7500000e+02		4.7450000e+02		1.5448084e+03
4.7500000e+02		4.7600000e+02		4.7550000e+02		1.5413846e+03
4.7600000e+02		4.7700000e+02		4.7650000e+02		1.4853490e+03
4.7700000e+02		4.7800000e+02		4.7750000e+02		1.5508368e+03
4.7800000e+02		4.7900000e+02		4.7850000e+02		1.5358791e+03
4.7900000e+02		4.8000000e+02		4.7950000e+02		1.5403519e+03
4.8000000e+02		4.8100000e+02		4.8050000e+02		1.5442750e+03
4.8100000e+02		4.8200000e+02		4.8150000e+02		1.5475498e+03
4.8200000e+02		4.8300000e+02		4.8250000e+02		1.5416562e+03
4.8300000e+02		4.8400000e+02		4.8350000e+02		1.5183412e+03
4.8400000e+02		4.8500000e+02		4.8450000e+02		1.4920771e+03
4.8500000e+02		4.8600000e+02		4.8550000e+02		1.4021236e+03
4.8600000e+02		4.8700000e+02		4.8650000e+02		1.2173217e+03
4.8700000e+02		4.8800000e+02		4.8750000e+02		1.3927585e+03
4.8800000e+02		4.8900000e+02		4.8850000e+02		1.4651201e+03
4.8900000e+02		4.9000000e+02		4.8950000e+02		1.4372192e+03
4.9000000e+02		4.9100000e+02		4.9050000e+02		1.5307557e+03
4.9100000e+02		4.9200000e+02		4.9150000e+02		1.4425606e+03
4.9200000e+02		4.9300000e+02		4.9250000e+02		1.3729411e+03
4.9300000e+02		4.9400000e+02		4.9350000e+02		1.4509629e+03
4.9400000e+02		4.9500000e+02		4.9450000e+02		1.4929449e+03
4.9500000e+02		4.9600000e+02		4.9550000e+02		1.4663156e+03
4.9600000e+02		4.9700000e+02		4.9650000e+02		1.4846220e+03
4.9700000e+02		4.9800000e+02		4.9750000e+02		1.5123203e+03
4.9800000e+02		4.9900000e+02		4.9850000e+02		1.3744029e+03
4.9900000e+02		5.0000000e+02		4.9950000e+02		1.4721832e+03
