183.002    1.27979e-18
183.028    6.85323e-19
183.054    2.34262e-19
183.080   -1.41222e-19
183.106   -7.70067e-19
183.132   -1.71062e-18
183.158   -2.44411e-18
183.184   -2.54407e-18
183.209   -1.79998e-18
183.235   -4.92242e-19
183.261    6.64965e-19
183.287    1.15885e-18
183.313    1.22302e-18
183.339    1.28420e-18
183.365    1.60772e-18
183.391    2.10726e-18
183.417    2.38651e-18
183.443    2.21247e-18
183.469    1.91535e-18
183.495    2.28248e-18
183.521    3.25321e-18
183.547    3.61463e-18
183.573    3.65988e-18
183.599    3.19501e-18
183.625    2.12126e-18
183.651    9.33955e-19
183.677    5.23275e-19
183.703    1.15590e-18
183.729    2.44323e-18
183.755    3.74077e-18
183.781    4.46568e-18
183.807    4.39364e-18
183.833    3.64946e-18
183.859    2.47475e-18
183.885    1.35216e-18
183.911    8.33400e-19
183.937    1.20453e-18
183.963    2.11365e-18
183.990    2.89536e-18
184.016    3.17602e-18
184.042    3.13788e-18
184.068    3.14621e-18
184.094    3.37731e-18
184.120    3.69653e-18
184.146    3.77859e-18
184.173    3.46534e-18
184.199    2.95043e-18
184.225    2.54779e-18
184.251    2.43988e-18
184.277    2.53828e-18
184.304    2.57796e-18
184.330    2.35220e-18
184.356    1.94997e-18
184.382    1.64514e-18
184.408    1.64026e-18
184.435    1.78691e-18
184.461    1.72428e-18
184.487    1.33461e-18
184.513    8.72803e-19
184.540    7.29668e-19
184.566    1.08102e-18
184.592    1.80007e-18
184.619    2.71029e-18
184.645    3.64764e-18
184.671    4.18561e-18
184.697    3.92858e-18
184.724    3.26812e-18
184.750    2.79039e-18
184.776    2.67891e-18
184.803    2.94777e-18
184.829    3.46486e-18
184.855    3.83919e-18
184.882    3.80210e-18
184.908    3.47311e-18
184.935    3.11816e-18
184.961    2.97317e-18
184.987    3.15791e-18
185.014    3.56594e-18
185.040    3.98778e-18
185.067    4.30218e-18
185.093    4.46917e-18
185.119    4.53167e-18
185.146    4.60432e-18
185.172    4.76981e-18
185.199    4.92414e-18
185.225    4.74213e-18
185.252    4.15326e-18
185.278    3.45671e-18
185.305    2.95950e-18
185.331    2.75341e-18
185.358    2.74153e-18
185.384    2.83801e-18
185.411    2.98609e-18
185.437    3.11141e-18
185.464    3.15620e-18
185.490    3.10373e-18
185.517    2.94973e-18
185.543    2.71091e-18
185.570    2.47978e-18
185.597    2.33876e-18
185.623    2.30221e-18
185.650    2.35072e-18
185.676    2.41787e-18
185.703    2.47274e-18
185.730    2.56837e-18
185.756    2.71020e-18
185.783    2.77800e-18
185.809    2.65452e-18
185.836    2.32910e-18
185.863    1.90183e-18
185.889    1.56793e-18
185.916    1.50946e-18
185.943    1.75268e-18
185.969    2.11845e-18
185.996    2.36508e-18
186.023    2.41585e-18
186.049    2.40796e-18
186.076    2.52466e-18
186.103    2.86136e-18
186.130    3.39713e-18
186.156    4.03649e-18
186.183    4.69214e-18
186.210    5.29959e-18
186.237    5.75496e-18
186.263    5.86590e-18
186.290    5.53949e-18
186.317    4.96822e-18
186.344    4.45623e-18
186.370    4.18875e-18
186.397    4.11967e-18
186.424    3.98959e-18
186.451    3.63726e-18
186.478    3.19240e-18
186.505    2.81285e-18
186.531    2.47153e-18
186.558    2.04586e-18
186.585    1.56467e-18
186.612    1.28820e-18
186.639    1.45261e-18
186.666    1.98777e-18
186.693    2.58703e-18
186.719    2.96898e-18
186.746    3.01975e-18
186.773    2.84840e-18
186.800    2.67294e-18
186.827    2.63001e-18
186.854    2.72472e-18
186.881    2.84851e-18
186.908    2.84915e-18
186.935    2.65822e-18
186.962    2.39147e-18
186.989    2.18476e-18
187.016    2.03287e-18
187.043    1.89313e-18
187.070    1.79510e-18
187.097    1.81618e-18
187.124    2.01230e-18
187.151    2.41115e-18
187.178    3.02153e-18
187.205    3.78788e-18
187.232    4.53134e-18
187.259    5.00630e-18
187.286    5.07549e-18
187.313    4.79495e-18
187.340    4.38600e-18
187.367    4.09256e-18
187.394    3.99823e-18
187.421    3.98979e-18
187.449    3.93135e-18
187.476    3.84152e-18
187.503    3.82813e-18
187.530    3.93418e-18
187.557    4.09343e-18
187.584    4.17694e-18
187.611    4.09789e-18
187.638    3.85293e-18
187.666    3.51904e-18
187.693    3.25252e-18
187.720    3.23008e-18
187.747    3.51817e-18
187.774    3.97317e-18
187.802    4.31763e-18
187.829    4.36789e-18
187.856    4.17323e-18
187.883    3.95074e-18
187.911    3.85625e-18
187.938    3.86619e-18
187.965    3.88794e-18
187.992    3.85820e-18
188.020    3.75056e-18
188.047    3.62943e-18
188.074    3.60521e-18
188.101    3.69834e-18
188.129    3.77695e-18
188.156    3.66762e-18
188.183    3.34307e-18
188.211    2.97726e-18
188.238    2.82589e-18
188.265    3.01974e-18
188.293    3.45790e-18
188.320    3.87917e-18
188.347    4.04818e-18
188.375    3.92093e-18
188.402    3.63005e-18
188.430    3.31648e-18
188.457    3.02504e-18
188.484    2.74404e-18
188.512    2.50304e-18
188.539    2.39005e-18
188.567    2.43921e-18
188.594    2.58471e-18
188.621    2.78873e-18
188.649    3.10462e-18
188.676    3.55506e-18
188.704    4.03171e-18
188.731    4.34984e-18
188.759    4.43594e-18
188.786    4.43775e-18
188.814    4.53308e-18
188.841    4.70064e-18
188.869    4.80664e-18
188.896    4.80961e-18
188.924    4.79607e-18
188.951    4.84374e-18
188.979    4.92436e-18
189.007    4.96880e-18
189.034    4.97820e-18
189.062    5.01344e-18
189.089    5.07768e-18
189.117    5.08564e-18
189.144    4.97052e-18
189.172    4.77821e-18
189.200    4.62818e-18
189.227    4.54942e-18
189.255    4.42369e-18
189.283    4.14922e-18
189.310    3.79428e-18
189.338    3.54102e-18
189.365    3.51765e-18
189.393    3.69221e-18
189.421    3.91925e-18
189.448    4.04407e-18
189.476    3.97046e-18
189.504    3.71988e-18
189.532    3.41070e-18
189.559    3.13401e-18
189.587    2.88196e-18
189.615    2.61257e-18
189.643    2.33527e-18
189.670    2.09344e-18
189.698    1.93009e-18
189.726    1.92032e-18
189.754    2.17143e-18
189.781    2.74038e-18
189.809    3.52678e-18
189.837    4.27204e-18
189.865    4.77323e-18
189.893    5.04885e-18
189.920    5.22955e-18
189.948    5.38172e-18
189.976    5.47403e-18
190.004    5.46281e-18
190.032    5.30730e-18
190.060    4.98607e-18
190.087    4.57805e-18
190.115    4.25282e-18
190.143    4.17290e-18
190.171    4.36524e-18
190.199    4.67822e-18
190.227    4.92718e-18
190.255    5.10131e-18
190.283    5.33484e-18
190.311    5.68055e-18
190.339    6.02593e-18
190.367    6.23252e-18
190.395    6.27796e-18
190.423    6.25289e-18
190.451    6.28213e-18
190.479    6.40624e-18
190.507    6.51652e-18
190.535    6.46346e-18
190.563    6.18434e-18
190.591    5.73948e-18
190.619    5.26956e-18
190.647    4.87746e-18
190.675    4.56662e-18
190.703    4.31776e-18
190.731    4.15916e-18
190.759    4.09373e-18
190.787    4.00564e-18
190.815    3.74676e-18
190.843    3.34393e-18
190.871    3.02545e-18
190.899    2.99572e-18
190.927    3.26615e-18
190.956    3.71237e-18
190.984    4.18679e-18
191.012    4.51290e-18
191.040    4.49734e-18
191.068    4.09762e-18
191.096    3.50358e-18
191.125    2.98647e-18
191.153    2.72251e-18
191.181    2.74484e-18
191.209    3.01817e-18
191.237    3.49774e-18
191.266    4.09104e-18
191.294    4.63530e-18
191.322    5.00861e-18
191.350    5.22995e-18
191.379    5.39309e-18
191.407    5.54834e-18
191.435    5.69306e-18
191.463    5.85688e-18
191.492    6.11321e-18
191.520    6.48197e-18
191.548    6.84897e-18
191.577    7.02110e-18
191.605    6.89499e-18
191.633    6.53642e-18
191.661    6.08207e-18
191.690    5.63969e-18
191.718    5.27069e-18
191.747    4.98300e-18
191.775    4.76567e-18
191.803    4.66816e-18
191.832    4.78198e-18
191.860    5.11423e-18
191.888    5.53339e-18
191.917    5.89073e-18
191.945    6.16958e-18
191.974    6.47062e-18
192.002    6.85762e-18
192.031    7.23841e-18
192.059    7.42394e-18
192.088    7.29437e-18
192.116    6.88869e-18
192.144    6.32620e-18
192.173    5.69719e-18
192.201    5.06112e-18
192.230    4.46733e-18
192.258    3.96242e-18
192.287    3.59051e-18
192.316    3.37510e-18
192.344    3.30462e-18
192.373    3.34038e-18
192.401    3.41447e-18
192.430    3.44389e-18
192.458    3.39189e-18
192.487    3.34091e-18
192.515    3.48801e-18
192.544    3.97580e-18
192.573    4.71092e-18
192.601    5.38058e-18
192.630    5.66474e-18
192.659    5.47095e-18
192.687    4.96899e-18
192.716    4.41512e-18
192.744    3.96710e-18
192.773    3.63562e-18
192.802    3.36014e-18
192.831    3.10822e-18
192.859    2.88705e-18
192.888    2.70939e-18
192.917    2.59979e-18
192.945    2.60618e-18
192.974    2.78902e-18
193.003    3.20063e-18
193.032    3.86763e-18
193.060    4.78278e-18
193.089    5.88488e-18
193.118    7.04439e-18
193.147    8.09138e-18
193.175    8.88232e-18
193.204    9.35358e-18
193.233    9.49444e-18
193.262    9.32151e-18
193.291    8.92752e-18
193.319    8.43725e-18
193.348    7.89669e-18
193.377    7.30705e-18
193.406    6.70199e-18
193.435    6.15123e-18
193.464    5.73684e-18
193.493    5.50676e-18
193.521    5.44068e-18
193.550    5.46072e-18
193.579    5.47017e-18
193.608    5.38139e-18
193.637    5.14906e-18
193.666    4.81635e-18
193.695    4.49250e-18
193.724    4.27170e-18
193.753    4.18160e-18
193.782    4.17900e-18
193.811    4.16749e-18
193.840    4.04109e-18
193.869    3.78071e-18
193.898    3.49988e-18
193.927    3.35708e-18
193.956    3.42074e-18
193.985    3.60307e-18
194.014    3.73472e-18
194.043    3.71912e-18
194.072    3.59971e-18
194.101    3.48084e-18
194.130    3.42818e-18
194.159    3.45580e-18
194.188    3.55658e-18
194.217    3.73018e-18
194.246    4.01542e-18
194.276    4.48119e-18
194.305    5.16244e-18
194.334    5.99010e-18
194.363    6.75464e-18
194.392    7.17521e-18
194.421    7.11564e-18
194.450    6.71950e-18
194.480    6.26210e-18
194.509    5.93330e-18
194.538    5.79496e-18
194.567    5.84711e-18
194.596    6.07046e-18
194.626    6.43633e-18
194.655    6.90391e-18
194.684    7.42949e-18
194.713    7.99783e-18
194.743    8.61395e-18
194.772    9.21870e-18
194.801    9.67457e-18
194.830    9.85442e-18
194.860    9.70238e-18
194.889    9.24897e-18
194.918    8.59026e-18
194.948    7.85547e-18
194.977    7.16246e-18
195.006    6.56460e-18
195.036    6.04622e-18
195.065    5.57226e-18
195.094    5.15651e-18
195.124    4.87464e-18
195.153    4.78401e-18
195.182    4.83227e-18
195.212    4.87608e-18
195.241    4.80235e-18
195.271    4.62218e-18
195.300    4.43913e-18
195.330    4.32781e-18
195.359    4.27665e-18
195.388    4.23443e-18
195.418    4.17530e-18
195.447    4.11266e-18
195.477    4.06351e-18
195.506    4.02497e-18
195.536    3.98463e-18
195.565    3.93444e-18
195.595    3.86989e-18
195.624    3.79094e-18
195.654    3.71364e-18
195.683    3.66210e-18
195.713    3.63931e-18
195.742    3.60693e-18
195.772    3.51840e-18
195.802    3.40128e-18
195.831    3.38355e-18
195.861    3.61813e-18
195.890    4.19133e-18
195.920    5.08769e-18
195.950    6.22048e-18
195.979    7.50232e-18
196.009    8.88805e-18
196.039    1.03118e-17
196.068    1.15428e-17
196.098    1.21923e-17
196.127    1.20486e-17
196.157    1.13483e-17
196.187    1.05299e-17
196.217    9.86522e-18
196.246    9.42764e-18
196.276    9.21294e-18
196.306    9.15370e-18
196.335    9.07218e-18
196.365    8.77689e-18
196.395    8.25201e-18
196.425    7.63934e-18
196.454    7.08727e-18
196.484    6.66147e-18
196.514    6.34513e-18
196.544    6.10115e-18
196.574    5.90782e-18
196.603    5.73773e-18
196.633    5.56714e-18
196.663    5.42875e-18
196.693    5.39967e-18
196.723    5.50976e-18
196.753    5.67617e-18
196.783    5.74297e-18
196.812    5.61099e-18
196.842    5.33133e-18
196.872    5.03973e-18
196.902    4.81902e-18
196.932    4.66196e-18
196.962    4.53125e-18
196.992    4.42269e-18
197.022    4.34474e-18
197.052    4.25223e-18
197.082    4.08418e-18
197.112    3.85586e-18
197.142    3.63632e-18
197.172    3.46189e-18
197.202    3.34709e-18
197.232    3.38279e-18
197.262    3.74842e-18
197.292    4.56803e-18
197.322    5.74661e-18
197.352    6.94662e-18
197.382    7.77063e-18
197.412    8.05906e-18
197.442    8.01363e-18
197.472    8.00606e-18
197.502    8.31552e-18
197.532    8.99704e-18
197.562    9.83584e-18
197.592    1.04193e-17
197.623    1.04472e-17
197.653    1.00317e-17
197.683    9.57907e-18
197.713    9.44093e-18
197.743    9.68855e-18
197.773    1.00914e-17
197.804    1.02902e-17
197.834    1.00759e-17
197.864    9.50624e-18
197.894    8.77447e-18
197.924    8.08713e-18
197.955    7.61452e-18
197.985    7.40251e-18
198.015    7.30195e-18
198.045    7.06484e-18
198.076    6.57056e-18
198.106    5.94606e-18
198.136    5.41798e-18
198.166    5.08589e-18
198.197    4.87761e-18
198.227    4.67857e-18
198.257    4.45768e-18
198.288    4.26709e-18
198.318    4.16261e-18
198.348    4.15832e-18
198.379    4.21656e-18
198.409    4.26366e-18
198.439    4.25487e-18
198.470    4.20287e-18
198.500    4.12811e-18
198.531    4.01075e-18
198.561    3.80568e-18
198.591    3.50204e-18
198.622    3.15541e-18
198.652    2.85027e-18
198.683    2.64733e-18
198.713    2.58276e-18
198.744    2.69834e-18
198.774    3.06311e-18
198.805    3.75902e-18
198.835    4.80033e-18
198.866    6.02172e-18
198.896    7.05992e-18
198.927    7.56612e-18
198.957    7.55844e-18
198.988    7.48858e-18
199.018    7.88626e-18
199.049    8.96150e-18
199.080    1.04457e-17
199.110    1.17689e-17
199.141    1.25072e-17
199.171    1.26585e-17
199.202    1.24666e-17
199.232    1.20843e-17
199.263    1.15074e-17
199.294    1.07657e-17
199.324    9.99889e-18
199.355    9.32134e-18
199.386    8.73403e-18
199.416    8.17898e-18
199.447    7.60658e-18
199.478    6.98799e-18
199.508    6.30974e-18
199.539    5.60941e-18
199.570    5.01412e-18
199.601    4.69637e-18
199.631    4.74959e-18
199.662    5.09321e-18
199.693    5.50308e-18
199.724    5.75949e-18
199.754    5.78567e-18
199.785    5.64852e-18
199.816    5.44102e-18
199.847    5.19499e-18
199.878    4.90481e-18
199.908    4.58363e-18
199.939    4.26898e-18
199.970    4.00308e-18
200.001    3.81723e-18
200.032    3.70021e-18
200.063    3.57838e-18
200.094    3.35956e-18
200.125    3.02481e-18
200.155    2.66369e-18
200.186    2.39658e-18
200.217    2.27390e-18
200.248    2.26153e-18
200.279    2.33926e-18
200.310    2.61906e-18
200.341    3.33038e-18
200.372    4.67068e-18
200.403    6.64565e-18
200.434    8.96759e-18
200.465    1.10936e-17
200.496    1.25535e-17
200.527    1.33291e-17
200.558    1.36810e-17
200.589    1.37033e-17
200.620    1.33098e-17
200.651    1.25108e-17
200.682    1.15156e-17
200.713    1.05970e-17
200.744    9.92728e-18
200.776    9.49149e-18
200.807    9.15134e-18
200.838    8.80131e-18
200.869    8.45744e-18
200.900    8.18891e-18
200.931    8.01764e-18
200.962    7.90786e-18
200.993    7.80355e-18
201.025    7.63956e-18
201.056    7.34012e-18
201.087    6.86757e-18
201.118    6.29621e-18
201.149    5.78854e-18
201.181    5.47677e-18
201.212    5.37454e-18
201.243    5.38132e-18
201.274    5.34949e-18
201.306    5.17469e-18
201.337    4.86484e-18
201.368    4.53299e-18
201.399    4.30951e-18
201.431    4.24061e-18
201.462    4.25253e-18
201.493    4.21719e-18
201.525    4.07283e-18
201.556    3.86395e-18
201.587    3.65306e-18
201.619    3.43911e-18
201.650    3.18572e-18
201.681    2.89620e-18
201.713    2.65613e-18
201.744    2.62492e-18
201.776    2.97426e-18
201.807    3.80056e-18
201.838    5.03860e-18
201.870    6.41070e-18
201.901    7.50937e-18
201.933    8.03989e-18
201.964    8.01702e-18
201.996    7.69896e-18
202.027    7.40247e-18
202.059    7.40575e-18
202.090    7.89165e-18
202.122    8.87644e-18
202.153    1.01630e-17
202.185    1.13872e-17
202.216    1.22218e-17
202.248    1.25880e-17
202.279    1.25852e-17
202.311    1.22825e-17
202.343    1.16766e-17
202.374    1.08032e-17
202.406    9.81560e-18
202.437    8.90647e-18
202.469    8.16514e-18
202.501    7.54497e-18
202.532    6.95884e-18
202.564    6.38198e-18
202.596    5.87434e-18
202.627    5.51445e-18
202.659    5.32949e-18
202.691    5.28807e-18
202.722    5.32196e-18
202.754    5.35121e-18
202.786    5.31739e-18
202.817    5.21215e-18
202.849    5.06405e-18
202.881    4.89146e-18
202.913    4.68722e-18
202.945    4.44448e-18
202.976    4.17683e-18
203.008    3.90865e-18
203.040    3.65327e-18
203.072    3.41228e-18
203.104    3.19239e-18
203.135    3.00561e-18
203.167    2.86640e-18
203.199    2.79277e-18
203.231    2.77650e-18
203.263    2.74964e-18
203.295    2.62148e-18
203.327    2.36534e-18
203.358    2.05953e-18
203.390    1.86044e-18
203.422    1.96185e-18
203.454    2.57226e-18
203.486    3.87961e-18
203.518    5.94930e-18
203.550    8.58275e-18
203.582    1.12581e-17
203.614    1.33037e-17
203.646    1.42884e-17
203.678    1.42449e-17
203.710    1.35150e-17
203.742    1.24929e-17
203.774    1.14864e-17
203.806    1.06644e-17
203.838    1.00613e-17
203.870    9.63288e-18
203.902    9.31406e-18
203.934    9.05971e-18
203.966    8.85831e-18
203.999    8.69374e-18
204.031    8.50187e-18
204.063    8.19801e-18
204.095    7.75332e-18
204.127    7.21839e-18
204.159    6.67502e-18
204.191    6.18909e-18
204.224    5.78138e-18
204.256    5.42233e-18
204.288    5.06854e-18
204.320    4.70011e-18
204.352    4.32363e-18
204.385    3.96520e-18
204.417    3.66318e-18
204.449    3.44810e-18
204.481    3.32267e-18
204.514    3.26944e-18
204.546    3.27579e-18
204.578    3.33925e-18
204.610    3.44251e-18
204.643    3.53088e-18
204.675    3.53739e-18
204.707    3.43910e-18
204.740    3.26500e-18
204.772    3.06087e-18
204.804    2.86338e-18
204.837    2.69479e-18
204.869    2.58909e-18
204.901    2.63461e-18
204.934    2.98015e-18
204.966    3.76815e-18
204.999    5.01037e-18
205.031    6.48992e-18
205.064    7.81319e-18
205.096    8.64139e-18
205.128    8.92514e-18
205.161    8.91153e-18
205.193    8.95080e-18
205.226    9.30151e-18
205.258    1.00201e-17
205.291    1.09538e-17
205.323    1.18381e-17
205.356    1.24439e-17
205.388    1.26596e-17
205.421    1.24532e-17
205.454    1.18580e-17
205.486    1.10267e-17
205.519    1.01559e-17
205.551    9.34314e-18
205.584    8.58449e-18
205.617    7.86777e-18
205.649    7.22513e-18
205.682    6.70509e-18
205.714    6.31323e-18
205.747    5.99401e-18
205.780    5.66823e-18
205.812    5.28322e-18
205.845    4.84456e-18
205.878    4.42456e-18
205.911    4.12605e-18
205.943    4.00956e-18
205.976    4.05129e-18
206.009    4.16617e-18
206.041    4.26040e-18
206.074    4.27782e-18
206.107    4.21409e-18
206.140    4.09107e-18
206.173    3.91904e-18
206.205    3.68435e-18
206.238    3.37603e-18
206.271    3.01965e-18
206.304    2.67562e-18
206.337    2.40155e-18
206.369    2.21924e-18
206.402    2.11316e-18
206.435    2.05311e-18
206.468    2.00983e-18
206.501    1.95068e-18
206.534    1.85119e-18
206.567    1.74733e-18
206.600    1.77771e-18
206.633    2.15152e-18
206.666    3.05392e-18
206.699    4.54808e-18
206.732    6.52272e-18
206.764    8.71689e-18
206.797    1.08124e-17
206.830    1.25072e-17
206.863    1.35598e-17
206.897    1.38656e-17
206.930    1.35002e-17
206.963    1.26897e-17
206.996    1.17103e-17
207.029    1.07632e-17
207.062    9.93880e-18
207.095    9.23957e-18
207.128    8.62341e-18
207.161    8.05575e-18
207.194    7.53402e-18
207.227    7.08359e-18
207.260    6.74124e-18
207.294    6.52629e-18
207.327    6.40526e-18
207.360    6.27921e-18
207.393    6.03174e-18
207.426    5.61929e-18
207.459    5.11265e-18
207.493    4.63562e-18
207.526    4.26160e-18
207.559    3.97578e-18
207.592    3.72588e-18
207.626    3.48000e-18
207.659    3.23251e-18
207.692    2.98726e-18
207.725    2.75470e-18
207.759    2.54960e-18
207.792    2.37787e-18
207.825    2.23026e-18
207.859    2.09496e-18
207.892    1.97474e-18
207.925    1.89301e-18
207.959    1.87397e-18
207.992    1.90527e-18
208.025    1.92862e-18
208.059    1.88454e-18
208.092    1.76543e-18
208.126    1.61747e-18
208.159    1.51357e-18
208.193    1.55577e-18
208.226    1.88913e-18
208.259    2.66456e-18
208.293    3.94231e-18
208.326    5.60116e-18
208.360    7.33302e-18
208.393    8.77885e-18
208.427    9.75197e-18
208.460    1.03147e-17
208.494    1.06023e-17
208.527    1.06499e-17
208.561    1.04411e-17
208.595    1.00398e-17
208.628    9.58264e-18
208.662    9.16494e-18
208.695    8.80023e-18
208.729    8.48889e-18
208.763    8.26739e-18
208.796    8.15451e-18
208.830    8.07844e-18
208.863    7.91263e-18
208.897    7.59077e-18
208.931    7.15085e-18
208.964    6.67303e-18
208.998    6.20426e-18
209.032    5.73721e-18
209.066    5.25639e-18
209.099    4.79292e-18
209.133    4.41585e-18
209.167    4.16953e-18
209.201    4.02829e-18
209.234    3.92186e-18
209.268    3.79730e-18
209.302    3.64103e-18
209.336    3.45600e-18
209.370    3.24638e-18
209.403    3.02085e-18
209.437    2.78662e-18
209.471    2.54114e-18
209.505    2.28710e-18
209.539    2.05097e-18
209.573    1.86558e-18
209.607    1.73571e-18
209.640    1.63990e-18
209.674    1.56323e-18
209.708    1.50677e-18
209.742    1.46359e-18
209.776    1.40879e-18
209.810    1.33153e-18
209.844    1.28534e-18
209.878    1.40450e-18
209.912    1.84571e-18
209.946    2.67595e-18
209.980    3.77648e-18
210.014    4.85582e-18
210.048    5.65156e-18
210.082    6.18699e-18
210.116    6.74927e-18
210.150    7.58028e-18
210.184    8.62898e-18
210.218    9.58226e-18
210.252    1.01413e-17
210.287    1.02741e-17
210.321    1.01441e-17
210.355    9.86804e-18
210.389    9.43966e-18
210.423    8.82701e-18
210.457    8.06408e-18
210.491    7.26321e-18
210.526    6.57347e-18
210.560    6.09851e-18
210.594    5.81958e-18
210.628    5.60557e-18
210.663    5.32165e-18
210.697    4.93732e-18
210.731    4.52962e-18
210.765    4.19220e-18
210.800    3.94987e-18
210.834    3.75627e-18
210.868    3.55687e-18
210.902    3.34090e-18
210.937    3.13761e-18
210.971    2.97444e-18
211.005    2.84412e-18
211.040    2.70992e-18
211.074    2.54062e-18
211.109    2.33754e-18
211.143    2.13081e-18
211.177    1.95318e-18
211.212    1.81192e-18
211.246    1.68686e-18
211.281    1.56435e-18
211.315    1.46475e-18
211.350    1.41467e-18
211.384    1.39409e-18
211.418    1.33978e-18
211.453    1.21609e-18
211.487    1.06632e-18
211.522    9.80517e-19
211.556    1.02814e-18
211.591    1.24338e-18
211.626    1.67165e-18
211.660    1.87918e-18
211.695    2.63337e-18
211.729    3.69709e-18
211.764    5.01421e-18
211.798    6.37131e-18
211.833    7.44319e-18
211.868    8.00318e-18
211.902    8.06722e-18
211.937    7.81399e-18
211.972    7.35671e-18
212.006    6.81202e-18
212.041    6.33288e-18
212.076    5.98421e-18
212.110    5.74705e-18
212.145    5.56353e-18
212.180    5.37848e-18
212.215    5.15761e-18
212.249    4.90783e-18
212.284    4.65945e-18
212.319    4.42188e-18
212.354    4.19368e-18
212.388    3.99545e-18
212.423    3.86196e-18
212.458    3.80706e-18
212.493    3.80396e-18
212.528    3.79834e-18
212.563    3.74604e-18
212.597    3.64127e-18
212.632    3.50200e-18
212.667    3.34024e-18
212.702    3.15473e-18
212.737    2.94207e-18
212.772    2.71102e-18
212.807    2.48233e-18
212.842    2.27398e-18
212.877    2.09074e-18
212.912    1.92710e-18
212.947    1.77687e-18
212.982    1.63913e-18
213.017    1.51641e-18
213.052    1.40900e-18
213.087    1.31397e-18
213.122    1.23040e-18
213.157    1.16286e-18
213.192    1.12276e-18
213.227    1.13450e-18
213.262    1.24373e-18
213.297    1.51552e-18
213.332    2.00817e-18
213.367    2.71905e-18
213.402    3.53429e-18
213.438    4.24990e-18
213.473    4.71664e-18
213.508    4.99504e-18
213.543    5.26032e-18
213.578    5.58857e-18
213.613    5.92232e-18
213.649    6.16262e-18
213.684    6.25427e-18
213.719    6.18922e-18
213.754    5.96477e-18
213.790    5.62823e-18
213.825    5.25134e-18
213.860    4.86050e-18
213.895    4.45776e-18
213.931    4.05300e-18
213.966    3.67922e-18
214.001    3.39266e-18
214.037    3.24904e-18
214.072    3.27288e-18
214.107    3.43792e-18
214.143    3.66337e-18
214.178    3.83941e-18
214.214    3.88024e-18
214.249    3.77120e-18
214.284    3.56736e-18
214.320    3.32958e-18
214.355    3.08089e-18
214.391    2.82507e-18
214.426    2.57030e-18
214.462    2.33165e-18
214.497    2.12341e-18
214.533    1.95048e-18
214.568    1.80857e-18
214.604    1.69309e-18
214.639    1.60462e-18
214.675    1.54454e-18
214.710    1.50679e-18
214.746    1.47406e-18
214.782    1.42591e-18
214.817    1.35352e-18
214.853    1.26350e-18
214.888    1.16911e-18
214.924    1.08014e-18
214.960    1.00418e-18
214.995    9.61996e-19
215.031    9.98583e-19
215.067    1.17611e-18
215.102    1.55645e-18
215.138    2.18372e-18
215.174    3.06376e-18
215.209    4.12645e-18
215.245    5.17582e-18
215.281    5.91146e-18
215.317    6.14926e-18
215.352    5.96718e-18
215.388    5.55856e-18
215.424    5.09913e-18
215.460    4.67805e-18
215.496    4.30227e-18
215.532    3.94794e-18
215.567    3.60724e-18
215.603    3.29998e-18
215.639    3.05735e-18
215.675    2.90158e-18
215.711    2.83258e-18
215.747    2.82246e-18
215.783    2.82280e-18
215.819    2.78727e-18
215.855    2.69718e-18
215.891    2.56279e-18
215.926    2.40133e-18
215.962    2.22592e-18
215.998    2.05052e-18
216.034    1.88901e-18
216.070    1.74669e-18
216.106    1.61965e-18
216.143    1.50293e-18
216.179    1.39663e-18
216.215    1.30835e-18
216.251    1.25290e-18
216.287    1.24492e-18
216.323    1.28570e-18
216.359    1.35627e-18
216.395    1.42438e-18
216.431    1.46292e-18
216.467    1.46517e-18
216.504    1.43988e-18
216.540    1.39278e-18
216.576    1.31938e-18
216.612    1.21777e-18
216.648    1.10278e-18
216.684    1.00355e-18
216.721    9.53120e-19
216.757    9.86560e-19
216.793    1.14510e-18
216.829    1.46827e-18
216.866    1.96578e-18
216.902    2.58795e-18
216.938    3.22086e-18
216.975    3.73034e-18
217.011    4.04175e-18
217.047    4.16487e-18
217.084    4.14412e-18
217.120    4.02828e-18
217.156    3.86443e-18
217.193    3.67782e-18
217.229    3.46597e-18
217.266    3.22171e-18
217.302    2.95385e-18
217.338    2.68548e-18
217.375    2.44172e-18
217.411    2.23731e-18
217.448    2.06959e-18
217.484    1.92407e-18
217.521    1.78930e-18
217.557    1.66469e-18
217.594    1.55568e-18
217.630    1.46661e-18
217.667    1.39854e-18
217.703    1.35070e-18
217.740    1.31902e-18
217.777    1.29319e-18
217.813    1.26057e-18
217.850    1.21479e-18
217.886    1.15956e-18
217.923    1.10680e-18
217.960    1.07211e-18
217.996    1.06775e-18
218.033    1.09329e-18
218.070    1.13163e-18
218.106    1.15861e-18
218.143    1.15967e-18
218.180    1.13556e-18
218.217    1.09311e-18
218.253    1.03673e-18
218.290    9.69681e-19
218.327    8.97418e-19
218.364    8.25620e-19
218.400    7.57685e-19
218.437    6.96327e-19
218.474    6.45918e-19
218.511    6.13243e-19
218.548    6.12110e-19
218.585    6.71355e-19
218.621    8.31513e-19
218.658    1.11899e-18
218.695    1.51920e-18
218.732    1.97644e-18
218.769    2.41779e-18
218.806    2.78639e-18
218.843    3.05623e-18
218.880    3.21238e-18
218.917    3.23246e-18
218.954    3.10792e-18
218.991    2.87692e-18
219.028    2.61149e-18
219.065    2.37149e-18
219.102    2.17881e-18
219.139    2.02280e-18
219.176    1.88105e-18
219.213    1.74182e-18
219.250    1.61407e-18
219.287    1.51640e-18
219.324    1.45620e-18
219.361    1.41957e-18
219.399    1.38078e-18
219.436    1.32195e-18
219.473    1.24424e-18
219.510    1.15982e-18
219.547    1.07812e-18
219.584    1.00181e-18
219.622    9.31415e-19
219.659    8.69875e-19
219.696    8.21786e-19
219.733    7.89108e-19
219.771    7.68519e-19
219.808    7.52603e-19
219.845    7.33673e-19
219.882    7.07290e-19
219.920    6.72762e-19
219.957    6.31528e-19
219.994    5.85617e-19
220.032    5.36941e-19
220.069    4.88468e-19
220.106    4.45219e-19
220.144    4.12530e-19
220.181    3.93433e-19
220.219    3.85936e-19
220.256    3.82503e-19
220.293    3.77353e-19
220.331    3.78216e-19
220.368    4.09649e-19
220.406    5.07124e-19
220.443    7.01664e-19
220.481    9.96370e-19
220.518    1.36025e-18
220.556    1.74028e-18
220.593    2.07585e-18
220.631    2.31036e-18
220.668    2.40720e-18
220.706    2.37013e-18
220.744    2.24269e-18
220.781    2.07769e-18
220.819    1.91004e-18
220.856    1.75628e-18
220.894    1.62647e-18
220.932    1.52760e-18
220.969    1.45867e-18
221.007    1.40856e-18
221.045    1.36189e-18
221.082    1.30804e-18
221.120    1.24549e-18
221.158    1.17938e-18
221.196    1.11665e-18
221.233    1.06229e-18
221.271    1.01667e-18
221.309    9.75121e-19
221.347    9.30867e-19
221.385    8.80156e-19
221.422    8.24854e-19
221.460    7.69038e-19
221.498    7.14382e-19
221.536    6.61534e-19
221.574    6.11686e-19
221.612    5.64040e-19
221.650    5.17703e-19
221.687    4.74932e-19
221.725    4.37905e-19
221.763    4.06381e-19
221.801    3.79557e-19
221.839    3.57003e-19
221.877    3.38501e-19
221.915    3.24912e-19
221.953    3.18843e-19
221.991    3.23320e-19
222.029    3.37860e-19
222.067    3.55565e-19
222.105    3.67280e-19
222.143    3.71488e-19
222.181    3.82036e-19
222.220    4.24216e-19
222.258    5.19131e-19
222.296    6.68975e-19
222.334    8.50647e-19
222.372    1.02234e-18
222.410    1.14672e-18
222.448    1.21325e-18
222.487    1.23404e-18
222.525    1.22367e-18
222.563    1.19207e-18
222.601    1.15071e-18
222.639    1.11345e-18
222.678    1.08911e-18
222.716    1.07807e-18
222.754    1.07658e-18
222.792    1.08073e-18
222.831    1.08522e-18
222.869    1.08168e-18
222.907    1.06193e-18
222.946    1.02446e-18
222.984    9.76689e-19
223.022    9.30030e-19
223.061    8.92452e-19
223.099    8.64818e-19
223.138    8.41582e-19
223.176    8.13675e-19
223.215    7.73342e-19
223.253    7.19696e-19
223.291    6.59732e-19
223.330    6.02161e-19
223.368    5.50910e-19
223.407    5.04052e-19
223.445    4.58004e-19
223.484    4.14253e-19
223.522    3.78449e-19
223.561    3.53682e-19
223.600    3.37797e-19
223.638    3.24363e-19
223.677    3.08698e-19
223.715    2.93161e-19
223.754    2.85255e-19
223.793    2.93268e-19
223.831    3.21936e-19
223.870    3.03144e-19
223.909    3.54673e-19
223.947    3.97501e-19
223.986    4.18070e-19
224.025    4.16437e-19
224.063    4.07028e-19
224.102    4.06230e-19
224.141    4.24779e-19
224.180    4.66306e-19
224.218    5.26022e-19
224.257    5.90133e-19
224.296    6.41328e-19
224.335    6.69776e-19
224.374    6.78569e-19
224.413    6.77852e-19
224.451    6.76253e-19
224.490    6.76538e-19
224.529    6.75464e-19
224.568    6.67635e-19
224.607    6.51330e-19
224.646    6.30579e-19
224.685    6.11014e-19
224.724    5.94615e-19
224.763    5.79044e-19
224.802    5.61257e-19
224.841    5.40834e-19
224.880    5.19322e-19
224.919    4.97505e-19
224.958    4.74621e-19
224.997    4.49637e-19
225.036    4.22103e-19
225.075    3.92153e-19
225.114    3.60779e-19
225.153    3.29924e-19
225.192    3.01572e-19
225.231    2.76688e-19
225.271    2.55372e-19
225.310    2.37871e-19
225.349    2.24716e-19
225.388    2.15806e-19
225.427    2.09997e-19
225.466    2.05433e-19
225.506    2.00256e-19
225.545    1.94163e-19
225.584    1.89694e-19
225.623    1.92011e-19
225.663    2.07753e-19
225.702    2.43125e-19
225.741    2.99942e-19
225.781    3.70169e-19
225.820    4.34458e-19
225.859    4.71852e-19
225.899    4.76850e-19
225.938    4.62668e-19
225.977    4.46296e-19
226.017    4.36692e-19
226.056    4.34008e-19
226.096    4.33578e-19
226.135    4.30596e-19
226.175    4.23664e-19
226.214    4.15014e-19
226.254    4.07338e-19
226.293    4.00841e-19
226.333    3.93410e-19
226.372    3.82655e-19
226.412    3.67244e-19
226.451    3.47060e-19
226.491    3.22975e-19
226.530    2.96623e-19
226.570    2.70149e-19
226.610    2.45760e-19
226.649    2.25069e-19
226.689    2.08812e-19
226.728    1.97198e-19
226.768    1.90167e-19
226.808    1.87187e-19
226.848    1.86927e-19
226.887    1.87228e-19
226.927    1.85902e-19
226.967    1.81837e-19
227.006    1.75278e-19
227.046    1.67610e-19
227.086    1.60958e-19
227.126    1.56905e-19
227.166    1.55286e-19
227.205    1.54654e-19
227.245    1.53513e-19
227.285    1.51145e-19
227.325    1.47996e-19
227.365    1.45067e-19
227.405    1.42388e-19
227.445    1.38969e-19
227.484    1.35192e-19
227.524    1.34522e-19
227.564    1.42770e-19
227.604    1.66338e-19
227.644    2.09332e-19
227.684    2.68984e-19
227.724    3.32976e-19
227.764    3.83324e-19
227.804    4.07095e-19
227.844    4.04819e-19
227.884    3.86106e-19
227.925    3.59909e-19
227.965    3.31045e-19
228.005    3.01959e-19
228.045    2.75000e-19
228.085    2.53016e-19
228.125    2.38068e-19
228.165    2.29790e-19
228.205    2.25209e-19
228.246    2.20360e-19
228.286    2.12669e-19
228.326    2.02006e-19
228.366    1.89698e-19
228.406    1.77144e-19
228.447    1.65174e-19
228.487    1.54022e-19
228.527    1.43690e-19
228.568    1.34314e-19
228.608    1.26656e-19
228.648    1.22517e-19
228.689    1.23357e-19
228.729    1.28595e-19
228.769    1.35934e-19
228.810    1.42182e-19
228.850    1.44563e-19
228.890    1.42191e-19
228.931    1.35968e-19
228.971    1.27572e-19
229.012    1.18684e-19
229.052    1.10402e-19
229.093    1.02929e-19
229.133    9.59064e-20
229.174    8.91191e-20
229.214    8.27214e-20
229.255    7.69050e-20
229.295    7.17042e-20
229.336    6.71300e-20
229.377    6.32118e-20
229.417    6.00507e-20
229.458    5.82334e-20
229.498    5.90009e-20
229.539    6.42715e-20
229.580    7.64599e-20
229.620    9.70011e-20
229.661    1.25181e-19
229.702    1.57265e-19
229.742    1.87022e-19
229.783    2.09055e-19
229.824    2.21394e-19
229.865    2.24661e-19
229.905    2.20059e-19
229.946    2.09023e-19
229.987    1.93843e-19
230.028    1.77516e-19
230.069    1.62705e-19
230.109    1.50597e-19
230.150    1.40844e-19
230.191    1.32463e-19
230.232    1.24745e-19
230.273    1.17878e-19
230.314    1.13002e-19
230.355    1.11261e-19
230.396    1.12372e-19
230.437    1.14233e-19
230.478    1.14182e-19
230.519    1.10847e-19
230.560    1.04996e-19
230.601    9.86293e-20
230.642    9.36111e-20
230.683    9.11678e-20
230.724    9.15844e-20
230.765    9.41246e-20
230.806    9.75925e-20
230.847    1.00557e-19
230.888    1.01624e-19
230.929    1.00227e-19
230.971    9.67600e-20
231.012    9.19158e-20
231.053    8.61732e-20
231.094    7.97822e-20
231.135    7.30801e-20
231.176    6.67195e-20
231.218    6.13757e-20
231.259    5.73157e-20
231.300    5.44750e-20
231.342    5.27633e-20
231.383    5.20991e-20
231.424    5.21092e-20
231.465    5.19268e-20
231.507    5.08410e-20
231.548    4.91366e-20
231.590    4.77225e-20
231.631    4.74684e-20
231.672    4.92238e-20
231.714    5.38385e-20
231.755    6.16786e-20
231.797    7.17957e-20
231.838    8.16866e-20
231.880    8.83774e-20
231.921    9.01868e-20
231.963    8.77020e-20
232.004    8.30312e-20
232.046    7.80740e-20
232.087    7.35846e-20
232.129    6.94063e-20
232.170    6.50955e-20
232.212    6.06308e-20
232.253    5.68180e-20
232.295    5.49205e-20
232.337    5.57890e-20
232.378    5.95104e-20
232.420    6.51468e-20
232.462    7.05204e-20
232.503    7.37156e-20
232.545    7.44041e-20
232.587    7.33498e-20
232.629    7.18479e-20
232.670    7.14469e-20
232.712    7.31961e-20
232.754    7.70631e-20
232.796    8.20335e-20
232.838    8.64132e-20
232.879    8.85469e-20
232.921    8.80110e-20
232.963    8.54996e-20
233.005    8.11682e-20
233.047    7.46065e-20
233.089    6.67494e-20
233.131    5.96503e-20
233.173    5.43783e-20
233.215    5.07774e-20
233.257    4.82673e-20
233.299    4.61244e-20
233.341    4.39575e-20
233.383    4.19053e-20
233.425    4.01741e-20
233.467    3.86164e-20
233.509    3.68668e-20
233.551    3.50389e-20
233.593    3.37081e-20
233.635    3.31210e-20
233.677    3.31621e-20
233.719    3.36743e-20
233.761    3.46030e-20
233.804    3.59636e-20
233.846    3.76082e-20
233.888    3.91832e-20
233.930    4.01941e-20
233.972    4.03611e-20
234.015    3.98913e-20
234.057    3.90637e-20
234.099    3.79331e-20
234.141    3.65123e-20
234.184    3.49808e-20
234.226    3.37805e-20
234.268    3.33306e-20
234.311    3.37078e-20
234.353    3.48175e-20
234.395    3.64440e-20
234.438    3.80365e-20
234.480    3.90225e-20
234.523    3.94705e-20
234.565    4.00087e-20
234.608    4.10241e-20
234.650    4.23362e-20
234.692    4.36425e-20
234.735    4.50358e-20
234.778    4.71207e-20
234.820    5.03801e-20
234.863    5.41224e-20
234.905    5.68127e-20
234.948    5.75855e-20
234.990    5.66405e-20
235.033    5.47760e-20
235.076    5.28487e-20
235.118    5.08965e-20
235.161    4.86120e-20
235.204    4.66246e-20
235.246    4.55792e-20
235.289    4.53326e-20
235.332    4.57988e-20
235.374    4.67008e-20
235.417    4.73709e-20
235.460    4.75333e-20
235.503    4.74963e-20
235.545    4.75715e-20
235.588    4.74538e-20
235.631    4.66758e-20
235.674    4.53739e-20
235.717    4.39300e-20
235.760    4.26732e-20
235.803    4.20155e-20
235.845    4.20095e-20
235.888    4.21473e-20
235.931    4.19158e-20
235.974    4.10688e-20
236.017    3.95818e-20
236.060    3.78424e-20
236.103    3.65419e-20
236.146    3.59431e-20
236.189    3.58052e-20
236.232    3.59456e-20
236.275    3.62540e-20
236.318    3.64896e-20
236.362    3.63639e-20
236.405    3.57786e-20
236.448    3.49207e-20
236.491    3.41598e-20
236.534    3.38330e-20
236.577    3.39877e-20
236.620    3.44685e-20
236.664    3.51615e-20
236.707    3.58786e-20
236.750    3.62506e-20
236.793    3.59721e-20
236.837    3.49860e-20
236.880    3.35448e-20
236.923    3.22310e-20
236.966    3.15844e-20
237.010    3.16538e-20
237.053    3.22081e-20
237.097    3.30968e-20
237.140    3.41518e-20
237.183    3.50916e-20
237.227    3.56851e-20
237.270    3.58756e-20
237.314    3.57781e-20
237.357    3.55496e-20
237.400    3.51779e-20
237.444    3.45326e-20
237.487    3.36623e-20
237.531    3.28329e-20
237.575    3.22474e-20
237.618    3.19566e-20
237.662    3.20471e-20
237.705    3.26793e-20
237.749    3.39216e-20
237.792    3.56411e-20
237.836    3.75372e-20
237.880    3.92412e-20
237.923    4.04935e-20
237.967    4.12537e-20
238.011    4.16266e-20
238.054    4.17094e-20
238.098    4.13576e-20
238.142    4.03976e-20
238.186    3.92266e-20
238.229    3.84047e-20
238.273    3.78858e-20
238.317    3.75413e-20
238.361    3.75869e-20
238.405    3.79181e-20
238.449    3.80864e-20
238.492    3.80069e-20
238.536    3.79578e-20
238.580    3.80479e-20
238.624    3.80425e-20
238.668    3.77637e-20
238.712    3.74534e-20
238.756    3.74343e-20
238.800    3.77252e-20
238.844    3.81281e-20
238.888    3.84100e-20
238.932    3.84274e-20
238.976    3.81710e-20
239.020    3.76982e-20
239.064    3.70873e-20
239.108    3.65306e-20
239.153    3.62901e-20
239.197    3.65024e-20
239.241    3.71364e-20
239.285    3.80678e-20
239.329    3.91248e-20
239.373    4.01464e-20
239.418    4.10725e-20
239.462    4.19752e-20
239.506    4.29450e-20
239.550    4.39254e-20
239.595    4.47423e-20
239.639    4.52217e-20
239.683    4.52536e-20
239.728    4.49463e-20
239.772    4.46269e-20
239.816    4.45499e-20
239.861    4.48465e-20
239.905    4.56941e-20
239.949    4.72890e-20
239.994    4.96098e-20
240.038    5.22246e-20
240.083    5.45055e-20
240.127    5.60434e-20
240.172    5.66965e-20
240.216    5.63906e-20
240.261    5.51214e-20
240.305    5.31467e-20
240.350    5.09223e-20
240.394    4.88101e-20
240.439    4.70494e-20
240.484    4.58593e-20
240.528    4.53030e-20
240.573    4.51687e-20
240.618    4.51195e-20
240.662    4.49602e-20
240.707    4.47559e-20
240.752    4.46774e-20
240.796    4.47515e-20
240.841    4.48990e-20
240.886    4.51513e-20
240.931    4.57093e-20
240.975    4.67749e-20
241.020    4.81557e-20
241.065    4.93283e-20
241.110    4.99314e-20
241.155    4.99094e-20
241.200    4.94577e-20
241.244    4.88735e-20
241.289    4.82824e-20
241.334    4.77613e-20
241.379    4.76942e-20
241.424    4.83228e-20
241.469    4.92024e-20
241.514    4.98291e-20
241.559    5.02148e-20
241.604    5.05570e-20
241.649    5.09219e-20
241.694    5.12813e-20
241.739    5.16357e-20
241.784    5.19720e-20
241.830    5.22095e-20
241.875    5.23240e-20
241.920    5.23250e-20
241.965    5.21740e-20
242.010    5.19079e-20
242.055    5.15647e-20
242.101    5.10527e-20
242.146    5.04559e-20
242.191    5.00273e-20
242.236    4.97217e-20
242.282    4.94605e-20
242.327    4.95590e-20
242.372    5.03839e-20
242.418    5.19474e-20
242.463    5.37751e-20
242.508    5.51624e-20
242.554    5.58483e-20
242.599    5.61619e-20
242.644    5.64256e-20
242.690    5.67139e-20
242.735    5.70986e-20
242.781    5.75000e-20
242.826    5.75225e-20
242.872    5.68785e-20
242.917    5.57035e-20
242.963    5.43482e-20
243.008    5.30519e-20
243.054    5.18429e-20
243.100    5.06483e-20
243.145    4.94331e-20
243.191    4.83678e-20
243.236    4.78166e-20
243.282    4.79707e-20
243.328    4.87161e-20
243.373    4.99620e-20
243.419    5.16786e-20
243.465    5.37259e-20
243.511    5.59013e-20
243.556    5.79535e-20
243.602    5.96568e-20
243.648    6.09750e-20
243.694    6.20706e-20
243.739    6.30811e-20
243.785    6.39406e-20
243.831    6.45358e-20
243.877    6.48812e-20
243.923    6.50350e-20
243.969    6.50059e-20
244.015    6.48646e-20
244.061    6.48498e-20
244.107    6.52033e-20
244.153    6.58751e-20
244.199    6.64933e-20
244.245    6.66922e-20
244.291    6.64481e-20
244.337    6.60710e-20
244.383    6.59067e-20
244.429    6.61059e-20
244.475    6.66234e-20
244.521    6.73004e-20
244.567    6.79101e-20
244.613    6.82963e-20
244.660    6.86047e-20
244.706    6.91895e-20
244.752    7.03142e-20
244.798    7.20822e-20
244.844    7.42647e-20
244.891    7.62184e-20
244.937    7.72348e-20
244.983    7.69202e-20
245.030    7.54336e-20
245.076    7.34763e-20
245.122    7.18827e-20
245.169    7.12973e-20
245.215    7.22791e-20
245.261    7.52267e-20
245.308    7.99998e-20
245.354    8.56758e-20
245.401    9.07798e-20
245.447    9.40445e-20
245.494    9.50808e-20
245.540    9.43284e-20
245.587    9.24365e-20
245.633    8.97399e-20
245.680    8.62788e-20
245.726    8.21696e-20
245.773    7.78042e-20
245.820    7.36986e-20
245.866    7.02793e-20
245.913    6.77823e-20
245.960    6.62139e-20
246.006    6.54138e-20
246.053    6.52241e-20
246.100    6.56056e-20
246.146    6.66580e-20
246.193    6.86160e-20
246.240    7.17180e-20
246.287    7.58525e-20
246.333    8.03156e-20
246.380    8.40308e-20
246.427    8.60637e-20
246.474    8.61104e-20
246.521    8.46530e-20
246.568    8.26023e-20
246.615    8.08151e-20
246.662    7.98105e-20
246.709    7.96115e-20
246.755    7.98958e-20
246.802    8.03963e-20
246.849    8.11294e-20
246.897    8.23194e-20
246.944    8.41237e-20
246.991    8.63443e-20
247.038    8.84163e-20
247.085    8.97388e-20
247.132    9.00164e-20
247.179    8.93094e-20
247.226    8.78798e-20
247.273    8.60736e-20
247.320    8.43162e-20
247.368    8.30690e-20
247.415    8.26328e-20
247.462    8.29698e-20
247.509    8.37766e-20
247.557    8.47428e-20
247.604    8.57816e-20
247.651    8.70875e-20
247.699    8.89695e-20
247.746    9.15567e-20
247.793    9.46187e-20
247.841    9.76340e-20
247.888    1.00023e-19
247.935    1.01410e-19
247.983    1.01779e-19
248.030    1.01345e-19
248.078    1.00235e-19
248.125    9.84703e-20
248.173    9.63244e-20
248.220    9.44382e-20
248.268    9.34462e-20
248.315    9.35639e-20
248.363    9.44932e-20
248.411    9.56989e-20
248.458    9.67721e-20
248.506    9.75225e-20
248.554    9.78341e-20
248.601    9.75784e-20
248.649    9.66884e-20
248.697    9.52953e-20
248.744    9.37740e-20
248.792    9.25574e-20
248.840    9.18193e-20
248.888    9.14200e-20
248.935    9.12156e-20
248.983    9.14017e-20
249.031    9.25150e-20
249.079    9.49755e-20
249.127    9.85120e-20
249.175    1.02025e-19
249.223    1.04145e-19
249.271    1.04148e-19
249.318    1.02445e-19
249.366    1.00287e-19
249.414    9.91777e-20
249.462    1.00430e-19
249.510    1.04812e-19
249.558    1.12106e-19
249.607    1.20860e-19
249.655    1.28854e-19
249.703    1.34206e-19
249.751    1.36224e-19
249.799    1.35309e-19
249.847    1.32293e-19
249.895    1.28050e-19
249.943    1.23467e-19
249.992    1.19326e-19
250.040    1.16054e-19
250.088    1.13759e-19
250.136    1.12615e-19
250.185    1.13084e-19
250.233    1.15568e-19
250.281    1.19782e-19
250.330    1.24551e-19
250.378    1.28340e-19
250.426    1.30099e-19
250.475    1.29673e-19
250.523    1.27511e-19
250.572    1.24240e-19
250.620    1.20584e-19
250.668    1.17343e-19
250.717    1.15124e-19
250.765    1.14076e-19
250.814    1.13872e-19
250.863    1.14038e-19
250.911    1.14503e-19
250.960    1.15830e-19
251.008    1.18874e-19
251.057    1.24211e-19
251.106    1.31734e-19
251.154    1.40535e-19
251.203    1.49039e-19
251.252    1.55482e-19
251.300    1.58672e-19
251.349    1.58490e-19
251.398    1.55735e-19
251.446    1.51574e-19
251.495    1.47100e-19
251.544    1.43112e-19
251.593    1.39987e-19
251.642    1.37684e-19
251.691    1.36009e-19
251.739    1.34864e-19
251.788    1.34216e-19
251.837    1.33883e-19
251.886    1.33458e-19
251.935    1.32535e-19
251.984    1.31068e-19
252.033    1.29541e-19
252.082    1.28717e-19
252.131    1.29099e-19
252.180    1.30667e-19
252.229    1.33162e-19
252.278    1.36392e-19
252.328    1.40093e-19
252.377    1.43636e-19
252.426    1.46105e-19
252.475    1.46877e-19
252.524    1.46149e-19
252.573    1.44757e-19
252.623    1.43404e-19
252.672    1.42121e-19
252.721    1.40470e-19
252.770    1.38148e-19
252.820    1.35381e-19
252.869    1.32871e-19
252.918    1.31466e-19
252.968    1.31789e-19
253.017    1.33959e-19
253.067    1.37505e-19
253.116    1.41563e-19
253.165    1.45225e-19
253.215    1.47933e-19
253.264    1.49708e-19
253.314    1.51025e-19
253.363    1.52403e-19
253.413    1.54083e-19
253.462    1.56058e-19
253.512    1.58260e-19
253.562    1.60715e-19
253.611    1.63600e-19
253.661    1.67075e-19
253.710    1.70979e-19
253.760    1.74707e-19
253.810    1.77379e-19
253.860    1.78296e-19
253.909    1.77452e-19
253.959    1.75592e-19
254.009    1.73670e-19
254.059    1.72198e-19
254.108    1.71079e-19
254.158    1.70030e-19
254.208    1.69002e-19
254.258    1.68225e-19
254.308    1.68049e-19
254.358    1.68678e-19
254.408    1.70001e-19
254.458    1.71773e-19
254.507    1.73850e-19
254.557    1.76097e-19
254.607    1.78093e-19
254.657    1.79150e-19
254.708    1.78821e-19
254.758    1.77379e-19
254.808    1.75742e-19
254.858    1.74830e-19
254.908    1.74941e-19
254.958    1.75669e-19
255.008    1.76318e-19
255.058    1.76448e-19
255.109    1.76247e-19
255.159    1.76610e-19
255.209    1.78948e-19
255.259    1.84621e-19
255.310    1.94008e-19
255.360    2.05814e-19
255.410    2.17433e-19
255.461    2.26368e-19
255.511    2.31488e-19
255.561    2.33084e-19
255.612    2.32234e-19
255.662    2.30431e-19
255.712    2.29297e-19
255.763    2.29793e-19
255.813    2.31379e-19
255.864    2.32261e-19
255.914    2.30786e-19
255.965    2.26614e-19
256.016    2.20573e-19
256.066    2.13699e-19
256.117    2.06675e-19
256.167    1.99940e-19
256.218    1.93864e-19
256.269    1.88658e-19
256.319    1.84319e-19
256.370    1.80773e-19
256.421    1.77919e-19
256.471    1.75559e-19
256.522    1.73423e-19
256.573    1.71413e-19
256.624    1.69916e-19
256.675    1.69950e-19
256.725    1.72903e-19
256.776    1.79756e-19
256.827    1.90043e-19
256.878    2.01310e-19
256.929    2.09913e-19
256.980    2.13099e-19
257.031    2.10807e-19
257.082    2.05442e-19
257.133    2.00265e-19
257.184    1.98333e-19
257.235    2.02259e-19
257.286    2.13535e-19
257.337    2.31144e-19
257.388    2.50791e-19
257.439    2.66558e-19
257.490    2.74638e-19
257.542    2.75553e-19
257.593    2.72330e-19
257.644    2.67156e-19
257.695    2.60206e-19
257.746    2.50914e-19
257.798    2.39532e-19
257.849    2.27494e-19
257.900    2.16807e-19
257.952    2.09371e-19
258.003    2.06713e-19
258.054    2.09889e-19
258.106    2.19078e-19
258.157    2.32919e-19
258.208    2.48342e-19
258.260    2.61637e-19
258.311    2.70334e-19
258.363    2.74224e-19
258.414    2.74629e-19
258.466    2.72942e-19
258.517    2.69845e-19
258.569    2.65402e-19
258.621    2.59554e-19
258.672    2.52552e-19
258.724    2.44982e-19
258.776    2.37511e-19
258.827    2.30841e-19
258.879    2.26119e-19
258.931    2.25081e-19
258.982    2.29092e-19
259.034    2.37635e-19
259.086    2.47917e-19
259.138    2.56351e-19
259.189    2.60761e-19
259.241    2.61331e-19
259.293    2.59760e-19
259.345    2.57864e-19
259.397    2.56827e-19
259.449    2.57167e-19
259.501    2.58950e-19
259.553    2.61875e-19
259.605    2.65299e-19
259.657    2.68567e-19
259.709    2.71613e-19
259.761    2.75102e-19
259.813    2.79608e-19
259.865    2.84533e-19
259.917    2.88095e-19
259.969    2.88626e-19
260.021    2.85975e-19
260.074    2.81676e-19
260.126    2.77931e-19
260.178    2.76371e-19
260.230    2.77288e-19
260.282    2.79628e-19
260.335    2.81719e-19
260.387    2.82306e-19
260.439    2.81372e-19
260.492    2.80364e-19
260.544    2.81563e-19
260.596    2.86632e-19
260.649    2.95147e-19
260.701    3.04254e-19
260.754    3.10147e-19
260.806    3.10545e-19
260.859    3.06121e-19
260.911    2.99761e-19
260.964    2.94745e-19
261.016    2.93430e-19
261.069    2.96874e-19
261.121    3.05028e-19
261.174    3.17041e-19
261.227    3.31396e-19
261.279    3.45979e-19
261.332    3.58366e-19
261.385    3.66479e-19
261.437    3.69243e-19
261.490    3.66756e-19
261.543    3.60009e-19
261.596    3.50550e-19
261.648    3.40287e-19
261.701    3.31285e-19
261.754    3.25418e-19
261.807    3.23995e-19
261.860    3.27515e-19
261.913    3.35513e-19
261.966    3.46380e-19
262.019    3.57392e-19
262.072    3.65550e-19
262.125    3.69121e-19
262.178    3.68565e-19
262.231    3.65707e-19
262.284    3.61933e-19
262.337    3.57232e-19
262.390    3.50876e-19
262.443    3.42858e-19
262.496    3.34561e-19
262.549    3.28073e-19
262.603    3.24969e-19
262.656    3.25617e-19
262.709    3.29179e-19
262.762    3.33835e-19
262.816    3.37194e-19
262.869    3.37312e-19
262.922    3.34144e-19
262.976    3.29943e-19
263.029    3.27696e-19
263.082    3.28836e-19
263.136    3.32235e-19
263.189    3.35092e-19
263.243    3.34689e-19
263.296    3.29641e-19
263.350    3.20295e-19
263.403    3.08651e-19
263.457    2.97871e-19
263.510    2.91429e-19
263.564    2.92316e-19
263.617    3.02364e-19
263.671    3.21114e-19
263.725    3.44439e-19
263.778    3.64820e-19
263.832    3.75110e-19
263.886    3.73568e-19
263.939    3.64578e-19
263.993    3.54384e-19
264.047    3.47294e-19
264.101    3.45197e-19
264.155    3.48522e-19
264.208    3.56663e-19
264.262    3.67980e-19
264.316    3.80120e-19
264.370    3.90838e-19
264.424    3.99032e-19
264.478    4.05684e-19
264.532    4.13708e-19
264.586    4.25837e-19
264.640    4.41630e-19
264.694    4.56354e-19
264.748    4.63730e-19
264.802    4.60863e-19
264.856    4.50273e-19
264.910    4.36963e-19
264.965    4.24600e-19
265.019    4.14566e-19
265.073    4.07391e-19
265.127    4.04210e-19
265.181    4.06759e-19
265.236    4.15952e-19
265.290    4.30156e-19
265.344    4.44630e-19
265.399    4.53279e-19
265.453    4.52077e-19
265.507    4.41293e-19
265.562    4.24509e-19
265.616    4.06041e-19
265.671    3.89145e-19
265.725    3.77112e-19
265.780    3.71602e-19
265.834    3.74850e-19
265.889    3.87661e-19
265.943    4.08349e-19
265.998    4.32320e-19
266.052    4.53604e-19
266.107    4.67897e-19
266.162    4.74726e-19
266.216    4.76889e-19
266.271    4.77940e-19
266.326    4.79700e-19
266.380    4.81180e-19
266.435    4.79610e-19
266.490    4.73018e-19
266.545    4.62103e-19
266.599    4.49751e-19
266.654    4.39423e-19
266.709    4.34470e-19
266.764    4.38078e-19
266.819    4.52189e-19
266.874    4.75244e-19
266.929    5.00724e-19
266.984    5.19016e-19
267.039    5.22981e-19
267.094    5.12780e-19
267.149    4.94765e-19
267.204    4.76126e-19
267.259    4.60883e-19
267.314    4.49333e-19
267.369    4.39994e-19
267.425    4.32384e-19
267.480    4.28610e-19
267.535    4.32256e-19
267.590    4.45171e-19
267.645    4.64727e-19
267.701    4.83945e-19
267.756    4.95109e-19
267.811    4.94516e-19
267.867    4.84057e-19
267.922    4.68538e-19
267.977    4.52329e-19
268.033    4.38307e-19
268.088    4.28732e-19
268.144    4.26228e-19
268.199    4.33569e-19
268.255    4.52269e-19
268.310    4.81083e-19
268.366    5.15988e-19
268.421    5.52151e-19
268.477    5.86062e-19
268.533    6.15243e-19
268.588    6.36198e-19
268.644    6.44291e-19
268.700    6.36791e-19
268.755    6.15462e-19
268.811    5.85532e-19
268.867    5.52952e-19
268.923    5.22804e-19
268.978    4.98850e-19
269.034    4.83281e-19
269.090    4.76816e-19
269.146    4.79298e-19
269.202    4.90044e-19
269.258    5.07033e-19
269.314    5.25532e-19
269.370    5.38344e-19
269.426    5.39258e-19
269.482    5.27467e-19
269.538    5.08322e-19
269.594    4.89650e-19
269.650    4.77537e-19
269.706    4.74380e-19
269.762    4.79073e-19
269.818    4.88581e-19
269.874    5.00162e-19
269.931    5.12905e-19
269.987    5.27477e-19
270.043    5.44370e-19
270.099    5.62138e-19
270.156    5.77002e-19
270.212    5.84455e-19
270.268    5.82029e-19
270.325    5.71044e-19
270.381    5.55898e-19
270.437    5.41892e-19
270.494    5.33195e-19
270.550    5.31348e-19
270.607    5.34425e-19
270.663    5.37712e-19
270.720    5.36427e-19
270.776    5.28971e-19
270.833    5.18015e-19
270.890    5.08805e-19
270.946    5.06407e-19
271.003    5.13504e-19
271.060    5.29289e-19
271.116    5.49739e-19
271.173    5.69329e-19
271.230    5.83520e-19
271.286    5.90709e-19
271.343    5.92586e-19
271.400    5.92753e-19
271.457    5.94432e-19
271.514    5.98725e-19
271.571    6.04671e-19
271.628    6.10849e-19
271.684    6.16847e-19
271.741    6.23136e-19
271.798    6.29726e-19
271.855    6.35430e-19
271.912    6.38654e-19
271.969    6.38792e-19
272.027    6.36774e-19
272.084    6.34519e-19
272.141    6.34082e-19
272.198    6.36761e-19
272.255    6.42043e-19
272.312    6.47179e-19
272.370    6.48654e-19
272.427    6.45102e-19
272.484    6.38896e-19
272.541    6.34560e-19
272.599    6.35539e-19
272.656    6.41959e-19
272.713    6.50616e-19
272.771    6.57113e-19
272.828    6.58869e-19
272.886    6.56432e-19
272.943    6.51948e-19
273.001    6.46961e-19
273.058    6.42160e-19
273.116    6.38793e-19
273.173    6.39586e-19
273.231    6.48003e-19
273.288    6.66424e-19
273.346    6.94249e-19
273.404    7.26672e-19
273.461    7.55343e-19
273.519    7.72042e-19
273.577    7.73728e-19
273.635    7.64168e-19
273.692    7.50303e-19
273.750    7.37098e-19
273.808    7.25066e-19
273.866    7.11230e-19
273.924    6.92115e-19
273.982    6.66628e-19
274.039    6.36962e-19
274.097    6.07349e-19
274.155    5.82161e-19
274.213    5.64731e-19
274.271    5.57004e-19
274.329    5.59542e-19
274.388    5.71635e-19
274.446    5.91579e-19
274.504    6.17066e-19
274.562    6.45378e-19
274.620    6.73341e-19
274.678    6.97503e-19
274.736    7.14903e-19
274.795    7.24067e-19
274.853    7.25532e-19
274.911    7.21751e-19
274.970    7.16454e-19
275.028    7.13259e-19
275.086    7.13845e-19
275.145    7.16908e-19
275.203    7.19265e-19
275.262    7.18710e-19
275.320    7.15921e-19
275.379    7.13130e-19
275.437    7.10907e-19
275.496    7.06863e-19
275.554    6.98331e-19
275.613    6.86405e-19
275.671    6.76179e-19
275.730    6.72202e-19
275.789    6.73940e-19
275.847    6.75822e-19
275.906    6.72045e-19
275.965    6.61686e-19
276.024    6.49022e-19
276.082    6.39614e-19
276.141    6.37096e-19
276.200    6.43007e-19
276.259    6.58064e-19
276.318    6.82382e-19
276.377    7.13943e-19
276.436    7.47057e-19
276.495    7.73608e-19
276.554    7.87502e-19
276.613    7.88223e-19
276.672    7.79654e-19
276.731    7.66054e-19
276.790    7.49905e-19
276.849    7.33018e-19
276.908    7.18557e-19
276.967    7.11343e-19
277.026    7.15885e-19
277.086    7.33216e-19
277.145    7.58255e-19
277.204    7.80209e-19
277.263    7.88163e-19
277.323    7.78781e-19
277.382    7.57912e-19
277.441    7.34472e-19
277.501    7.14748e-19
277.560    7.02253e-19
277.620    7.00080e-19
277.679    7.11100e-19
277.739    7.35586e-19
277.798    7.69275e-19
277.858    8.04586e-19
277.917    8.34507e-19
277.977    8.55549e-19
278.037    8.67167e-19
278.096    8.69380e-19
278.156    8.61648e-19
278.216    8.43703e-19
278.275    8.16999e-19
278.335    7.85092e-19
278.395    7.52193e-19
278.455    7.21153e-19
278.515    6.93151e-19
278.574    6.69725e-19
278.634    6.54949e-19
278.694    6.55004e-19
278.754    6.75106e-19
278.814    7.16028e-19
278.874    7.72019e-19
278.934    8.31092e-19
278.994    8.78318e-19
279.054    9.01416e-19
279.114    8.95867e-19
279.174    8.66254e-19
279.235    8.22721e-19
279.295    7.75388e-19
279.355    7.31338e-19
279.415    6.95813e-19
279.475    6.74884e-19
279.536    6.75941e-19
279.596    7.05067e-19
279.656    7.62746e-19
279.717    8.39695e-19
279.777    9.16168e-19
279.837    9.69762e-19
279.898    9.89033e-19
279.958    9.78974e-19
280.019    9.53401e-19
280.079    9.25054e-19
280.140    9.00900e-19
280.200    8.81783e-19
280.261    8.64745e-19
280.322    8.46895e-19
280.382    8.28295e-19
280.443    8.11451e-19
280.503    7.98576e-19
280.564    7.89723e-19
280.625    7.82821e-19
280.686    7.74670e-19
280.747    7.62566e-19
280.807    7.46529e-19
280.868    7.30602e-19
280.929    7.21244e-19
280.990    7.23580e-19
281.051    7.38267e-19
281.112    7.61007e-19
281.173    7.85338e-19
281.234    8.07385e-19
281.295    8.28597e-19
281.356    8.53397e-19
281.417    8.83764e-19
281.478    9.15760e-19
281.539    9.41457e-19
281.600    9.55421e-19
281.662    9.59489e-19
281.723    9.60170e-19
281.784    9.61653e-19
281.845    9.62198e-19
281.907    9.56996e-19
281.968    9.43693e-19
282.029    9.24203e-19
282.091    9.01501e-19
282.152    8.76288e-19
282.214    8.47497e-19
282.275    8.15379e-19
282.336    7.83280e-19
282.398    7.56212e-19
282.459    7.37741e-19
282.521    7.27757e-19
282.583    7.22552e-19
282.644    7.17044e-19
282.706    7.07641e-19
282.768    6.94031e-19
282.829    6.79746e-19
282.891    6.72041e-19
282.953    6.80428e-19
283.015    7.13114e-19
283.076    7.72108e-19
283.138    8.48856e-19
283.200    9.24107e-19
283.262    9.76655e-19
283.324    9.96968e-19
283.386    9.91094e-19
283.448    9.71601e-19
283.510    9.47940e-19
283.572    9.24000e-19
283.634    9.00760e-19
283.696    8.79134e-19
283.758    8.60157e-19
283.820    8.43385e-19
283.882    8.26375e-19
283.944    8.06663e-19
284.007    7.84480e-19
284.069    7.63210e-19
284.131    7.47344e-19
284.194    7.40377e-19
284.256    7.43702e-19
284.318    7.55784e-19
284.381    7.71736e-19
284.443    7.85035e-19
284.505    7.91798e-19
284.568    7.94090e-19
284.630    7.98314e-19
284.693    8.10094e-19
284.755    8.30227e-19
284.818    8.54238e-19
284.881    8.75887e-19
284.943    8.92842e-19
285.006    9.09691e-19
285.069    9.34545e-19
285.131    9.71765e-19
285.194    1.01670e-18
285.257    1.05646e-18
285.320    1.07729e-18
285.382    1.07317e-18
285.445    1.04814e-18
285.508    1.01141e-18
285.571    9.71441e-19
285.634    9.33883e-19
285.697    9.01946e-19
285.760    8.76616e-19
285.823    8.56044e-19
285.886    8.36150e-19
285.949    8.13542e-19
286.012    7.88283e-19
286.075    7.63189e-19
286.138    7.40654e-19
286.202    7.21092e-19
286.265    7.04658e-19
286.328    6.93948e-19
286.391    6.94516e-19
286.455    7.12744e-19
286.518    7.52763e-19
286.581    8.13679e-19
286.645    8.87835e-19
286.708    9.61731e-19
286.771    1.02095e-18
286.835    1.05677e-18
286.898    1.06924e-18
286.962    1.06479e-18
287.025    1.05077e-18
287.089    1.03122e-18
287.153    1.00684e-18
287.216    9.78604e-19
287.280    9.50466e-19
287.344    9.27549e-19
287.407    9.11810e-19
287.471    9.00240e-19
287.535    8.87520e-19
287.599    8.70468e-19
287.662    8.49981e-19
287.726    8.29199e-19
287.790    8.10467e-19
287.854    7.94111e-19
287.918    7.79493e-19
287.982    7.66502e-19
288.046    7.55451e-19
288.110    7.45813e-19
288.174    7.36341e-19
288.238    7.27379e-19
288.302    7.22448e-19
288.366    7.26558e-19
288.430    7.43147e-19
288.495    7.73172e-19
288.559    8.16488e-19
288.623    8.72331e-19
288.687    9.36823e-19
288.752    9.99949e-19
288.816    1.04704e-18
288.880    1.06630e-18
288.945    1.05612e-18
289.009    1.02459e-18
289.074    9.82101e-19
289.138    9.34846e-19
289.203    8.84361e-19
289.267    8.31976e-19
289.332    7.82170e-19
289.396    7.41171e-19
289.461    7.13462e-19
289.526    7.00264e-19
289.590    7.00131e-19
289.655    7.09710e-19
289.720    7.24310e-19
289.785    7.39576e-19
289.849    7.54219e-19
289.914    7.71077e-19
289.979    7.94219e-19
290.044    8.23829e-19
290.109    8.53222e-19
290.174    8.71845e-19
290.239    8.73686e-19
290.304    8.63212e-19
290.369    8.52049e-19
290.434    8.51164e-19
290.499    8.66615e-19
290.564    8.99164e-19
290.629    9.43666e-19
290.694    9.87410e-19
290.760    1.01223e-18
290.825    1.00473e-18
290.890    9.66999e-19
290.955    9.14239e-19
291.021    8.61823e-19
291.086    8.16770e-19
291.152    7.78585e-19
291.217    7.44208e-19
291.282    7.11719e-19
291.348    6.81228e-19
291.413    6.54333e-19
291.479    6.33787e-19
291.544    6.23372e-19
291.610    6.27069e-19
291.676    6.47315e-19
291.741    6.82846e-19
291.807    7.27158e-19
291.873    7.69786e-19
291.938    8.02220e-19
292.004    8.24761e-19
292.070    8.46084e-19
292.136    8.74766e-19
292.202    9.11332e-19
292.268    9.47789e-19
292.333    9.74535e-19
292.399    9.87445e-19
292.465    9.87646e-19
292.531    9.76740e-19
292.597    9.55257e-19
292.663    9.24768e-19
292.730    8.88562e-19
292.796    8.49717e-19
292.862    8.09894e-19
292.928    7.70100e-19
292.994    7.31409e-19
293.061    6.94532e-19
293.127    6.59507e-19
293.193    6.26596e-19
293.259    5.97509e-19
293.326    5.75408e-19
293.392    5.63468e-19
293.459    5.63383e-19
293.525    5.75450e-19
293.592    6.00397e-19
293.658    6.40900e-19
293.725    7.00016e-19
293.791    7.76200e-19
293.858    8.58375e-19
293.924    9.27250e-19
293.991    9.66162e-19
294.058    9.72687e-19
294.124    9.58269e-19
294.191    9.38845e-19
294.258    9.26998e-19
294.325    9.28387e-19
294.392    9.40810e-19
294.459    9.55527e-19
294.525    9.60684e-19
294.592    9.45956e-19
294.659    9.07519e-19
294.726    8.50716e-19
294.793    7.87046e-19
294.860    7.27230e-19
294.928    6.76454e-19
294.995    6.34500e-19
295.062    5.98568e-19
295.129    5.66112e-19
295.196    5.36502e-19
295.263    5.11201e-19
295.331    4.92647e-19
295.398    4.82851e-19
295.465    4.82942e-19
295.533    4.93908e-19
295.600    5.17503e-19
295.668    5.56173e-19
295.735    6.11705e-19
295.803    6.83199e-19
295.870    7.65369e-19
295.938    8.48773e-19
296.005    9.23072e-19
296.073    9.81209e-19
296.140    1.01994e-18
296.208    1.03638e-18
296.276    1.02630e-18
296.344    9.87916e-19
296.411    9.26683e-19
296.479    8.54278e-19
296.547    7.82585e-19
296.615    7.19272e-19
296.683    6.67566e-19
296.751    6.27785e-19
296.819    5.98063e-19
296.887    5.74156e-19
296.955    5.50062e-19
297.023    5.20835e-19
297.091    4.85890e-19
297.159    4.49117e-19
297.227    4.15632e-19
297.295    3.89089e-19
297.363    3.71725e-19
297.432    3.65547e-19
297.500    3.72591e-19
297.568    3.94466e-19
297.636    4.32673e-19
297.705    4.89715e-19
297.773    5.68897e-19
297.842    6.70624e-19
297.910    7.85850e-19
297.979    8.92504e-19
298.047    9.64377e-19
298.116    9.90130e-19
298.184    9.79862e-19
298.253    9.51832e-19
298.321    9.18476e-19
298.390    8.82921e-19
298.459    8.42639e-19
298.528    7.94964e-19
298.596    7.40616e-19
298.665    6.83421e-19
298.734    6.27847e-19
298.803    5.77015e-19
298.872    5.32093e-19
298.941    4.92656e-19
299.010    4.57518e-19
299.079    4.25611e-19
299.148    3.96602e-19
299.217    3.71113e-19
299.286    3.50499e-19
299.355    3.36222e-19
299.424    3.29086e-19
299.493    3.28884e-19
299.562    3.35026e-19
299.632    3.48290e-19
299.701    3.72901e-19
299.770    4.17237e-19
299.840    4.91932e-19
299.909    6.04690e-19
299.978    7.50682e-19
300.048    9.01075e-19
300.117    1.00640e-18
300.187    1.03254e-18
300.256    9.91093e-19
300.326    9.17574e-19
300.396    8.38461e-19
300.465    7.64544e-19
300.535    6.97743e-19
300.605    6.37235e-19
300.674    5.82414e-19
300.744    5.33371e-19
300.814    4.90341e-19
300.884    4.53085e-19
300.953    4.20590e-19
301.023    3.91306e-19
301.093    3.63885e-19
301.163    3.37903e-19
301.233    3.13908e-19
301.303    2.92893e-19
301.373    2.75990e-19
301.443    2.64815e-19
301.514    2.61886e-19
301.584    2.70381e-19
301.654    2.93414e-19
301.724    3.33621e-19
301.794    3.93172e-19
301.865    4.73234e-19
301.935    5.71621e-19
302.005    6.78983e-19
302.076    7.77265e-19
302.146    8.46011e-19
302.217    8.74326e-19
302.287    8.65524e-19
302.358    8.30391e-19
302.428    7.79313e-19
302.499    7.19729e-19
302.569    6.57027e-19
302.640    5.95662e-19
302.711    5.39087e-19
302.781    4.88987e-19
302.852    4.45126e-19
302.923    4.06264e-19
302.994    3.71375e-19
303.064    3.40236e-19
303.135    3.13136e-19
303.206    2.90338e-19
303.277    2.71858e-19
303.348    2.57664e-19
303.419    2.47917e-19
303.490    2.42930e-19
303.561    2.42841e-19
303.632    2.47444e-19
303.704    2.56633e-19
303.775    2.71371e-19
303.846    2.94494e-19
303.917    3.30681e-19
303.988    3.85384e-19
304.060    4.62357e-19
304.131    5.58790e-19
304.202    6.58826e-19
304.274    7.33435e-19
304.345    7.57915e-19
304.417    7.33869e-19
304.488    6.83325e-19
304.560    6.25559e-19
304.631    5.68312e-19
304.703    5.13248e-19
304.775    4.61764e-19
304.846    4.15845e-19
304.918    3.76563e-19
304.990    3.43441e-19
305.062    3.15050e-19
305.133    2.89897e-19
305.205    2.67055e-19
305.277    2.46332e-19
305.349    2.28120e-19
305.421    2.13213e-19
305.493    2.02617e-19
305.565    1.97160e-19
305.637    1.97051e-19
305.709    2.02109e-19
305.781    2.12768e-19
305.853    2.30709e-19
305.926    2.57974e-19
305.998    2.95113e-19
306.070    3.40141e-19
306.142    3.89467e-19
306.215    4.40127e-19
306.287    4.90901e-19
306.359    5.40426e-19
306.432    5.83531e-19
306.504    6.09990e-19
306.577    6.09443e-19
306.649    5.79897e-19
306.722    5.30352e-19
306.794    4.74189e-19
306.867    4.21573e-19
306.940    3.77197e-19
307.012    3.41791e-19
307.085    3.13959e-19
307.158    2.91265e-19
307.231    2.71162e-19
307.304    2.52209e-19
307.376    2.34789e-19
307.449    2.20457e-19
307.522    2.10493e-19
307.595    2.04986e-19
307.668    2.02896e-19
307.741    2.02627e-19
307.814    2.02765e-19
307.888    2.03094e-19
307.961    2.05360e-19
308.034    2.12493e-19
308.107    2.26328e-19
308.180    2.46076e-19
308.254    2.69780e-19
308.327    2.97753e-19
308.400    3.33593e-19
308.474    3.80044e-19
308.547    4.32645e-19
308.621    4.77364e-19
308.694    4.97603e-19
308.768    4.87172e-19
308.841    4.54039e-19
308.915    4.11094e-19
308.988    3.67638e-19
309.062    3.28070e-19
309.136    2.93795e-19
309.210    2.64778e-19
309.283    2.40332e-19
309.357    2.19740e-19
309.431    2.02883e-19
309.505    1.90351e-19
309.579    1.82784e-19
309.653    1.79932e-19
309.727    1.80312e-19
309.801    1.81908e-19
309.875    1.83455e-19
309.949    1.85207e-19
310.023    1.88383e-19
310.097    1.93733e-19
310.171    2.00581e-19
310.246    2.07536e-19
310.320    2.14574e-19
310.394    2.24403e-19
310.469    2.41184e-19
310.543    2.67079e-19
310.617    2.98868e-19
310.692    3.27269e-19
310.766    3.41418e-19
310.841    3.36929e-19
310.915    3.19239e-19
310.990    2.97849e-19
311.065    2.78881e-19
311.139    2.63021e-19
311.214    2.48014e-19
311.289    2.31793e-19
311.364    2.13804e-19
311.438    1.94803e-19
311.513    1.76316e-19
311.588    1.60094e-19
311.663    1.47529e-19
311.738    1.39321e-19
311.813    1.35559e-19
311.888    1.35756e-19
311.963    1.38655e-19
312.038    1.42270e-19
312.113    1.44666e-19
312.188    1.45085e-19
312.264    1.44392e-19
312.339    1.44385e-19
312.414    1.46489e-19
312.490    1.50820e-19
312.565    1.56364e-19
312.640    1.62261e-19
312.716    1.69148e-19
312.791    1.79102e-19
312.867    1.93873e-19
312.942    2.12720e-19
313.018    2.31542e-19
313.093    2.44332e-19
313.169    2.46547e-19
313.245    2.37846e-19
313.320    2.21580e-19
313.396    2.01925e-19
313.472    1.81961e-19
313.548    1.63794e-19
313.624    1.49175e-19
313.700    1.39136e-19
313.776    1.33083e-19
313.851    1.28780e-19
313.927    1.23731e-19
314.004    1.16905e-19
314.080    1.09203e-19
314.156    1.02421e-19
314.232    9.80313e-20
314.308    9.67806e-20
314.384    9.87590e-20
314.461    1.03374e-19
314.537    1.09383e-19
314.613    1.15305e-19
314.690    1.19934e-19
314.766    1.22549e-19
314.843    1.23016e-19
314.919    1.22207e-19
314.996    1.22164e-19
315.072    1.25057e-19
315.149    1.31292e-19
315.225    1.38556e-19
315.302    1.43187e-19
315.379    1.43166e-19
315.455    1.39938e-19
315.532    1.36990e-19
315.609    1.36624e-19
315.686    1.37959e-19
315.763    1.37742e-19
315.840    1.33170e-19
315.917    1.24170e-19
315.994    1.13084e-19
316.071    1.02583e-19
316.148    9.41219e-20
316.225    8.79399e-20
316.302    8.38459e-20
316.379    8.18105e-20
	
316.534    8.42447e-20
316.611    8.78317e-20
316.689    9.13646e-20
316.766    9.36096e-20
316.843    9.43135e-20
316.921    9.43247e-20
316.998    9.48542e-20
317.076    9.64967e-20
317.154    9.86858e-20
317.231    9.99590e-20
317.309    9.89898e-20
317.387    9.56558e-20
317.464    9.11768e-20
317.542    8.72066e-20
317.620    8.47814e-20
317.698    8.40030e-20
317.776    8.45354e-20
317.854    8.62464e-20
317.931    8.91663e-20
318.009    9.27283e-20
318.088    9.53537e-20
318.166    9.52959e-20
318.244    9.20610e-20
318.322    8.67010e-20
318.400    8.06258e-20
318.478    7.45009e-20
318.557    6.83699e-20
318.635    6.23457e-20
318.713    5.68541e-20
318.792    5.24469e-20
318.870    4.95778e-20
318.948    4.83760e-20
319.027    4.84822e-20
319.106    4.92291e-20
319.184    5.01684e-20
319.263    5.14382e-20
319.341    5.35284e-20
319.420    5.66408e-20
319.499    6.02774e-20
319.578    6.34577e-20
319.656    6.53617e-20
319.735    6.57571e-20
319.814    6.48358e-20
319.893    6.28106e-20
319.972    5.98164e-20
320.051    5.61066e-20
320.130    5.21268e-20
320.209    4.83891e-20
320.288    4.53320e-20
320.367    4.31716e-20
320.447    4.18194e-20
320.526    4.10061e-20
320.605    4.05289e-20
320.684    4.04481e-20
320.764    4.10079e-20
320.843    4.23233e-20
320.923    4.41020e-20
321.002    4.55491e-20
321.082    4.56869e-20
321.161    4.40438e-20
321.241    4.10572e-20
321.320    3.76813e-20
321.400    3.46337e-20
321.480    3.21050e-20
321.560    3.00586e-20
321.639    2.85588e-20
321.719    2.77516e-20
321.799    2.76792e-20
321.879    2.81997e-20
321.959    2.90584e-20
322.039    2.99903e-20
322.119    3.07543e-20
322.199    3.11623e-20
322.279    3.11930e-20
322.359    3.11089e-20
322.439    3.13504e-20
322.520    3.21324e-20
322.600    3.30770e-20
322.680    3.33449e-20
322.761    3.22786e-20
322.841    2.99353e-20
322.921    2.69665e-20
323.002    2.40817e-20
323.082    2.16896e-20
323.163    1.99137e-20
323.244    1.87386e-20
323.324    1.80140e-20
323.405    1.74734e-20
323.486    1.69958e-20
323.566    1.66965e-20
323.647    1.67012e-20
323.728    1.70223e-20
323.809    1.75995e-20
323.890    1.83527e-20
323.971    1.91525e-20
324.052    1.97804e-20
324.133    2.00046e-20
324.214    1.97056e-20
324.295    1.89417e-20
324.376    1.79234e-20
324.457    1.69193e-20
324.538    1.61248e-20
324.620    1.55973e-20
324.701    1.53084e-20
324.782    1.52134e-20
324.864    1.52757e-20
324.945    1.54699e-20
325.027    1.57557e-20
325.108    1.60353e-20
325.190    1.61391e-20
325.271    1.58883e-20
325.353    1.52516e-20
325.435    1.44406e-20
325.516    1.37803e-20
325.598    1.34465e-20
325.680    1.33567e-20
325.762    1.33329e-20
325.844    1.32622e-20
325.926    1.30830e-20
326.008    1.27478e-20
326.090    1.22499e-20
326.172    1.16460e-20
326.254    1.10114e-20
326.336    1.03711e-20
326.418    9.71659e-21
326.500    9.11776e-21
326.583    8.70133e-21
326.665    8.48230e-21
326.747    8.35131e-21
326.830    8.22542e-21
326.912    8.16831e-21
326.995    8.33510e-21
327.077    8.76224e-21
327.160    9.32771e-21
327.242    9.86175e-21
327.325    1.01600e-20
327.408    1.00372e-20
327.490    9.50290e-21
327.573    8.81190e-21
327.656    8.22875e-21
327.739    7.82726e-21
327.822    7.57003e-21
327.905    7.41864e-21
327.988    7.31891e-21
328.071    7.21975e-21
328.154    7.15267e-21
328.237    7.13145e-21
328.320    7.06009e-21
328.403    6.90686e-21
328.486    6.75940e-21
328.569    6.67913e-21
328.653    6.66587e-21
328.736    6.68409e-21
328.820    6.69883e-21
328.903    6.71990e-21
328.986    6.78302e-21
329.070    6.90836e-21
329.154    7.06554e-21
329.237    7.16034e-21
329.321    7.07510e-21
329.404    6.75586e-21
329.488    6.28798e-21
329.572    5.81036e-21
329.656    5.38571e-21
329.740    5.08496e-21
329.824    4.96108e-21
329.908    4.93699e-21
329.992    4.98125e-21
330.076    5.10842e-21
330.160    5.24492e-21
330.244    5.31881e-21
330.328    5.35228e-21
330.412    5.41275e-21
330.496    5.50186e-21
330.581    5.53292e-21
330.665    5.45756e-21
330.749    5.41844e-21
330.834    5.64626e-21
330.918    6.03781e-21
331.003    6.10795e-21
331.087    5.64009e-21
331.172    4.98123e-21
331.256    4.55159e-21
331.341    4.47976e-21
331.426    4.68969e-21
331.511    4.95126e-21
331.595    4.99506e-21
331.680    4.81045e-21
331.765    4.61595e-21
331.850    4.59696e-21
331.935    4.80441e-21
332.020    5.07488e-21
332.105    5.07441e-21
332.190    4.71314e-21
332.275    4.30391e-21
332.361    4.11283e-21
332.446    4.09940e-21
332.531    4.14618e-21
332.617    4.20092e-21
332.702    4.24191e-21
332.787    4.25741e-21
332.873    4.23527e-21
332.958    4.18914e-21
333.044    4.16456e-21
333.129    4.18841e-21
333.215    4.22115e-21
333.301    4.16616e-21
333.386    3.95680e-21
333.472    3.65066e-21
333.558    3.41037e-21
333.644    3.35742e-21
333.730    3.43576e-21
333.816    3.45397e-21
333.902    3.26696e-21
333.988    2.96559e-21
334.074    2.83202e-21
334.160    2.88815e-21
334.246    2.93126e-21
334.332    3.13543e-21
334.419    3.52172e-21
334.505    3.62250e-21
334.591    3.27873e-21
334.678    2.90863e-21
334.764    2.90734e-21
334.851    3.06172e-21
334.937    2.94216e-21
335.024    2.69057e-21
335.110    2.64580e-21
335.197    2.80285e-21
335.284    3.01722e-21
335.370    3.26851e-21
335.457    3.57167e-21
335.544    3.75452e-21
335.631    3.60237e-21
335.718    3.28085e-21
335.805    3.14450e-21
335.892    3.20624e-21
335.979    3.17600e-21
336.066    2.85269e-21
336.153    2.44843e-21
336.240    2.39759e-21
336.328    2.61623e-21
336.415    2.62539e-21
336.502    2.47859e-21
336.590    2.44436e-21
336.677    2.48813e-21
336.765    2.52691e-21
336.852    2.63992e-21
336.940    2.74025e-21
337.027    2.53563e-21
337.115    2.16596e-21
337.203    1.96344e-21
337.290    1.91823e-21
337.378    1.89998e-21
337.466    1.84688e-21
337.554    1.76373e-21
337.642    1.66712e-21
337.730    1.56252e-21
337.818    1.49090e-21
337.906    1.52252e-21
337.994    1.68436e-21
338.082    1.98664e-21
338.170    2.48143e-21
338.259    3.14415e-21
338.347    3.60505e-21
338.435    3.36261e-21
338.524    2.53060e-21
338.612    1.86000e-21
338.700    1.74786e-21
338.789    1.86115e-21
338.878    1.92055e-21
338.966    1.94671e-21
339.055    1.91092e-21
339.144    1.78037e-21
339.232    1.62196e-21
339.321    1.53197e-21
339.410    1.51274e-21
339.499    1.48927e-21
339.588    1.67175e-21
339.677    2.27707e-21
339.766    2.98374e-21
339.855    3.46302e-21
339.944    3.72371e-21
340.033    3.62892e-21
340.122    2.90470e-21
340.212    1.89291e-21
340.301    1.47939e-21
340.390    1.46931e-21
340.480    1.35480e-21
340.569    2.33511e-21
340.659    3.89038e-21
340.748    4.11780e-21
340.838    3.11149e-21
340.928    2.11676e-21
341.017    1.58297e-21
341.107    1.29320e-21
341.197    1.12026e-21
341.287    1.04593e-21
341.377    1.03240e-21
341.466    1.03409e-21
341.556    1.02415e-21
341.646    1.04017e-21
341.737    1.12109e-21
341.827    1.33496e-21
341.917    1.72071e-21
342.007    1.99447e-21
342.097    1.83721e-21
342.188    1.45364e-21
342.278    1.19769e-21
342.368    1.12546e-21
342.459    1.15992e-21
342.549    1.25148e-21
342.640    1.34542e-21
342.730    1.34173e-21
342.821    1.17747e-21
342.912    9.78360e-22
343.003    9.63675e-22
343.093    1.00204e-21
343.184    8.98165e-22
343.275    9.40586e-22
343.366    1.07161e-21
343.457    1.13664e-21
343.548    1.30088e-21
343.639    1.62791e-21
343.730    2.19643e-21
343.821    2.83556e-21
343.913    3.08542e-21
344.004    2.84114e-21
344.095    2.39293e-21
344.187    1.96949e-21
344.278    1.62192e-21
344.369    1.40881e-21
344.461    1.41518e-21
344.553    1.47870e-21
344.644    1.39058e-21
344.736    1.56651e-21
344.828    2.22528e-21
344.919    2.57364e-21
345.011    2.16905e-21
345.103    1.57423e-21
345.195    1.30420e-21
345.287    1.46794e-21
345.379    2.07994e-21
345.471    2.63806e-21
345.563    2.52224e-21
345.655    2.04342e-21
345.747    1.76610e-21
345.840    1.74143e-21
345.932    1.89049e-21
346.024    2.08228e-21
346.117    2.13047e-21
346.209    1.98079e-21
346.302    1.75721e-21
346.394    1.69005e-21
346.487    2.03329e-21
346.579    2.90794e-21
346.672    3.83286e-21
346.765    3.91989e-21
346.858    3.08810e-21
346.950    2.27391e-21
347.043    2.06801e-21
347.136    2.22071e-21
347.229    2.35955e-21
347.322    2.26040e-21
347.415    1.87822e-21
347.508    1.43059e-21
347.602    1.28323e-21
347.695    1.68002e-21
347.788    2.66972e-21
347.882    3.94018e-21
347.975    4.56802e-21
348.068    3.80602e-21
348.162    2.27555e-21
348.255    1.24019e-21
348.349    1.29236e-21
348.443    2.32250e-21
348.536    3.68404e-21
348.630    4.30791e-21
348.724    3.76150e-21
348.818    2.77658e-21
348.912    2.07600e-21
349.006    1.65244e-21
349.100    1.29946e-21
349.194    1.05698e-21
349.288    1.02173e-21
349.382    1.15909e-21
349.476    1.49505e-21
349.570    1.75174e-21
349.665    1.50338e-21
349.759    1.02608e-21
349.853    8.16121e-22
349.948    8.76755e-22
