  7.749     1.82e-18
  7.847     1.91e-18
  7.948     1.92e-18
  8.051     2.03e-18
  8.157     2.07e-18
  8.266     2.11e-18
  8.377     2.15e-18
  8.492     2.22e-18
  8.610     2.35e-18
  8.731     2.39e-18
  8.856     2.44e-18
  8.984     2.48e-18
  9.116     2.60e-18
  9.253     2.70e-18
  9.393     2.79e-18
  9.537     2.84e-18
  9.686     2.92e-18
  9.840     3.00e-18
  9.999     3.17e-18
 10.16      3.26e-18
 10.33      3.31e-18
 10.51      3.48e-18
 10.69      3.60e-18
 10.88      3.71e-18
 11.07      3.80e-18
 11.27      4.02e-18
 11.48      4.15e-18
 11.70      4.32e-18
 11.92      4.50e-18
 12.16      4.64e-18
 12.40      4.80e-18
 12.7       4.94e-18
 12.9       5.16e-18
 13.1       5.27e-18
 13.2       5.37e-18
 13.5       5.58e-18
 13.8       5.83e-18
 14.1       5.99e-18
 14.4       6.22e-18
 14.6       6.36e-18
 14.8       6.48e-18
 15.1       6.73e-18
 15.5       6.98e-18
 15.7       7.05e-18
 15.9       7.20e-18
 16.1       7.32e-18
 16.3       7.52e-18
 16.5       7.79e-18
 16.8       8.08e-18
 17.0       7.96e-18
 17.2       8.20e-18
 17.5       8.47e-18
 17.7       8.58e-18
 18.0       8.90e-18
 18.2       8.90e-18
 18.5       9.27e-18
 18.8       9.59e-18
 19.1       9.70e-18
 19.4       9.99e-18
 19.7       1.03e-17
 20.0       1.07e-17
 20.3       1.09e-17
 20.7       1.111e-17
 21.0       1.122e-17
 21.4       1.116e-17
 21.8       1.137e-17
 22.1       1.180e-17
 22.5       1.219e-17
 23.0       1.248e-17
 23.4       1.252e-17
 23.8       1.286e-17
 24.3       1.317e-17
 24.8       1.324e-17
 25.3       1.358e-17
 25.8       1.378e-17
 26.4       1.441e-17
 27.0       1.468e-17
 27.6       1.465e-17
 28.2       1.509e-17
 28.8       1.572e-17
 29.5       1.591e-17
 30.2       1.623e-17
 31.0       1.656e-17
 31.8       1.704e-17
 32.6       1.801e-17
 33.5       1.855e-17
 34.4       1.945e-17
 35.4       2.018e-17
 36.5       2.137e-17
 37.6       2.210e-17
 38.7       2.353e-17
 40.0       2.456e-17
 41.3       2.579e-17
 42.0       2.689e-17
 42.8       2.740e-17
 43.5       2.850e-17
 44.3       2.900e-17
 45.1       2.981e-17
 45.0       3.115e-17
 46.8       3.049e-17
 47.7       3.154e-17
 48.6       3.289e-17
 49.6       3.309e-17
 50.6       3.420e-17
 51.7       3.550e-17
 52.8       3.735e-17
 53.9       3.830e-17
 55.1       4.014e-17
 56.4       4.168e-17
 57.7       4.412e-17
 59.0       4.534e-17
 60.5       4.624e-17
 62.0       4.851e-17
 63.6       4.907e-17
 65.3       4.997e-17
 67.0       5.044e-17
 68.9       4.940e-17
 70.8       4.746e-17
 72.9       4.493e-17
 75.1       4.255e-17
 77.5       4.037e-17
 80.0       3.761e-17
 82.7       3.625e-17
 85.5       3.470e-17
 88.6       3.432e-17
 91.8       3.592e-17
 95.4       3.700e-17
 99.2       3.246e-17
103         2.570e-17
108         1.868e-17
113         1.794e-17
118         2.011e-17
124         2.378e-17
131         2.553e-17
138         1.744e-17
146         7.83e-18
155         5.17e-18
165         3.45e-18
177         2.57e-18
191         3.00e-18
207         3.62e-18
225         2.90e-18
248         9.44e-19

