106.1    2.046e-17
106.2    2.057e-17
106.3    2.046e-17
106.4    1.995e-17
106.5    1.908e-17
106.6    1.751e-17
106.7    1.585e-17
106.8    1.534e-17
106.9    1.546e-17
107.0    1.616e-17
107.1    1.799e-17
107.2    2.082e-17
107.3    2.105e-17
107.4    2.016e-17
107.5    1.990e-17
107.6    1.972e-17
107.7    1.945e-17
107.8    1.839e-17
107.9    1.358e-17
108.0    1.373e-17
108.1    1.399e-17
108.2    1.382e-17
108.3    1.322e-17
108.4    1.280e-17
108.5    1.520e-17
108.6    1.585e-17
108.7    1.540e-17
108.8    1.457e-17
108.9    1.453e-17
109.0    1.481e-17
109.1    1.507e-17
109.2    1.480e-17
109.3    1.409e-17
109.4    1.325e-17
109.5    1.240e-17
109.6    1.234e-17
109.7    1.427e-17
109.8    1.489e-17
109.9    1.410e-17
110.0    1.342e-17
110.1    1.336e-17
110.2    1.405e-17
110.3    1.899e-17
110.4    2.024e-17
110.5    1.945e-17
110.6    1.822e-17
110.7    1.735e-17
110.8    1.688e-17
110.9    1.722e-17
111.0    1.837e-17
111.1    2.158e-17
111.2    2.480e-17
111.3    3.131e-17
111.4    3.623e-17
111.5    3.363e-17
111.6    3.176e-17
111.7    3.070e-17
111.8    3.374e-17
111.9    3.803e-17
112.0    3.716e-17
112.1    3.276e-17
112.2    2.819e-17
112.3    2.711e-17
112.4    2.865e-17
112.5    3.306e-17
112.6    3.789e-17
112.7    3.986e-17
112.8    4.135e-17
112.9    4.208e-17
113.0    4.279e-17
113.1    4.576e-17
113.2    3.088e-17
113.3    2.082e-17
113.4    1.764e-17
113.5    1.621e-17
113.6    1.606e-17
113.7    1.730e-17
113.8    1.958e-17
113.9    2.205e-17
114.0    2.522e-17
114.1    2.685e-17
114.2    2.715e-17
114.3    2.556e-17
114.4    2.778e-17
114.5    2.796e-17
114.6    2.328e-17
114.7    1.850e-17
114.8    1.020e-17
114.9    1.034e-17
115.0    1.176e-17
115.1    1.219e-17
115.2    9.535e-18
115.3    8.565e-18
115.4    8.034e-18
115.5    7.754e-18
115.6    7.700e-18
115.7    7.779e-18
115.8    7.902e-18
115.9    8.049e-18
116.0    8.198e-18
116.1    8.366e-18
116.2    8.577e-18
116.3    8.805e-18
116.4    8.825e-18
116.5    8.785e-18
116.6    8.744e-18
116.7    8.981e-18
116.8    9.557e-18
116.9    9.628e-18
117.0    9.022e-18
117.1    8.640e-18
117.2    8.514e-18
117.3    8.381e-18
117.4    8.213e-18
117.5    7.975e-18
117.6    7.945e-18
117.7    8.067e-18
117.8    8.328e-18
117.9    9.165e-18
118.0    9.739e-18
118.1    1.018e-17
118.2    1.063e-17
118.3    1.099e-17
118.4    1.121e-17
118.5    1.147e-17
118.6    1.178e-17
118.7    1.209e-17
118.8    1.243e-17
118.9    1.287e-17
119.0    1.355e-17
119.1    1.457e-17
119.2    1.568e-17
119.3    1.688e-17
119.4    1.817e-17
119.5    1.895e-17
119.6    1.931e-17
119.7    1.975e-17
119.8    2.063e-17
119.9    2.259e-17
120.0    2.415e-17
120.1    2.549e-17
120.2    2.657e-17
120.3    2.786e-17
120.4    2.873e-17
120.5    2.960e-17
120.6    3.038e-17
120.7    3.110e-17
120.8    3.169e-17
120.9    3.225e-17
121.0    3.374e-17
121.1    3.580e-17
121.2    3.917e-17
121.3    3.953e-17
121.4    3.747e-17
121.5    3.676e-17
121.6    3.957e-17
121.7    4.199e-17
121.8    4.166e-17
121.9    3.938e-17
122.0    3.859e-17
122.1    3.924e-17
122.2    3.982e-17
122.3    4.004e-17
122.4    4.004e-17
122.5    4.004e-17
122.6    4.012e-17
122.7    4.030e-17
122.8    4.056e-17
122.9    4.124e-17
123.0    4.255e-17
123.1    4.415e-17
123.2    4.839e-17
123.3    5.347e-17
123.4    5.515e-17
123.5    5.620e-17
123.6    5.796e-17
123.7    5.988e-17
123.8    6.230e-17
123.9    6.609e-17
124.0    7.220e-17
124.1    7.595e-17
124.2    7.320e-17
124.3    7.300e-17
124.4    8.008e-17
124.5    9.509e-17
124.6    9.509e-17
124.7    9.014e-17
124.8    8.805e-17
124.9    8.890e-17
125.0    9.875e-17
125.1    1.122e-16
125.2    1.226e-16
125.3    1.235e-16
125.4    1.081e-16
125.5    9.404e-17
125.6    9.097e-17
125.7    9.228e-17
125.8    9.893e-17
125.9    1.017e-16
126.0    1.016e-16
126.1    1.001e-16
126.2    9.623e-17
126.3    9.434e-17
126.4    9.391e-17
126.5    9.314e-17
126.6    9.056e-17
126.7    8.696e-17
126.8    8.198e-17
126.9    7.619e-17
127.0    7.246e-17
127.1    7.055e-17
127.2    6.707e-17
127.3    5.876e-17
127.4    5.426e-17
127.5    5.088e-17
127.6    4.661e-17
127.7    4.269e-17
127.8    3.865e-17
127.9    3.582e-17
128.0    3.408e-17
128.1    3.282e-17
128.2    3.143e-17
128.3    2.872e-17
128.4    2.625e-17
128.5    2.482e-17
128.6    2.377e-17
128.7    2.296e-17
128.8    2.177e-17
128.9    2.056e-17
129.0    1.937e-17
129.1    1.832e-17
129.2    1.738e-17
129.3    1.640e-17
129.4    1.600e-17
129.5    1.582e-17
129.6    1.551e-17
129.7    1.489e-17
129.8    1.443e-17
129.9    1.400e-17
130.0    1.335e-17
130.1    1.241e-17
130.2    1.158e-17
130.3    1.079e-17
130.4    1.070e-17
130.5    1.144e-17
130.6    1.257e-17
130.7    1.321e-17
130.8    1.231e-17
130.9    1.216e-17
131.0    1.260e-17
131.1    1.341e-17
131.2    1.515e-17
131.3    1.566e-17
131.4    1.361e-17
131.5    1.240e-17
131.6    1.225e-17
131.7    1.366e-17
131.8    1.429e-17
131.9    1.171e-17
132.0    9.775e-18
132.1    1.018e-17
132.2    1.097e-17
132.3    1.198e-17
132.4    1.215e-17
132.5    9.258e-18
132.6    8.191e-18
132.7    7.686e-18
132.8    9.039e-18
132.9    1.150e-17
133.0    1.134e-17
133.1    1.006e-17
133.2    7.808e-18
133.3    6.784e-18
133.4    6.738e-18
133.5    8.213e-18
133.6    9.517e-18
133.7    1.006e-17
133.8    7.916e-18
133.9    6.539e-18
134.0    4.949e-18
134.1    4.291e-18
134.2    3.577e-18
134.3    3.255e-18
134.4    3.432e-18
134.5    3.824e-18
134.6    4.370e-18
134.7    4.524e-18
134.8    4.126e-18
134.9    3.711e-18
135.0    3.369e-18
135.1    3.144e-18
135.2    3.080e-18
135.3    3.080e-18
135.4    3.101e-18
135.5    3.137e-18
135.6    3.188e-18
135.7    3.240e-18
135.8    3.262e-18
135.9    3.232e-18
136.0    3.181e-18
136.1    3.123e-18
136.2    3.080e-18
136.3    3.137e-18
136.4    3.137e-18
136.5    3.094e-18
136.6    3.173e-18
136.7    3.087e-18
136.8    2.962e-18
136.9    2.962e-18
137.0    3.225e-18
137.1    3.331e-18
137.2    3.315e-18
137.3    3.247e-18
137.4    3.210e-18
137.5    3.203e-18
137.6    3.232e-18
137.7    3.277e-18
137.8    3.361e-18
137.9    3.488e-18
138.0    3.552e-18
138.1    3.528e-18
138.2    3.496e-18
138.3    3.480e-18
138.4    3.464e-18
138.5    3.472e-18
138.6    3.488e-18
138.7    3.520e-18
138.8    3.552e-18
138.9    3.577e-18
139.0    3.652e-18
139.1    3.711e-18
139.2    3.763e-18
139.3    3.824e-18
139.4    3.851e-18
139.5    3.772e-18
139.6    3.669e-18
139.7    3.528e-18
139.8    3.440e-18
139.9    3.440e-18
140.0    3.488e-18
140.1    3.520e-18
140.2    3.536e-18
140.3    3.552e-18
140.4    3.577e-18
140.5    3.602e-18
140.6    3.618e-18
140.7    3.635e-18
140.8    3.660e-18
140.9    3.694e-18
141.0    3.746e-18
141.1    3.754e-18
141.2    3.720e-18
141.3    3.703e-18
141.4    3.703e-18
141.5    3.737e-18
141.6    3.780e-18
141.7    3.859e-18
141.8    4.004e-18
141.9    4.281e-18
142.0    4.281e-18
142.1    4.126e-18
142.2    4.154e-18
142.3    4.212e-18
142.4    4.097e-18
142.5    3.886e-18
142.6    3.754e-18
142.7    3.720e-18
142.8    3.720e-18
142.9    3.772e-18
143.0    3.922e-18
143.1    4.097e-18
143.2    4.051e-18
143.3    4.004e-18
143.4    4.241e-18
143.5    4.241e-18
143.6    4.116e-18
143.7    3.958e-18
143.8    3.815e-18
143.9    3.737e-18
144.0    3.737e-18
144.1    3.868e-18
144.2    4.079e-18
144.3    4.320e-18
144.4    4.576e-18
144.5    4.629e-18
144.6    4.705e-18
144.7    4.792e-18
144.8    4.587e-18
144.9    4.212e-18
145.0    3.977e-18
145.1    3.895e-18
145.2    3.940e-18
145.3    4.154e-18
145.4    4.555e-18
145.5    4.881e-18
145.6    5.006e-18
145.7    4.926e-18
145.8    4.825e-18
145.9    4.825e-18
146.0    4.737e-18
146.1    4.629e-18
146.2    4.576e-18
146.3    4.534e-18
146.4    4.524e-18
146.5    4.555e-18
146.6    4.608e-18
146.7    4.694e-18
146.8    4.781e-18
146.9    4.926e-18
147.0    5.147e-18
147.1    5.402e-18
147.2    5.489e-18
147.3    5.464e-18
147.4    5.303e-18
147.5    5.041e-18
147.6    4.814e-18
147.7    4.651e-18
147.8    4.597e-18
147.9    4.619e-18
148.0    4.792e-18
148.1    5.182e-18
148.2    5.579e-18
148.3    5.991e-18
148.4    6.103e-18
148.5    6.047e-18
148.6    5.708e-18
148.7    5.340e-18
148.8    5.041e-18
148.9    4.803e-18
149.0    4.651e-18
149.1    4.608e-18
149.2    4.672e-18
149.3    4.836e-18
149.4    5.111e-18
149.5    5.656e-18
149.6    6.075e-18
149.7    6.317e-18
149.8    6.317e-18
149.9    6.173e-18
150.0    5.841e-18
150.1    5.489e-18
150.2    5.254e-18
150.3    5.076e-18
150.4    4.972e-18
150.5    4.926e-18
150.6    4.972e-18
150.7    5.064e-18
150.8    5.266e-18
150.9    5.527e-18
151.0    5.815e-18
151.1    5.991e-18
151.2    5.991e-18
151.3    5.630e-18
151.4    5.502e-18
151.5    5.402e-18
151.6    5.242e-18
151.7    4.949e-18
151.8    4.597e-18
151.9    4.251e-18
152.0    3.940e-18
152.1    3.824e-18
152.2    3.859e-18
152.3    4.232e-18
152.4    4.683e-18
152.5    5.170e-18
152.6    5.591e-18
152.7    5.708e-18
152.8    5.591e-18
152.9    5.088e-18
153.0    4.514e-18
153.1    4.023e-18
153.2    3.703e-18
153.3    3.464e-18
153.4    3.354e-18
153.5    3.354e-18
153.6    3.496e-18
153.7    3.986e-18
153.8    4.545e-18
153.9    5.182e-18
154.0    5.591e-18
154.1    5.477e-18
154.2    5.064e-18
154.3    4.462e-18
154.4    3.949e-18
154.5    3.480e-18
154.6    3.144e-18
154.7    2.955e-18
154.8    2.822e-18
154.9    2.796e-18
155.0    2.921e-18
155.1    3.225e-18
155.2    3.569e-18
155.3    3.958e-18
155.4    4.421e-18
155.5    4.748e-18
155.6    4.452e-18
155.7    3.913e-18
155.8    3.440e-18
155.9    3.031e-18
156.0    2.707e-18
156.1    2.469e-18
156.2    2.309e-18
156.3    2.267e-18
156.4    2.294e-18
156.5    2.352e-18
156.6    2.509e-18
156.7    2.739e-18
156.8    2.996e-18
156.9    3.270e-18
157.0    3.392e-18
157.1    3.331e-18
157.2    2.996e-18
157.3    2.526e-18
157.4    2.145e-18
157.5    1.966e-18
157.6    1.847e-18
157.7    1.785e-18
157.8    1.780e-18
157.9    1.814e-18
158.0    1.908e-18
158.1    1.998e-18
158.2    2.097e-18
158.3    2.131e-18
158.4    2.126e-18
158.5    2.068e-18
158.6    2.007e-18
158.7    1.925e-18
158.8    1.793e-18
158.9    1.673e-18
159.0    1.558e-18
159.1    1.454e-18
159.2    1.366e-18
159.3    1.308e-18
159.4    1.275e-18
159.5    1.275e-18
159.6    1.299e-18
159.7    1.323e-18
159.8    1.335e-18
159.9    1.335e-18
160.0    1.308e-18
160.1    1.269e-18
160.2    1.218e-18
160.3    1.160e-18
160.4    1.100e-18
160.5    1.030e-18
160.6    9.850e-19
160.7    9.408e-19
160.8    9.089e-19
160.9    8.862e-19
161.0    8.680e-19
161.1    8.600e-19
161.2    8.680e-19
161.3    8.760e-19
161.4    8.760e-19
161.5    8.660e-19
161.6    8.443e-19
161.7    8.138e-19
161.8    7.844e-19
161.9    7.543e-19
162.0    7.253e-19
162.1    6.975e-19
162.2    6.722e-19
162.3    6.464e-19
162.4    6.173e-19
162.5    5.895e-19
162.6    5.722e-19
162.7    5.643e-19
162.8    5.566e-19
162.9    5.477e-19
163.0    5.352e-19
163.1    5.218e-19
163.2    5.088e-19
163.3    4.960e-19
163.4    4.836e-19
163.5    4.705e-19
163.6    4.514e-19
163.7    4.291e-19
163.8    4.212e-19
163.9    4.174e-19
164.0    4.116e-19
164.1    3.986e-19
164.2    3.833e-19
164.3    3.686e-19
164.4    3.618e-19
164.5    3.585e-19
164.6    3.577e-19
164.7    3.602e-19
164.8    3.669e-19
164.9    3.737e-19
165.0    3.789e-19
165.1    3.754e-19
165.2    3.585e-19
165.3    3.424e-19
165.4    3.270e-19
165.5    3.166e-19
165.6    3.137e-19
165.7    3.159e-19
165.8    3.210e-19
165.9    3.300e-19
166.0    3.315e-19
166.1    3.262e-19
166.2    3.159e-19
166.3    3.045e-19
166.4    2.941e-19
166.5    2.848e-19
166.6    2.809e-19
166.7    2.835e-19
166.8    2.928e-19
166.9    3.073e-19
167.0    3.255e-19
167.1    3.385e-19
167.2    3.488e-19
167.3    3.488e-19
167.4    3.392e-19
167.5    3.240e-19
167.6    3.108e-19
167.7    3.080e-19
167.8    3.137e-19
167.9    3.432e-19
168.0    3.842e-19
168.1    3.842e-19
168.2    3.754e-19
168.3    3.763e-19
168.4    3.913e-19
168.5    3.913e-19
168.6    3.686e-19
168.7    3.369e-19
168.8    3.361e-19
168.9    3.520e-19
169.0    3.995e-19
169.1    4.534e-19
169.2    4.859e-19
169.3    4.737e-19
169.4    4.370e-19
169.5    3.986e-19
169.6    3.877e-19
169.7    3.940e-19
169.8    4.203e-19
169.9    4.597e-19
170.0    5.076e-19
170.1    5.230e-19
170.2    5.206e-19
170.3    5.242e-19
170.4    5.352e-19
170.5    5.502e-19
170.6    5.579e-19
170.7    5.579e-19
170.8    5.540e-19
170.9    5.426e-19
171.0    5.230e-19
171.1    5.088e-19
171.2    5.088e-19
171.3    5.279e-19
171.4    5.604e-19
171.5    6.173e-19
171.6    7.286e-19
171.7    7.286e-19
171.8    6.753e-19
171.9    6.259e-19
172.0    5.923e-19
172.1    6.005e-19
172.2    6.346e-19
172.3    6.879e-19
172.4    7.439e-19
172.5    8.045e-19
172.6    8.680e-19
172.7    8.680e-19
172.8    8.063e-19
172.9    7.422e-19
173.0    6.816e-19
173.1    6.288e-19
173.2    6.288e-19
173.3    6.911e-19
173.4    7.916e-19
173.5    1.006e-18
173.6    1.118e-18
173.7    1.063e-18
173.8    9.517e-19
173.9    8.882e-19
174.0    8.405e-19
174.1    8.561e-19
174.2    9.237e-19
174.3    9.966e-19
174.4    1.044e-18
174.5    1.063e-18
174.6    1.085e-18
174.7    1.113e-18
174.8    1.139e-18
174.9    1.176e-18
175.0    1.240e-18
175.1    1.302e-18
175.2    1.296e-18
175.3    1.155e-18
175.4    1.010e-18
175.5    1.010e-18
175.6    1.078e-18
175.7    1.131e-18
175.8    1.182e-18
175.9    1.401e-18
176.0    1.624e-18
176.1    1.624e-18
176.2    1.357e-18
176.3    1.382e-18
176.4    1.395e-18
176.5    1.382e-18
176.6    1.220e-18
176.7    1.041e-18
176.8    1.281e-18
176.9    1.696e-18
177.0    1.740e-18
177.1    1.631e-18
177.2    1.669e-18
177.3    1.822e-18
177.4    1.934e-18
177.5    1.669e-18
177.6    1.441e-18
177.7    1.332e-18
177.8    1.395e-18
177.9    1.522e-18
178.0    1.505e-18
178.1    1.536e-18
178.2    1.772e-18
178.3    2.039e-18
178.4    2.082e-18
178.5    2.035e-18
178.6    1.988e-18
178.7    1.917e-18
178.8    1.780e-18
178.9    1.669e-18
179.0    1.669e-18
179.1    1.789e-18
179.2    1.979e-18
179.3    1.899e-18
179.4    1.890e-18
179.5    1.998e-18
179.6    2.211e-18
179.7    2.550e-18
179.8    2.585e-18
179.9    2.402e-18
180.0    2.226e-18
180.1    2.063e-18
180.2    1.917e-18
180.3    1.890e-18
180.4    2.007e-18
180.5    2.231e-18
180.6    2.480e-18
180.7    2.509e-18
180.8    2.475e-18
180.9    2.609e-18
181.0    3.369e-18
181.1    3.528e-18
181.2    3.255e-18
181.3    2.492e-18
181.4    2.160e-18
181.5    2.211e-18
181.6    2.538e-18
181.7    2.336e-18
181.8    2.252e-18
181.9    2.526e-18
182.0    3.108e-18
182.1    3.895e-18
182.2    3.488e-18
182.3    2.968e-18
182.4    2.941e-18
182.5    3.181e-18
182.6    3.594e-18
182.7    3.594e-18
182.8    2.809e-18
182.9    2.458e-18
183.0    2.458e-18
183.1    2.695e-18
183.2    3.166e-18
183.3    3.737e-18
183.4    4.452e-18
183.5    4.949e-18
183.6    4.949e-18
183.7    4.360e-18
183.8    3.754e-18
183.9    3.225e-18
184.0    2.835e-18
184.1    2.745e-18
184.2    2.789e-18
184.3    3.166e-18
184.4    3.711e-18
184.5    4.597e-18
184.6    5.426e-18
184.7    5.426e-18
184.8    4.629e-18
184.9    4.320e-18
185.0    4.661e-18
185.1    4.814e-18
185.2    4.411e-18
185.3    3.720e-18
185.4    3.331e-18
185.5    3.424e-18
185.6    3.686e-18
185.7    3.859e-18
185.8    3.720e-18
185.9    3.569e-18
186.0    4.651e-18
186.1    6.202e-18
186.2    6.317e-18
186.3    6.061e-18
186.4    5.414e-18
186.5    4.781e-18
186.6    4.222e-18
186.7    3.728e-18
186.8    3.361e-18
186.9    3.240e-18
187.0    3.569e-18
187.1    5.402e-18
187.2    6.832e-18
187.3    6.033e-18
187.4    5.656e-18
187.5    5.841e-18
187.6    5.841e-18
187.7    5.170e-18
187.8    4.726e-18
187.9    4.441e-18
188.0    4.310e-18
188.1    4.759e-18
188.2    4.748e-18
188.3    4.079e-18
188.4    3.824e-18
188.5    4.232e-18
188.6    6.230e-18
188.7    7.700e-18
188.8    6.816e-18
188.9    6.391e-18
189.0    6.310e-18
189.1    6.145e-18
189.2    5.313e-18
189.3    4.577e-18
189.4    3.938e-18
189.5    3.898e-18
189.6    5.509e-18
189.7    7.212e-18
189.8    6.346e-18
189.9    6.103e-18
190.0    6.584e-18
190.1    7.354e-18
190.2    9.173e-18
190.3    9.063e-18
190.4    8.069e-18
190.5    7.898e-18
190.6    6.701e-18
190.7    5.624e-18
190.8    5.037e-18
190.9    6.729e-18
191.0    5.416e-18
191.1    4.916e-18
191.2    6.696e-18
191.3    7.338e-18
191.4    8.920e-18
191.5    7.053e-18
191.6    6.328e-18
191.7    7.086e-18
191.8    8.678e-18
191.9    9.513e-18
192.0    8.003e-18
192.1    6.739e-18
192.2    5.493e-18
192.3    4.680e-18
192.4    6.339e-18
192.5    6.937e-18
192.6    6.042e-18
192.7    5.520e-18
192.8    5.668e-18
192.9    9.491e-18
193.0    1.169e-17
193.1    9.964e-18
193.2    8.645e-18
193.3    8.239e-18
193.4    7.129e-18
193.5    6.064e-18
193.6    6.267e-18
193.7    6.350e-18
193.8    6.564e-18
193.9    5.888e-18
194.0    6.531e-18
194.1    7.201e-18
194.2    9.129e-18
194.3    8.124e-18
194.4    7.432e-18
194.5    1.074e-17
194.6    1.225e-17
194.7    9.678e-18
194.8    8.678e-18
194.9    7.580e-18
195.0    6.575e-18
195.1    6.415e-18
195.2    6.278e-18
195.3    5.883e-18
195.4    5.443e-18
195.5    5.394e-18
195.6    4.899e-18
195.7    8.711e-18
195.8    1.144e-17
195.9    1.517e-17
196.0    1.217e-17
196.1    1.079e-17
196.2    8.882e-18
196.3    7.701e-18
196.4    7.250e-18
196.5    6.761e-18
196.6    6.827e-18
196.7    6.838e-18
196.8    5.575e-18
196.9    5.289e-18
197.0    4.883e-18
197.1    4.828e-18
197.2    9.261e-18
197.3    9.826e-18
197.4    1.224e-17
197.5    1.218e-17
197.6    1.191e-17
197.7    1.068e-17
197.8    8.854e-18
197.9    8.261e-18
198.0    6.350e-18
198.1    5.147e-18
198.2    4.971e-18
198.3    4.691e-18
198.4    4.328e-18
198.5    3.741e-18
198.6    4.180e-18
198.7    7.712e-18
198.8    8.338e-18
198.9    1.252e-17
199.0    1.500e-17
199.1    1.094e-17
199.2    9.321e-18
199.3    7.591e-18
199.4    6.624e-18
199.5    5.976e-18
199.6    6.371e-18
199.7    6.234e-18
199.8    4.943e-18
199.9    4.416e-18
200.0    4.081e-18
200.1    3.708e-18
200.2    3.438e-18
200.3    4.081e-18
200.4    1.196e-17
200.5    1.437e-17
200.6    1.069e-17
200.7    1.036e-17
200.8    9.129e-18
200.9    8.673e-18
201.0    7.937e-18
201.1    6.157e-18
201.2    5.663e-18
201.3    5.207e-18
201.4    5.086e-18
201.5    4.812e-18
201.6    4.098e-18
201.7    4.180e-18
201.8    6.915e-18
201.9    8.739e-18
202.0    8.190e-18
202.1    1.201e-17
202.2    1.435e-17
202.3    1.034e-17
202.4    8.783e-18
202.5    7.201e-18
202.6    6.690e-18
202.7    6.075e-18
202.8    5.767e-18
202.9    4.735e-18
203.0    4.251e-18
203.1    3.438e-18
203.2    3.186e-18
203.3    2.680e-18
203.4    3.669e-18
203.5    1.365e-17
203.6    1.497e-17
203.7    1.073e-17
203.8    1.014e-17
203.9    7.508e-18
204.0    7.239e-18
204.1    6.058e-18
204.2    5.152e-18
204.3    4.515e-18
204.4    4.087e-18
204.5    3.817e-18
204.6    4.032e-18
204.7    3.653e-18
204.8    3.037e-18
204.9    4.614e-18
205.0    8.667e-18
205.1    9.782e-18
205.2    1.191e-17
205.3    1.250e-17
205.4    9.596e-18
205.5    7.360e-18
205.6    6.295e-18
205.7    5.498e-18
205.8    4.570e-18
205.9    4.636e-18
206.0    4.262e-18
206.1    3.515e-18
206.2    3.004e-18
206.3    2.812e-18
206.4    2.389e-18
206.5    2.549e-18
206.6    6.668e-18
206.7    1.121e-17
206.8    1.424e-17
206.9    9.810e-18
207.0    8.497e-18
207.1    7.245e-18
207.2    6.119e-18
207.3    5.251e-18
207.4    4.477e-18
207.5    3.686e-18
207.6    3.175e-18
207.7    2.560e-18
207.8    2.345e-18
207.9    2.186e-18
208.0    2.027e-18
208.1    1.604e-18
208.2    3.455e-18
208.3    1.025e-17
208.4    9.524e-18
208.5    8.722e-18
208.6    8.503e-18
208.7    7.349e-18
208.8    6.602e-18
208.9    5.152e-18
209.0    4.482e-18
209.1    3.746e-18
209.2    3.318e-18
209.3    2.994e-18
209.4    2.686e-18
209.5    2.104e-18
209.6    1.752e-18
209.7    1.670e-18
209.8    1.857e-18
209.9    6.245e-18
210.0    6.701e-18
210.1    7.931e-18
210.2    9.914e-18
210.3    7.975e-18
210.4    6.009e-18
210.5    5.163e-18
210.6    4.575e-18
210.7    3.697e-18
210.8    3.312e-18
210.9    2.933e-18
211.0    2.560e-18
211.1    1.846e-18
211.2    1.620e-18
211.3    1.362e-18
211.4    1.252e-18
211.5    1.335e-18
211.6    3.565e-18
211.7    8.810e-18
211.8    7.388e-18
211.9    6.102e-18
212.0    5.597e-18
212.1    5.009e-18
212.2    4.515e-18
212.3    3.598e-18
212.4    3.340e-18
212.5    3.208e-18
212.6    2.845e-18
212.7    2.208e-18
212.8    1.763e-18
212.9    1.313e-18
213.0    1.230e-18
213.1    1.033e-18
213.2    2.203e-18
213.3    4.729e-18
213.4    4.910e-18
213.5    6.042e-18
213.6    5.460e-18
213.7    4.625e-18
213.8    4.136e-18
213.9    3.268e-18
214.0    3.032e-18
214.1    3.142e-18
214.2    3.175e-18
214.3    2.527e-18
214.4    1.983e-18
214.5    1.527e-18
214.6    1.423e-18
214.7    1.351e-18
214.8    1.131e-18
214.9    1.022e-18
215.0    2.054e-18
215.1    4.422e-18
215.2    6.014e-18
215.3    4.647e-18
215.4    3.383e-18
215.5    2.675e-18
215.6    2.521e-18
215.7    2.433e-18
215.8    2.049e-18
215.9    1.681e-18
216.0    1.434e-18
216.1    1.005e-18
216.2    1.159e-18
216.3    1.214e-18
216.4    1.247e-18
216.5    1.082e-18
216.6    9.667e-19
216.7    1.406e-18
216.8    2.834e-18
216.9    4.136e-18
217.0    4.268e-18
217.1    4.043e-18
217.2    3.296e-18
217.3    2.735e-18
217.4    2.076e-18
217.5    1.467e-18
217.6    1.313e-18
217.7    1.252e-18
217.8    1.126e-18
217.9    8.898e-19
218.0    9.887e-19
218.1    9.777e-19
218.2    8.569e-19
218.3    6.426e-19
218.4    5.163e-19
218.5    8.129e-19
218.6    1.857e-18
218.7    3.296e-18
218.8    3.702e-18
218.9    2.867e-18
219.0    2.373e-18
219.1    1.478e-18
219.2    1.423e-18
219.3    1.362e-18
219.4    1.219e-18
219.5    8.129e-19
219.6    7.250e-19
219.7    8.514e-19
219.8    1.088e-18
219.9    9.667e-19
220.0    7.470e-19
220.1    5.712e-19
220.2    7.800e-19
220.3    9.942e-19
220.4    2.120e-18
220.5    2.911e-18
220.6    2.829e-18
220.7    2.065e-18
220.8    1.835e-18
220.9    1.521e-18
221.0    1.368e-18
221.1    1.307e-18
221.2    1.192e-18
221.3    1.038e-18
221.4    9.667e-19
221.5    7.635e-19
221.6    7.031e-19
221.7    5.987e-19
221.8    5.383e-19
221.9    4.504e-19
222.0    5.438e-19
222.1    5.383e-19
222.2    9.722e-19
222.3    1.318e-18
222.4    1.307e-18
222.5    1.203e-18
222.6    1.148e-18
222.7    1.099e-18
222.8    1.093e-18
222.9    1.016e-18
223.0    7.690e-19
223.1    7.690e-19
223.2    7.525e-19
223.3    5.822e-19
223.4    3.735e-19
223.5    2.691e-19
223.6    2.142e-19
223.7    1.868e-19
223.8    3.900e-19
223.9    4.394e-19
224.0    4.724e-19
224.1    7.800e-19
224.2    8.898e-19
224.3    9.722e-19
224.4    8.184e-19
224.5    7.635e-19
224.6    7.086e-19
224.7    6.536e-19
224.8    5.987e-19
224.9    5.493e-19
225.0    5.383e-19
225.1    4.339e-19
225.2    3.790e-19
225.3    3.186e-19
225.4    2.307e-19
225.5    3.405e-19
225.6    4.614e-19
225.7    6.591e-19
225.8    6.536e-19
225.9    6.042e-19
226.0    6.042e-19
226.1    5.987e-19
226.2    5.438e-19
226.3    4.888e-19
226.4    4.394e-19
226.5    4.339e-19
226.6    3.790e-19
226.7    3.296e-19
226.8    3.296e-19
226.9    3.296e-19
227.0    3.241e-19
227.1    2.746e-19
227.2    2.746e-19
227.3    2.691e-19
227.4    2.197e-19
227.5    2.636e-19
227.6    6.536e-19
227.7    5.822e-19
227.8    3.790e-19
227.9    3.241e-19
228.0    2.746e-19
228.1    2.691e-19
228.2    2.087e-19
228.3    1.631e-19
228.4    1.373e-19
228.5    1.155e-19
228.6    9.550e-20
228.7    9.773e-20
228.8    9.943e-20
228.9    1.041e-19
229.0    9.441e-20
229.1    7.329e-20
229.2    5.689e-20
229.3    4.416e-20
229.4    3.389e-20
229.5    3.468e-20
229.6    3.716e-20
229.7    5.464e-20
229.8    7.944e-20
229.9    1.357e-19
230.0    1.429e-19
230.1    1.296e-19
230.2    1.189e-19
230.3    1.047e-19
230.4    9.495e-20
230.5    8.561e-20
230.6    7.944e-20
230.7    7.162e-20
230.8    6.383e-20
230.9    5.923e-20
231.0    5.279e-20
231.1    4.926e-20
231.2    4.519e-20
231.3    3.913e-20
231.4    3.936e-20
231.5    5.371e-20
231.6    6.383e-20
231.7    7.499e-20
231.8    7.413e-20
231.9    6.532e-20
232.0    5.279e-20
232.1    4.193e-20
232.2    3.108e-20
232.3    3.090e-20
232.4    3.126e-20
232.5    4.624e-20
232.6    4.597e-20
232.7    4.193e-20
232.8    3.780e-20
232.9    3.408e-20
233.0    3.073e-20
233.1    2.770e-20
233.2    2.498e-20
233.3    2.265e-20
233.4    2.042e-20
233.5    1.841e-20
233.6    1.660e-20
233.7    1.558e-20
233.8    1.505e-20
233.9    1.479e-20
234.0    1.471e-20
234.1    1.471e-20
234.2    1.471e-20
234.3    1.488e-20
234.4    1.613e-20
234.5    1.748e-20
234.6    1.917e-20
234.7    2.101e-20
234.8    2.226e-20
234.9    2.291e-20
235.0    2.331e-20
235.1    2.344e-20
235.2    2.371e-20
235.3    2.371e-20
235.4    2.371e-20
235.5    2.344e-20
235.6    2.304e-20
235.7    2.265e-20
235.8    2.239e-20
235.9    2.213e-20
236.0    2.175e-20
236.1    2.138e-20
236.2    2.101e-20
236.3    2.065e-20
236.4    2.030e-20
236.5    1.973e-20
236.6    1.973e-20
236.7    1.939e-20
236.8    1.906e-20
236.9    1.884e-20
237.0    1.884e-20
237.1    1.917e-20
237.2    1.939e-20
237.3    1.984e-20
237.4    2.007e-20
237.5    2.030e-20
237.6    2.054e-20
237.7    2.065e-20
237.8    2.089e-20
237.9    2.101e-20
238.0    2.114e-20
238.1    2.126e-20
238.2    2.150e-20
238.3    2.175e-20
238.4    2.188e-20
238.5    2.200e-20
238.6    2.213e-20
238.7    2.252e-20
238.8    2.291e-20
238.9    2.331e-20
239.0    2.358e-20
239.1    2.385e-20
239.2    2.413e-20
239.3    2.441e-20
239.4    2.469e-20
239.5    2.498e-20
239.6    2.512e-20
239.7    2.526e-20
239.8    2.541e-20
239.9    2.571e-20
240.0    2.585e-20
240.1    2.600e-20
240.2    2.615e-20
240.3    2.615e-20
240.4    2.630e-20
240.5    2.630e-20
240.6    2.630e-20
240.7    2.646e-20
240.8    2.646e-20
240.9    2.646e-20
241.0    2.646e-20
241.1    2.646e-20
241.2    2.646e-20
241.3    2.646e-20
241.4    2.661e-20
241.5    2.661e-20
241.6    2.661e-20
241.7    2.661e-20
241.8    2.661e-20
241.9    2.661e-20
242.0    2.661e-20
242.1    2.661e-20
242.2    2.661e-20
242.3    2.661e-20
242.4    2.661e-20
242.5    2.661e-20
242.6    2.676e-20
242.7    2.739e-20
242.8    2.754e-20
242.9    2.786e-20
243.0    2.818e-20
243.1    2.851e-20
243.2    2.868e-20
243.3    2.918e-20
243.4    2.986e-20
243.5    3.038e-20
243.6    3.162e-20
243.7    3.292e-20
243.8    3.428e-20
243.9    3.569e-20
244.0    3.716e-20
244.1    3.868e-20
244.2    4.027e-20
244.3    4.217e-20
244.4    4.416e-20
244.5    4.597e-20
244.6    4.786e-20
244.7    5.099e-20
244.8    5.402e-20
244.9    5.624e-20
245.0    5.957e-20
245.1    6.274e-20
245.2    6.684e-20
245.3    6.999e-20
245.4    7.121e-20
245.5    7.162e-20
245.6    7.080e-20
245.7    6.959e-20
245.8    6.839e-20
245.9    6.722e-20
246.0    6.607e-20
246.1    6.457e-20
246.2    6.383e-20
246.3    6.238e-20
246.4    6.131e-20
246.5    6.026e-20
246.6    6.026e-20
246.7    6.061e-20
246.8    6.166e-20
246.9    6.202e-20
247.0    6.310e-20
247.1    6.383e-20
247.2    6.420e-20
247.3    6.494e-20
247.4    6.532e-20
247.5    6.607e-20
247.6    6.684e-20
247.7    6.722e-20
247.8    6.800e-20
247.9    6.879e-20
248.0    6.959e-20
248.1    7.039e-20
248.2    7.039e-20
248.3    7.121e-20
248.4    7.162e-20
248.5    7.162e-20
248.6    7.162e-20
248.7    7.203e-20
248.8    7.203e-20
248.9    7.245e-20
249.0    7.245e-20
249.1    7.286e-20
249.2    7.499e-20
249.3    7.674e-20
249.4    7.853e-20
249.5    8.036e-20
249.6    8.082e-20
249.7    8.463e-20
249.8    8.660e-20
249.9    8.913e-20
250.0    9.120e-20
250.1    9.333e-20
250.2    9.605e-20
250.3    1.000e-19
250.4    1.041e-19
250.5    1.078e-19
250.6    1.129e-19
250.7    1.175e-19
250.8    1.223e-19
250.9    1.281e-19
251.0    1.334e-19
251.1    1.388e-19
251.2    1.421e-19
251.3    1.413e-19
251.4    1.373e-19
251.5    1.349e-19
251.6    1.259e-19
251.7    1.216e-19
251.8    1.195e-19
251.9    1.175e-19
252.0    1.168e-19
252.1    1.161e-19
252.2    1.175e-19
252.3    1.195e-19
252.4    1.202e-19
252.5    1.216e-19
252.6    1.223e-19
252.7    1.230e-19
252.8    1.245e-19
252.9    1.274e-19
253.0    1.288e-19
253.1    1.326e-19
253.2    1.334e-19
253.3    1.349e-19
253.4    1.373e-19
253.5    1.404e-19
253.6    1.429e-19
253.7    1.454e-19
253.8    1.479e-19
253.9    1.505e-19
254.0    1.522e-19
254.1    1.567e-19
254.2    1.594e-19
254.3    1.622e-19
254.4    1.660e-19
254.5    1.708e-19
254.6    1.758e-19
254.7    1.799e-19
254.8    1.841e-19
254.9    1.895e-19
255.0    1.939e-19
255.1    1.995e-19
255.2    2.042e-19
255.3    2.101e-19
255.4    2.188e-19
255.5    2.278e-19
255.6    2.239e-19
255.7    2.150e-19
255.8    2.065e-19
255.9    1.928e-19
256.0    1.799e-19
256.1    1.698e-19
256.2    1.585e-19
256.3    1.549e-19
256.4    1.549e-19
256.5    1.622e-19
256.6    1.689e-19
256.7    1.758e-19
256.8    1.830e-19
256.9    1.884e-19
257.0    1.950e-19
257.1    2.042e-19
257.2    2.114e-19
257.3    2.188e-19
257.4    2.239e-19
257.5    2.304e-19
257.6    2.385e-19
257.7    2.399e-19
257.8    2.399e-19
257.9    2.399e-19
258.0    2.331e-19
258.1    2.278e-19
258.2    2.226e-19
258.3    2.163e-19
258.4    2.126e-19
258.5    2.114e-19
258.6    2.114e-19
258.7    2.150e-19
258.8    2.226e-19
258.9    2.291e-19
259.0    2.371e-19
259.1    2.441e-19
259.2    2.498e-19
259.3    2.541e-19
259.4    2.585e-19
259.5    2.630e-19
259.6    2.646e-19
259.7    2.661e-19
259.8    2.676e-19
259.9    2.692e-19
260.0    2.707e-19
260.1    2.707e-19
260.2    2.707e-19
260.3    2.723e-19
260.4    2.739e-19
260.5    2.754e-19
260.6    2.786e-19
260.7    2.868e-19
260.8    3.021e-19
260.9    2.906e-19
261.0    2.784e-19
261.1    2.914e-19
261.2    3.090e-19
261.3    3.354e-19
261.4    3.499e-19
261.5    3.419e-19
261.6    3.319e-19
261.7    3.174e-19
261.8    3.052e-19
261.9    3.090e-19
262.0    3.182e-19
262.1    3.281e-19
262.2    3.350e-19
262.3    3.273e-19
262.4    3.166e-19
262.5    3.101e-19
262.6    3.044e-19
262.7    3.124e-19
262.8    3.227e-19
262.9    3.205e-19
263.0    3.162e-19
263.1    3.155e-19
263.2    3.155e-19
263.3    3.155e-19
263.4    3.120e-19
263.5    3.029e-19
263.6    2.822e-19
263.7    2.876e-19
263.8    3.120e-19
263.9    3.292e-19
264.0    3.254e-19
264.1    3.170e-19
264.2    3.166e-19
264.3    3.380e-19
264.4    3.656e-19
264.5    3.759e-19
264.6    3.778e-19
264.7    4.038e-19
264.8    4.344e-19
264.9    4.470e-19
265.0    4.482e-19
265.1    4.222e-19
265.2    3.870e-19
265.3    3.816e-19
265.4    3.931e-19
265.5    4.183e-19
265.6    4.206e-19
265.7    3.946e-19
265.8    3.732e-19
265.9    3.591e-19
266.0    3.549e-19
266.1    3.717e-19
266.2    4.053e-19
266.3    4.436e-19
266.4    4.600e-19
266.5    4.596e-19
266.6    4.359e-19
266.7    4.103e-19
266.8    4.138e-19
266.9    4.574e-19
267.0    4.933e-19
267.1    5.044e-19
267.2    4.964e-19
267.3    4.528e-19
267.4    4.191e-19
267.5    4.084e-19
267.6    4.122e-19
267.7    4.306e-19
267.8    4.466e-19
267.9    4.375e-19
268.0    4.145e-19
268.1    4.008e-19
268.2    3.943e-19
268.3    4.092e-19
268.4    4.482e-19
268.5    4.849e-19
268.6    5.717e-19
268.7    6.203e-19
268.8    5.828e-19
268.9    4.986e-19
269.0    4.543e-19
269.1    4.581e-19
269.2    4.742e-19
269.3    4.979e-19
269.4    5.074e-19
269.5    4.941e-19
269.6    4.788e-19
269.7    4.627e-19
269.8    4.505e-19
269.9    4.589e-19
270.0    4.986e-19
270.1    5.614e-19
270.2    5.935e-19
270.3    5.965e-19
270.4    5.736e-19
270.5    5.445e-19
270.6    5.285e-19
270.7    5.147e-19
270.8    5.017e-19
270.9    4.948e-19
271.0    4.899e-19
271.1    4.887e-19
271.2    5.078e-19
271.3    5.545e-19
271.4    5.774e-19
271.5    5.763e-19
271.6    5.950e-19
271.7    6.264e-19
271.8    6.432e-19
271.9    6.417e-19
272.0    6.340e-19
272.1    6.218e-19
272.2    6.111e-19
272.3    6.126e-19
272.4    6.203e-19
272.5    6.268e-19
272.6    6.325e-19
272.7    6.359e-19
272.8    6.355e-19
272.9    6.336e-19
273.0    6.317e-19
273.1    6.333e-19
273.2    6.417e-19
273.3    6.944e-19
273.4    7.656e-19
273.5    7.916e-19
273.6    7.572e-19
273.7    7.170e-19
273.8    7.021e-19
273.9    6.975e-19
274.0    6.868e-19
274.1    6.417e-19
274.2    5.675e-19
274.3    5.331e-19
274.4    5.315e-19
274.5    5.384e-19
274.6    5.660e-19
274.7    6.134e-19
274.8    6.738e-19
274.9    7.044e-19
275.0    7.074e-19
275.1    7.074e-19
275.2    7.132e-19
275.3    7.262e-19
275.4    7.311e-19
275.5    7.201e-19
275.6    7.074e-19
275.7    7.025e-19
275.8    6.983e-19
275.9    6.845e-19
276.0    6.654e-19
276.1    6.440e-19
276.2    6.279e-19
276.3    6.222e-19
276.4    6.203e-19
276.5    6.424e-19
276.6    7.289e-19
276.7    7.820e-19
276.8    7.732e-19
276.9    7.327e-19
277.0    6.883e-19
277.1    7.006e-19
277.2    7.464e-19
277.3    7.923e-19
277.4    7.923e-19
277.5    7.526e-19
277.6    7.181e-19
277.7    6.868e-19
277.8    7.419e-19
277.9    7.889e-19
278.0    8.069e-19
278.1    8.424e-19
278.2    8.482e-19
278.3    8.149e-19
278.4    7.709e-19
278.5    7.269e-19
278.6    6.830e-19
278.7    6.596e-19
278.8    6.363e-19
278.9    6.531e-19
279.0    7.510e-19
279.1    8.684e-19
279.2    9.086e-19
279.3    8.593e-19
279.4    7.809e-19
279.5    7.082e-19
279.6    6.440e-19
279.7    6.654e-19
279.8    7.832e-19
279.9    9.124e-19
280.0    9.587e-19
280.1    9.476e-19
280.2    8.719e-19
280.3    8.168e-19
280.4    8.061e-19
280.5    7.893e-19
280.6    7.572e-19
280.7    7.327e-19
280.8    7.231e-19
280.9    7.231e-19
281.0    7.304e-19
281.1    8.168e-19
281.2    9.315e-19
281.3    9.885e-19
281.4    1.001e-18
281.5    9.939e-19
281.6    9.782e-19
281.7    9.506e-19
281.8    9.139e-19
281.9    8.768e-19
282.0    8.405e-19
282.1    8.042e-19
282.2    7.679e-19
282.3    7.361e-19
282.4    7.224e-19
282.5    7.197e-19
282.6    7.178e-19
282.7    6.998e-19
282.8    6.665e-19
282.9    6.738e-19
283.0    9.109e-19
283.1    1.043e-18
283.2    1.000e-18
283.3    9.606e-19
283.4    8.841e-19
283.5    8.390e-19
283.6    8.363e-19
283.7    8.344e-19
283.8    7.923e-19
283.9    7.602e-19
284.0    7.388e-19
284.1    7.449e-19
284.2    7.767e-19
284.3    7.897e-19
284.4    7.897e-19
284.5    8.046e-19
284.6    8.489e-19
284.7    8.719e-19
284.8    8.719e-19
284.9    9.740e-19
285.0    1.076e-18
285.1    1.052e-18
285.2    1.000e-18
285.3    9.797e-19
285.4    9.453e-19
285.5    9.231e-19
285.6    9.009e-19
285.7    8.642e-19
285.8    8.237e-19
285.9    7.747e-19
286.0    7.510e-19
286.1    7.380e-19
286.2    7.063e-19
286.3    6.845e-19
286.4    6.898e-19
286.5    7.304e-19
286.6    9.633e-19
286.7    1.075e-18
286.8    1.037e-18
286.9    1.016e-18
287.0    9.820e-19
287.1    9.614e-19
287.2    9.587e-19
287.3    9.568e-19
287.4    9.250e-19
287.5    8.734e-19
287.6    8.516e-19
287.7    8.497e-19
287.8    8.478e-19
287.9    8.126e-19
288.0    7.839e-19
288.1    7.732e-19
288.2    7.365e-19
288.3    7.036e-19
288.4    7.074e-19
288.5    7.770e-19
288.6    9.193e-19
288.7    1.065e-18
288.8    1.082e-18
288.9    1.025e-18
289.0    9.652e-19
289.1    9.040e-19
289.2    8.566e-19
289.3    8.046e-19
289.4    7.331e-19
289.5    6.960e-19
289.6    6.979e-19
289.7    7.166e-19
289.8    7.472e-19
289.9    7.633e-19
290.0    8.371e-19
290.1    8.772e-19
290.2    8.466e-19
290.3    8.229e-19
290.4    8.183e-19
290.5    9.124e-19
290.6    1.038e-18
290.7    1.017e-18
290.8    9.132e-19
290.9    8.535e-19
291.0    8.160e-19
291.1    7.809e-19
291.2    7.434e-19
291.3    7.243e-19
291.4    7.204e-19
291.5    6.547e-19
291.6    6.004e-19
291.7    6.042e-19
291.8    7.013e-19
291.9    7.633e-19
292.0    8.428e-19
292.1    9.315e-19
292.2    9.870e-19
292.3    9.950e-19
292.4    9.545e-19
292.5    9.319e-19
292.6    9.002e-19
292.7    8.772e-19
292.8    8.734e-19
292.9    8.455e-19
293.0    7.809e-19
293.1    6.898e-19
293.2    6.271e-19
293.3    5.797e-19
293.4    5.526e-19
293.5    5.545e-19
293.6    6.145e-19
293.7    8.378e-19
293.8    9.583e-19
293.9    9.514e-19
294.0    9.403e-19
294.1    9.728e-19
294.2    9.832e-19
294.3    9.331e-19
294.4    8.673e-19
294.5    8.321e-19
294.6    7.663e-19
294.7    6.761e-19
294.8    6.034e-19
294.9    5.751e-19
295.0    5.713e-19
295.1    5.319e-19
295.2    4.872e-19
295.3    4.604e-19
295.4    4.661e-19
295.5    5.231e-19
295.6    5.568e-19
295.7    6.203e-19
295.8    7.212e-19
295.9    8.218e-19
296.0    9.254e-19
296.1    1.018e-18
296.2    1.084e-18
296.3    1.062e-18
296.4    9.246e-19
296.5    7.656e-19
296.6    7.063e-19
296.7    7.044e-19
296.8    6.153e-19
296.9    5.266e-19
297.0    5.055e-19
297.1    4.325e-19
297.2    3.832e-19
297.3    3.835e-19
297.4    3.992e-19
297.5    4.964e-19
297.6    6.233e-19
297.7    7.380e-19
297.8    8.493e-19
297.9    9.537e-19
298.0    1.013e-18
298.1    9.698e-19
298.2    8.849e-19
298.3    8.505e-19
298.4    8.466e-19
298.5    8.313e-19
298.6    7.992e-19
298.7    7.587e-19
298.8    6.684e-19
298.9    6.160e-19
299.0    5.552e-19
299.1    4.772e-19
299.2    4.053e-19
299.3    3.449e-19
299.4    3.147e-19
299.5    3.078e-19
299.6    3.526e-19
299.7    4.489e-19
299.8    7.939e-19
299.9    1.081e-18
300.0    1.143e-18
300.1    1.114e-18
300.2    9.763e-19
300.3    8.627e-19
300.4    7.545e-19
300.5    6.501e-19
300.6    5.525e-19
300.7    4.826e-19
300.8    4.345e-19
300.9    4.017e-19
301.0    3.625e-19
301.1    3.249e-19
301.2    2.774e-19
301.3    2.556e-19
301.4    2.339e-19
301.5    2.298e-19
301.6    2.483e-19
301.7    3.237e-19
301.8    4.160e-19
301.9    5.793e-19
302.0    7.980e-19
302.1    9.049e-19
302.2    8.972e-19
302.3    8.266e-19
302.4    7.461e-19
302.5    6.353e-19
302.6    5.322e-19
302.7    4.554e-19
302.8    4.066e-19
302.9    3.664e-19
303.0    3.170e-19
303.1    2.853e-19
303.2    2.580e-19
303.3    2.396e-19
303.4    2.319e-19
303.5    2.303e-19
303.6    2.305e-19
303.7    2.439e-19
303.8    2.751e-19
303.9    3.400e-19
304.0    4.623e-19
304.1    6.663e-19
304.2    8.298e-19
304.3    7.373e-19
304.4    6.664e-19
304.5    6.039e-19
304.6    5.283e-19
304.7    4.411e-19
304.8    3.709e-19
304.9    3.188e-19
305.0    2.923e-19
305.1    2.520e-19
305.2    2.282e-19
305.3    2.058e-19
305.4    1.827e-19
305.5    1.677e-19
305.6    1.733e-19
305.7    1.890e-19
305.8    2.095e-19
305.9    2.513e-19
306.0    3.190e-19
306.1    3.854e-19
306.2    4.679e-19
306.3    5.458e-19
306.4    6.287e-19
306.5    6.766e-19
306.6    6.388e-19
306.7    5.256e-19
306.8    4.304e-19
306.9    3.632e-19
307.0    3.284e-19
307.1    2.954e-19
307.2    2.723e-19
307.3    2.418e-19
307.4    2.107e-19
307.5    1.940e-19
307.6    1.859e-19
307.7    1.873e-19
307.8    1.928e-19
307.9    1.872e-19
308.0    1.884e-19
308.1    2.206e-19
308.2    2.649e-19
308.3    2.646e-19
308.4    3.229e-19
308.5    4.287e-19
308.6    5.244e-19
308.7    5.213e-19
308.8    4.505e-19
308.9    3.836e-19
309.0    3.240e-19
309.1    2.718e-19
309.2    2.371e-19
309.3    2.130e-19
309.4    1.925e-19
309.5    1.787e-19
309.6    1.800e-19
309.7    1.870e-19
309.8    1.894e-19
309.9    1.837e-19
310.0    1.772e-19
310.1    1.957e-19
310.2    2.093e-19
310.3    2.073e-19
310.4    2.096e-19
310.5    2.622e-19
310.6    3.243e-19
310.7    3.672e-19
310.8    3.451e-19
310.9    2.944e-19
311.0    2.707e-19
311.1    2.609e-19
311.2    2.372e-19
311.3    2.186e-19
311.4    1.884e-19
311.5    1.616e-19
311.6    1.399e-19
311.7    1.273e-19
311.8    1.222e-19
311.9    1.249e-19
312.0    1.371e-19
312.1    1.393e-19
312.2    1.357e-19
312.3    1.301e-19
312.4    1.314e-19
312.5    1.410e-19
312.6    1.561e-19
312.7    1.540e-19
312.8    1.688e-19
312.9    2.039e-19
313.0    2.361e-19
313.1    2.608e-19
313.2    2.418e-19
313.3    2.188e-19
313.4    1.883e-19
313.5    1.574e-19
313.6    1.317e-19
313.7    1.148e-19
313.8    1.198e-19
313.9    1.183e-19
314.0    1.013e-19
314.1    9.188e-20
314.2    8.450e-20
314.3    8.055e-20
314.4    8.720e-20
314.5    9.826e-20
314.6    1.118e-19
314.7    1.106e-19
314.8    1.182e-19
314.9    1.171e-19
315.0    1.093e-19
315.1    1.130e-19
315.2    1.344e-19
315.3    1.485e-19
315.4    1.351e-19
315.5    1.272e-19
315.6    1.273e-19
315.7    1.368e-19
315.8    1.389e-19
315.9    1.168e-19
316.0    1.010e-19
316.1    8.806e-20
316.2    8.143e-20
316.3    7.674e-20
316.4    7.622e-20
316.5    7.626e-20
316.6    8.440e-20
316.7    9.514e-20
316.8    9.384e-20
316.9    9.231e-20
317.0    9.308e-20
317.1    9.422e-20
317.2    1.015e-19
317.3    1.022e-19
317.4    9.084e-20
317.5    8.443e-20
317.6    7.969e-20
317.7    8.158e-20
317.8    8.171e-20
317.9    8.186e-20
318.0    8.642e-20
318.1    1.003e-19
318.2    9.486e-20
318.3    8.203e-20
318.4    7.678e-20
318.5    6.866e-20
318.6    6.013e-20
318.7    5.416e-20
318.8    4.572e-20
318.9    4.099e-20
319.0    4.362e-20
319.1    4.593e-20
319.2    4.642e-20
319.3    4.699e-20
319.4    5.274e-20
319.5    5.805e-20
319.6    6.557e-20
319.7    6.479e-20
319.8    6.133e-20
319.9    6.389e-20
320.0    5.484e-20
320.1    5.166e-20
320.2    4.513e-20
320.3    4.126e-20
320.4    3.923e-20
320.5    3.819e-20
320.6    3.738e-20
320.7    3.612e-20
320.8    3.837e-20
320.9    3.992e-20
321.0    4.442e-20
321.1    4.702e-20
321.2    4.546e-20
321.3    4.148e-20
321.4    3.623e-20
321.5    3.323e-20
321.6    2.850e-20
321.7    2.458e-20
321.8    2.308e-20
321.9    2.354e-20
322.0    2.487e-20
322.1    2.631e-20
322.2    2.781e-20
322.3    2.862e-20
322.4    2.792e-20
322.5    2.735e-20
322.6    2.856e-20
322.7    3.115e-20
322.8    3.260e-20
322.9    3.058e-20
323.0    2.504e-20
323.1    1.967e-20
323.2    1.650e-20
323.3    1.431e-20
323.4    1.240e-20
323.5    1.137e-20
323.6    1.090e-20
323.7    1.113e-20
323.8    1.217e-20
323.9    1.327e-20
324.0    1.454e-20
324.1    1.581e-20
324.2    1.667e-20
324.3    1.708e-20
324.4    1.685e-20
324.5    1.569e-20
324.6    1.425e-20
324.7    1.281e-20
324.8    1.154e-20
324.9    1.137e-20
325.0    1.188e-20
325.1    1.235e-20
325.2    1.269e-20
325.3    1.160e-20
325.4    1.062e-20
325.5    1.004e-20
325.6    9.577e-21
325.7    9.692e-21
325.8    1.004e-20
325.9    1.033e-20
326.0    9.808e-21
326.1    8.885e-21
326.2    7.904e-21
326.3    7.038e-21
326.4    6.288e-21
326.5    5.769e-21
326.6    5.481e-21
326.7    5.135e-21
326.8    5.250e-21
326.9    5.538e-21
327.0    5.885e-21
327.1    6.288e-21
327.2    6.808e-21
327.3    7.096e-21
327.4    7.096e-21
327.5    6.981e-21
327.6    6.519e-21
327.7    5.827e-21
327.8    5.192e-21
327.9    4.500e-21
328.0    4.212e-21
328.1    4.038e-21
328.2    4.269e-21
328.3    4.327e-21
328.4    4.212e-21
328.5    4.038e-21
328.6    3.865e-21
328.7    3.635e-21
328.8    3.115e-21
328.9    3.231e-21
329.0    3.750e-21
329.1    4.057e-21
329.2    4.312e-21
329.3    4.332e-21
329.4    3.910e-21
329.5    3.303e-21
329.6    2.832e-21
329.7    2.519e-21
329.8    2.244e-21
329.9    2.097e-21
330.0    2.176e-21
330.1    2.421e-21
330.2    2.430e-21
330.3    2.205e-21
330.4    2.225e-21
330.5    2.430e-21
330.6    2.626e-21
330.7    2.783e-21
330.8    2.597e-21
330.9    1.833e-21
331.0    1.617e-21
331.1    1.499e-21
331.2    1.504e-21
331.3    1.548e-21
331.4    1.509e-21
331.5    1.450e-21
331.6    1.382e-21
331.7    1.308e-21
331.8    1.254e-21
331.9    1.230e-21
332.0    1.254e-21
332.1    1.294e-21
332.2    1.328e-21
332.3    1.362e-21
332.4    1.431e-21
332.5    1.529e-21
332.6    1.627e-21
332.7    1.749e-21
332.8    1.862e-21
332.9    1.705e-21
333.0    1.392e-21
333.1    1.098e-21
333.2    9.604e-22
333.3    9.800e-22
333.4    1.014e-21
333.5    9.898e-22
333.6    9.555e-22
333.7    8.967e-22
333.8    8.624e-22
333.9    8.918e-22
334.0    9.408e-22
334.1    9.800e-22
334.2    1.009e-21
334.3    9.702e-22
334.4    9.212e-22
334.5    9.065e-22
334.6    8.869e-22
334.7    8.722e-22
334.8    8.575e-22
334.9    8.428e-22
335.0    8.330e-22
335.1    8.232e-22
335.2    8.183e-22
335.3    8.183e-22
335.4    8.085e-22
335.5    8.036e-22
335.6    8.134e-22
335.7    8.232e-22
335.8    8.281e-22
335.9    8.281e-22
336.0    8.281e-22
336.1    8.428e-22
336.2    8.575e-22
336.3    8.673e-22
336.4    8.379e-22
336.5    8.330e-22
336.6    8.183e-22
336.7    8.085e-22
336.8    8.036e-22
336.9    8.036e-22
337.0    8.036e-22
337.1    8.036e-22
337.2    7.938e-22
337.3    7.840e-22
337.4    7.840e-22
337.5    7.938e-22
337.6    8.134e-22
337.7    8.281e-22
337.8    8.526e-22
337.9    8.477e-22
338.0    8.183e-22
338.1    7.840e-22
338.2    7.525e-22
338.3    7.300e-22
338.4    7.110e-22
338.5    6.900e-22
338.6    6.755e-22
338.7    6.610e-22
338.8    6.525e-22
338.9    6.075e-22
339.0    4.500e-22
339.1    3.425e-22
339.2    2.895e-22
339.3    2.480e-22
339.4    2.250e-22
339.5    2.132e-22
339.6    2.096e-22
339.7    2.079e-22
339.8    2.070e-22
339.9    2.068e-22
340.0    2.086e-22
340.1    2.137e-22
340.2    2.131e-22
340.3    2.102e-22
340.4    2.064e-22
340.5    2.023e-22
340.6    1.969e-22
340.7    1.900e-22
340.8    1.813e-22
340.9    1.716e-22
341.0    1.621e-22
341.1    1.544e-22
341.2    1.468e-22
341.3    1.404e-22
341.4    1.356e-22
341.5    1.314e-22
341.6    1.281e-22
341.7    1.256e-22
341.8    1.237e-22
341.9    1.228e-22
342.0    1.238e-22
342.1    1.272e-22
342.2    1.318e-22
342.3    1.373e-22
342.4    1.417e-22
342.5    1.416e-22
342.6    1.409e-22
342.7    1.391e-22
342.8    1.343e-22
342.9    1.276e-22
343.0    1.225e-22
343.1    1.203e-22
343.2    1.164e-22
343.3    1.121e-22
343.4    1.083e-22
343.5    1.051e-22
343.6    1.058e-22
343.7    1.077e-22
343.8    1.103e-22
343.9    1.138e-22
344.0    1.184e-22
344.1    1.239e-22
344.2    1.299e-22
344.3    1.350e-22
344.4    1.386e-22
344.5    1.411e-22
344.6    1.421e-22
344.7    1.431e-22
344.8    1.426e-22
344.9    1.401e-22
345.0    1.358e-22
345.1    1.283e-22
345.2    1.228e-22
345.3    1.172e-22
345.4    1.114e-22
345.5    1.079e-22
345.6    1.014e-22
345.7    9.656e-23
345.8    9.331e-23
345.9    9.132e-23
346.0    9.012e-23
346.1    8.889e-23
346.2    8.784e-23
346.3    8.733e-23
346.4    8.838e-23
346.5    9.272e-23
346.6    9.597e-23
346.7    1.026e-22
346.8    1.093e-22
346.9    1.161e-22
347.0    1.269e-22
347.1    1.331e-22
347.2    1.375e-22
347.3    1.418e-22
347.4    1.458e-22
347.5    1.481e-22
347.6    1.572e-22
347.7    1.549e-22
347.8    1.488e-22
347.9    1.426e-22
348.0    1.364e-22
348.1    1.317e-22
348.2    1.247e-22
348.3    1.169e-22
348.4    1.097e-22
348.5    1.041e-22
348.6    9.852e-23
348.7    9.174e-23
348.8    8.231e-23
348.9    7.551e-23
349.0    8.348e-23
349.1    9.086e-23
349.2    9.811e-23
349.3    1.052e-22
349.4    1.122e-22
349.5    1.192e-22
349.6    1.232e-22
349.7    1.284e-22
349.8    1.329e-22
349.9    1.361e-22
350.0    1.382e-22
350.1    1.368e-22
350.2    1.326e-22
350.3    1.278e-22
350.4    1.231e-22
350.5    1.179e-22
350.6    1.134e-22
350.7    1.095e-22
350.8    1.062e-22
350.9    1.032e-22
351.0    1.002e-22
351.1    9.949e-23
351.2    9.880e-23
351.3    9.774e-23
351.4    9.611e-23
351.5    9.390e-23
351.6    9.171e-23
351.7    8.955e-23
351.8    8.703e-23
351.9    8.319e-23
352.0    7.657e-23
352.1    6.762e-23
352.2    6.213e-23
352.3    5.517e-23
352.4    4.101e-23
352.5    1.319e-23
352.6    2.722e-23
352.7    3.673e-23
352.8    4.819e-23
352.9    6.046e-23
353.0    6.480e-23
353.1    6.502e-23
353.2    7.679e-23
353.3    9.009e-23
353.4    1.038e-22
353.5    1.197e-22
353.6    1.327e-22
353.7    1.691e-22
353.8    2.006e-22
353.9    2.110e-22
354.0    1.958e-22
354.1    1.760e-22
354.2    1.608e-22
354.3    1.452e-22
354.4    1.301e-22
354.5    1.220e-22
354.6    1.140e-22
354.7    1.053e-22
354.8    9.703e-23
354.9    8.960e-23
355.0    8.275e-23
355.1    7.743e-23
355.2    7.289e-23
355.3    6.869e-23
355.4    6.467e-23
355.5    6.088e-23
355.6    5.760e-23
355.7    5.582e-23
355.8    5.434e-23
355.9    5.282e-23
356.0    5.182e-23
356.1    5.105e-23
356.2    5.052e-23
356.3    5.009e-23
356.4    4.969e-23
356.5    4.929e-23
356.6    4.877e-23
356.7    4.837e-23
356.8    4.794e-23
356.9    4.776e-23
357.0    4.853e-23
357.1    4.929e-23
357.2    5.061e-23
357.3    5.327e-23
357.4    5.708e-23
357.5    6.088e-23
357.6    6.773e-23
357.7    7.401e-23
357.8    8.086e-23
357.9    8.847e-23
358.0    9.606e-23
358.1    1.021e-22
358.2    1.117e-22
358.3    1.207e-22
358.4    1.286e-22
358.5    1.384e-22
358.6    1.609e-22
358.7    1.756e-22
358.8    1.840e-22
358.9    1.876e-22
359.0    1.883e-22
359.1    1.899e-22
359.2    1.857e-22
359.3    1.792e-22
359.4    1.724e-22
359.5    1.659e-22
359.6    1.587e-22
359.7    1.543e-22
359.8    1.524e-22
359.9    1.528e-22
360.0    1.551e-22
360.1    1.733e-22
360.2    1.825e-22
360.3    1.901e-22
360.4    1.946e-22
360.5    1.855e-22
360.6    1.672e-22
360.7    1.518e-22
360.8    1.313e-22
360.9    1.084e-22
361.0    9.701e-23
361.1    9.016e-23
361.2    8.446e-23
361.3    7.990e-23
361.4    7.629e-23
361.5    7.323e-23
361.6    7.020e-23
361.7    6.944e-23
361.8    7.021e-23
361.9    7.248e-23
362.0    7.698e-23
362.1    8.154e-23
362.2    8.667e-23
362.3    9.275e-23
362.4    9.923e-23
362.5    1.045e-22
362.6    1.129e-22
362.7    1.247e-22
362.8    1.361e-22
362.9    1.458e-22
363.0    1.549e-22
363.1    1.656e-22
363.2    1.728e-22
363.3    1.804e-22
363.4    1.887e-22
363.5    1.948e-22
363.6    2.009e-22
363.7    2.058e-22
363.8    2.142e-22
363.9    2.231e-22
364.0    2.224e-22
364.1    2.224e-22
364.2    2.213e-22
364.3    2.156e-22
364.4    2.022e-22
364.5    1.787e-22
364.6    1.626e-22
364.7    1.494e-22
364.8    1.369e-22
364.9    1.251e-22
365.0    1.168e-22
365.1    1.115e-22
365.2    1.069e-22
365.3    1.023e-22
365.4    9.854e-23
365.5    9.778e-23
365.6    1.008e-22
365.7    1.050e-22
365.8    1.118e-22
365.9    1.207e-22
366.0    1.291e-22
366.1    1.329e-22
366.2    1.338e-22
366.3    1.335e-22
366.4    1.277e-22
366.5    1.063e-22
366.6    9.805e-23
366.7    9.002e-23
366.8    8.238e-23
366.9    7.559e-23
367.0    7.036e-23
367.1    6.571e-23
367.2    6.035e-23
367.3    5.579e-23
367.4    5.259e-23
367.5    5.032e-23
367.6    4.879e-23
367.7    4.784e-23
367.8    4.707e-23
367.9    4.669e-23
368.0    4.746e-23
368.1    4.926e-23
368.2    5.150e-23
368.3    5.399e-23
368.4    5.670e-23
368.5    5.973e-23
368.6    6.352e-23
368.7    6.732e-23
368.8    7.149e-23
368.9    7.700e-23
369.0    8.535e-23
369.1    9.141e-23
369.2    1.015e-22
369.3    1.121e-22
369.4    1.235e-22
369.5    1.394e-22
369.6    1.500e-22
369.7    1.903e-22
369.8    2.251e-22
369.9    2.464e-22
370.0    2.722e-22
370.1    3.086e-22
370.2    3.240e-22
370.3    3.437e-22
370.4    3.598e-22
370.5    3.310e-22
370.6    3.128e-22
370.7    2.923e-22
370.8    2.612e-22
370.9    2.202e-22
371.0    1.792e-22
371.1    1.504e-22
371.2    1.296e-22
371.3    1.140e-22
371.4    1.024e-22
371.5    9.484e-23
371.6    8.679e-23
371.7    7.757e-23
371.8    6.983e-23
371.9    6.439e-23
372.0    6.023e-23
372.1    5.793e-23
372.2    5.651e-23
372.3    5.556e-23
372.4    5.499e-23
372.5    5.499e-23
372.6    5.575e-23
372.7    5.656e-23
372.8    5.771e-23
372.9    5.919e-23
373.0    6.069e-23
373.1    6.252e-23
373.2    6.509e-23
373.3    6.719e-23
373.4    6.841e-23
373.5    6.918e-23
373.6    6.918e-23
373.7    6.918e-23
373.8    6.918e-23
373.9    6.936e-23
374.0    7.009e-23
374.1    7.315e-23
374.2    7.901e-23
374.3    8.658e-23
374.4    9.493e-23
374.5    1.033e-22
374.6    1.177e-22
374.7    1.383e-22
374.8    1.607e-22
374.9    1.827e-22
375.0    2.046e-22
375.1    2.213e-22
375.2    2.329e-22
375.3    2.450e-22
375.4    2.609e-22
375.5    2.814e-22
375.6    2.745e-22
375.7    2.660e-22
375.8    2.509e-22
375.9    2.279e-22
376.0    1.999e-22
376.1    1.817e-22
376.2    1.584e-22
376.3    1.341e-22
376.4    1.137e-22
376.5    1.023e-22
376.6    9.171e-23
376.7    8.220e-23
376.8    7.500e-23
376.9    7.022e-23
377.0    6.692e-23
377.1    6.508e-23
377.2    6.394e-23
377.3    6.386e-23
377.4    6.481e-23
377.5    6.631e-23
377.6    6.934e-23
377.7    7.466e-23
377.8    8.111e-23
377.9    8.755e-23
378.0    9.285e-23
378.1    9.967e-23
378.2    1.053e-22
378.3    1.118e-22
378.4    1.175e-22
378.5    1.175e-22
378.6    1.167e-22
378.7    1.160e-22
378.8    1.065e-22
378.9    9.038e-23
379.0    8.053e-23
379.1    7.509e-23
379.2    6.928e-23
379.3    6.328e-23
379.4    5.760e-23
379.5    5.304e-23
379.6    4.836e-23
379.7    4.388e-23
379.8    4.015e-23
379.9    3.737e-23
380.0    3.541e-23
380.1    3.388e-23
380.2    3.272e-23
380.3    3.183e-23
380.4    3.109e-23
380.5    3.032e-23
380.6    2.956e-23
380.7    2.896e-23
380.8    2.853e-23
380.9    2.830e-23
381.0    2.830e-23
381.1    2.830e-23
381.2    2.841e-23
381.3    2.866e-23
381.4    2.900e-23
381.5    2.937e-23
381.6    2.995e-23
381.7    3.062e-23
381.8    3.146e-23
381.9    3.250e-23
382.0    3.369e-23
382.1    3.657e-23
382.2    3.946e-23
382.3    4.350e-23
382.4    4.851e-23
382.5    5.304e-23
382.6    6.216e-23
382.7    7.240e-23
382.8    8.641e-23
382.9    1.036e-22
383.0    1.203e-22
383.1    1.400e-22
383.2    1.529e-22
383.3    1.650e-22
383.4    1.773e-22
383.5    1.857e-22
383.6    1.971e-22
383.7    2.118e-22
383.8    2.255e-22
383.9    2.296e-22
384.0    2.122e-22
384.1    1.841e-22
384.2    1.561e-22
384.3    1.326e-22
384.4    1.150e-22
384.5    1.014e-22
384.6    9.379e-23
384.7    8.450e-23
384.8    7.604e-23
384.9    6.895e-23
385.0    6.176e-23
385.1    5.426e-23
385.2    4.711e-23
385.3    4.069e-23
385.4    3.524e-23
385.5    3.090e-23
385.6    2.851e-23
385.7    2.649e-23
385.8    2.492e-23
385.9    2.377e-23
386.0    2.294e-23
386.1    2.218e-23
386.2    2.146e-23
386.3    2.079e-23
386.4    2.016e-23
386.5    1.958e-23
386.6    1.909e-23
386.7    1.830e-23
386.8    1.748e-23
386.9    1.674e-23
387.0    1.610e-23
387.1    1.610e-23
387.2    1.667e-23
387.3    1.773e-23
387.4    1.912e-23
387.5    2.065e-23
387.6    2.304e-23
387.7    2.590e-23
387.8    2.945e-23
387.9    3.377e-23
388.0    3.885e-23
388.1    4.414e-23
388.2    4.946e-23
388.3    5.590e-23
388.4    6.327e-23
388.5    7.009e-23
388.6    7.921e-23
388.7    8.888e-23
388.8    9.905e-23
388.9    1.095e-22
389.0    1.197e-22
389.1    1.298e-22
389.2    1.399e-22
389.3    1.537e-22
389.4    1.671e-22
389.5    1.686e-22
389.6    1.671e-22
389.7    1.582e-22
389.8    1.396e-22
389.9    1.158e-22
390.0    9.759e-23
390.1    8.471e-23
390.2    7.353e-23
390.3    6.492e-23
390.4    5.829e-23
390.5    5.162e-23
390.6    4.465e-23
390.7    3.740e-23
390.8    3.122e-23
390.9    2.632e-23
391.0    2.180e-23
391.1    1.966e-23
391.2    1.788e-23
391.3    1.635e-23
391.4    1.503e-23
391.5    1.396e-23
391.6    1.319e-23
391.7    1.254e-23
391.8    1.193e-23
391.9    1.133e-23
392.0    1.078e-23
392.1    1.029e-23
392.2    9.759e-24
392.3    9.101e-24
392.4    8.145e-24
392.5    6.616e-24
392.6    5.881e-24
392.7    5.606e-24
392.8    5.484e-24
392.9    5.384e-24
393.0    5.354e-24
393.1    5.292e-24
393.2    5.208e-24
393.3    5.086e-24
393.4    4.933e-24
393.5    4.780e-24
393.6    4.627e-24
393.7    4.474e-24
393.8    4.352e-24
393.9    4.283e-24
394.0    4.283e-24
394.1    4.283e-24
394.2    4.283e-24
394.3    4.298e-24
394.4    4.336e-24
394.5    4.398e-24
394.6    4.581e-24
394.7    4.811e-24
394.8    5.040e-24
394.9    5.262e-24
395.0    5.507e-24
395.1    5.751e-24
395.2    5.996e-24
395.3    6.241e-24
395.4    6.486e-24
395.5    6.730e-24
395.6    6.944e-24
395.7    7.181e-24
395.8    7.426e-24
395.9    7.671e-24
396.0    7.916e-24
396.1    8.160e-24
396.2    8.405e-24
396.3    8.895e-24
396.4    9.636e-24
396.5    1.040e-23
396.6    1.267e-23
396.7    1.438e-23
396.8    1.627e-23
396.9    1.836e-23
397.0    1.988e-23
397.1    1.988e-23
397.2    1.954e-23
397.3    1.878e-23
397.4    1.771e-23
397.5    1.663e-23
397.6    1.535e-23
397.7    1.390e-23
397.8    1.244e-23
397.9    1.117e-23
398.0    1.040e-23
398.1    9.912e-24
398.2    9.606e-24
398.3    9.422e-24
398.4    9.300e-24
398.5    9.178e-24
398.6    9.025e-24
398.7    8.872e-24
398.8    8.734e-24
398.9    8.612e-24
399.0    8.489e-24
399.1    8.336e-24
399.2    8.206e-24
399.3    8.069e-24
399.4    7.931e-24
399.5    7.839e-24
399.6    7.747e-24
399.7    7.656e-24
399.8    7.564e-24
399.9    7.472e-24
400.0    7.380e-24
400.1    7.258e-24
400.2    7.159e-24
400.3    7.067e-24
400.4    6.975e-24
400.5    6.883e-24
400.6    6.791e-24
400.7    6.677e-24
400.8    6.554e-24
400.9    6.432e-24
401.0    6.310e-24
401.1    6.218e-24
401.2    6.103e-24
401.3    5.981e-24
401.4    5.858e-24
401.5    5.736e-24
401.6    5.644e-24
401.7    5.507e-24
401.8    5.369e-24
401.9    5.247e-24
402.0    5.124e-24
402.1    5.002e-24
402.2    4.879e-24
402.3    4.757e-24
402.4    4.635e-24
402.5    4.512e-24
402.6    4.390e-24
402.7    4.268e-24
402.8    4.145e-24
402.9    4.023e-24
403.0    3.900e-24
403.1    3.778e-24
403.2    3.656e-24
403.3    3.518e-24
403.4    3.373e-24
403.5    3.250e-24
403.6    3.097e-24
403.7    2.967e-24
