4.77    2.99e-18
4.79    3.02e-18
4.81    3.02e-18
4.82    3.02e-18
4.84    3.12e-18
4.86    3.09e-18
4.88    3.04e-18
4.90    3.09e-18
4.92    3.14e-18
4.94    3.18e-18
4.96    3.26e-18
4.97    3.14e-18
4.98    3.13e-18
4.99    3.15e-18
5.00    3.18e-18
5.01    3.13e-18
5.02    3.26e-18
5.03    3.18e-18
5.04    3.18e-18
5.05    3.23e-18
5.06    3.20e-18
5.07    3.26e-18
5.08    3.17e-18
5.09    3.25e-18
5.10    3.24e-18
5.11    3.31e-18
5.12    3.33e-18
5.13    3.31e-18
5.14    3.27e-18
5.16    3.26e-18
5.17    3.29e-18
5.18    3.35e-18
5.19    3.31e-18
5.20    3.35e-18
5.21    3.38e-18
5.22    3.36e-18
5.23    3.36e-18
5.24    3.40e-18
5.25    3.44e-18
5.26    3.45e-18
5.28    3.48e-18
5.29    3.52e-18
5.30    3.60e-18
5.31    3.71e-18
5.32    3.67e-18
5.33    3.52e-18
5.34    3.47e-18
5.36    3.50e-18
5.37    3.54e-18
5.38    3.56e-18
5.39    3.65e-18
5.40    3.78e-18
5.41    3.90e-18
5.43    3.84e-18
5.44    3.81e-18
5.45    3.71e-18
5.46    3.69e-18
5.47    3.63e-18
5.49    3.63e-18
5.50    3.59e-18
5.51    3.60e-18
5.52    3.59e-18
5.54    3.59e-18
5.55    3.59e-18
5.56    3.60e-18
5.57    3.62e-18
5.58    3.67e-18
5.60    3.61e-18
5.61    3.70e-18
5.62    3.65e-18
5.64    3.70e-18
5.65    3.62e-18
5.66    3.73e-18
5.67    3.67e-18
5.69    3.72e-18
5.70    3.73e-18
5.71    3.72e-18
5.73    3.72e-18
5.74    3.78e-18
5.75    3.80e-18
5.77    3.76e-18
5.79    3.79e-18
5.82    3.82e-18
5.85    3.87e-18
5.88    3.84e-18
5.90    3.86e-18
5.93    3.95e-18
5.96    4.01e-18
5.99    3.98e-18
6.02    4.04e-18
6.05    4.05e-18
6.08    4.19e-18
6.11    4.26e-18
6.14    4.30e-18
6.17    4.34e-18
6.20    4.39e-18
6.23    4.51e-18
6.26    4.58e-18
6.29    4.55e-18
6.33    4.60e-18
6.36    4.61e-18
6.39    4.48e-18
6.42    4.40e-18
6.46    4.35e-18
6.49    4.18e-18
6.53    4.16e-18
6.54    4.09e-18
6.56    4.06e-18
6.58    4.04e-18
6.59    4.04e-18
6.61    3.97e-18
6.63    3.95e-18
6.65    3.91e-18
6.67    3.87e-18
6.68    3.86e-18
6.70    3.86e-18
6.72    3.86e-18
6.74    3.83e-18
6.76    3.86e-18
6.78    3.91e-18
6.79    3.96e-18
6.81    3.98e-18
6.83    4.06e-18
6.85    4.14e-18
6.87    4.19e-18
6.89    4.31e-18
6.91    4.32e-18
6.93    4.32e-18
6.95    4.31e-18
6.97    4.24e-18
6.99    4.14e-18
7.00    3.90e-18
7.02    3.74e-18
7.04    3.45e-18
7.06    3.29e-18
7.08    3.07e-18
7.11    2.92e-18
7.13    2.84e-18
7.15    2.78e-18
7.17    2.67e-18
7.19    2.73e-18
7.21    2.74e-18
7.23    2.81e-18
7.25    3.19e-18
7.27    3.12e-18
7.29    3.08e-18
7.31    2.89e-18
7.34    2.52e-18
7.36    2.14e-18
7.38    1.60e-18
7.40    1.37e-18
7.42    1.36e-18
7.45    1.40e-18
7.47    1.44e-18
7.49    1.46e-18
7.51    1.46e-18
7.54    1.47e-18
7.56    1.45e-18
7.58    1.35e-18
7.61    1.37e-18
7.63    1.38e-18
7.65    1.38e-18
7.68    1.38e-18
7.70    1.42e-18
7.72    1.40e-18
7.75    1.42e-18
7.85    1.44e-18
7.95    1.51e-18
8.05    1.55e-18
8.16    1.60e-18
8.27    1.59e-18
8.38    1.71e-18
8.49    1.78e-18
8.61    1.81e-18
8.73    1.84e-18
8.86    1.94e-18
8.98    2.01e-18
9.12    2.05e-18
9.25    2.12e-18
9.39    2.18e-18
9.54    2.27e-18
9.69    2.35e-18
9.84    2.41e-18
10.00    2.56e-18
10.16    2.66e-18
10.33    2.73e-18
10.51    2.95e-18
10.69    3.03e-18
10.88    3.17e-18
11.07    3.35e-18
11.27    3.46e-18
11.37    3.57e-18
11.48    3.73e-18
11.59    3.68e-18
11.70    3.74e-18
11.81    3.89e-18
11.92    3.90e-18
12.04    4.03e-18
12.16    4.07e-18
12.28    4.13e-18
12.40    4.27e-18
12.52    4.20e-18
12.65    4.52e-18
12.78    4.47e-18
12.92    4.72e-18
13.05    4.73e-18
13.19    4.98e-18
13.33    5.22e-18
13.48    5.09e-18
13.62    5.09e-18
13.78    5.30e-18
13.93    5.39e-18
14.09    5.54e-18
14.25    5.69e-18
14.42    5.73e-18
14.59    5.92e-18
14.76    6.09e-18
14.94    6.16e-18
15.12    6.44e-18
15.31    6.51e-18
15.50    6.56e-18
15.69    6.84e-18
15.90    6.94e-18
16.10    7.23e-18
16.31    7.32e-18
16.53    7.56e-18
16.75    7.61e-18
16.98    7.84e-18
17.22    8.00e-18
17.46    8.26e-18
17.71    8.53e-18
17.97    8.80e-18
18.23    8.93e-18
18.51    9.02e-18
18.79    9.30e-18
19.07    9.68e-18
19.37    1.00e-17
19.68    1.03e-17
20.00    1.03e-17
20.33    1.08e-17
20.66    1.10e-17
21.01    1.12e-17
21.38    1.15e-17
21.75    1.19e-17
22.14    1.23e-17
22.54    1.25e-17
22.96    1.28e-17
23.39    1.29e-17
23.84    1.34e-17
24.31    1.34e-17
24.80    1.40e-17
25.30    1.42e-17
25.83    1.46e-17
26.38    1.48e-17
26.95    1.52e-17
27.55    1.55e-17
28.18    1.60e-17
28.83    1.63e-17
29.52    1.69e-17
30.24    1.74e-17
31.00    1.79e-17
31.39    1.82e-17
31.79    1.83e-17
32.20    1.87e-17
32.63    1.97e-17
33.06    2.02e-17
33.51    2.02e-17
33.97    2.10e-17
34.44    2.16e-17
34.93    2.20e-17
35.42    2.32e-17
35.94    2.38e-17
36.47    2.46e-17
37.01    2.46e-17
37.57    2.58e-17
38.15    2.61e-17
38.75    2.72e-17
39.36    2.78e-17
39.99    2.85e-17
40.65    2.97e-17
41.33    3.00e-17
42.03    3.11e-17
42.75    3.25e-17
43.50    3.31e-17
44.28    3.37e-17
45.09    3.51e-17
45.92    3.60e-17
46.79    3.70e-17
47.69    3.81e-17
48.62    3.91e-17
49.59    4.01e-17
50.61    4.16e-17
51.66    4.29e-17
52.76    4.51e-17
53.91    4.72e-17
55.10    4.87e-17
56.36    5.13e-17
57.67    5.42e-17
59.04    5.64e-17
60.48    5.89e-17
61.99    6.13e-17
63.58    6.32e-17
65.25    6.34e-17
67.02    6.40e-17
68.88    6.31e-17
70.85    6.01e-17
72.93    5.59e-17
75.14    5.35e-17
77.49    5.06e-17
79.99    4.75e-17
82.66    4.61e-17
85.51    4.34e-17
88.56    4.57e-17
91.84    5.15e-17
95.37    5.07e-17
99.19    4.05e-17
103.32    2.73e-17
107.81    2.20e-17
112.71    2.39e-17
118.08    2.65e-17
123.98    4.04e-17
130.51    3.33e-17
137.76    9.03e-18
145.86    4.46e-18
154.98    3.52e-18
165.31    1.91e-18
177.12    2.55e-18
190.75    4.84e-18
206.64    4.86e-18
225.43    1.62e-18
247.97    0.00
